event,start,end,duration
1,1460672922,1460672932,10
1,1460672957,1460672960,3
1,1460672968,1460672972,4
4,1460672989,1460673005,16
5,1460673000,1460673005,5
1,1460673039,1460673046,7
4,1460673077,1460673079,2
1,1460673081,1460673086,5
1,1460673095,1460673106,11
4,1460673096,1460673099,3
4,1460673100,1460673108,8
4,1460673110,1460673116,6
1,1460673114,1460673118,4
4,1460673116,1460673119,3
8,1460673118,1460673121,3
4,1460673121,1460673128,7
1,1460673122,1460673144,22
6,1460673131,1460673132,1
1,1460673160,1460673166,6
1,1460673170,1460673186,16
4,1460673197,1460673200,3
4,1460673200,1460673202,2
4,1460673202,1460673204,2
4,1460673204,1460673209,5
10,1460673205,1460673209,4
4,1460673209,1460673212,3
4,1460673213,1460673217,4
4,1460673217,1460673219,2
4,1460673220,1460673222,2
4,1460673222,1460673225,3
10,1460673223,1460673225,2
4,1460673227,1460673229,2
4,1460673229,1460673231,2
4,1460673231,1460673236,5
4,1460673237,1460673246,9
10,1460673244,1460673246,2
4,1460673246,1460673249,3
4,1460673251,1460673253,2
4,1460673254,1460673256,2
10,1460673254,1460673256,2
4,1460673256,1460673259,3
10,1460673256,1460673259,3
4,1460673260,1460673262,2
10,1460673260,1460673262,2
4,1460673262,1460673290,28
1,1460673265,1460673266,1
4,1460673290,1460673294,4
4,1460673294,1460673296,2
4,1460673296,1460673303,7
4,1460673305,1460673308,3
4,1460673308,1460673310,2
4,1460673310,1460673325,15
1,1460673314,1460673324,10
4,1460673326,1460673330,4
10,1460673327,1460673328,1
10,1460673328,1460673329,1
4,1460673330,1460673335,5
4,1460673335,1460673337,2
4,1460673337,1460673340,3
10,1460673338,1460673339,1
4,1460673341,1460673344,3
4,1460673345,1460673348,3
1,1460673347,1460673353,6
4,1460673349,1460673356,7
4,1460673357,1460673359,2
4,1460673360,1460673362,2
4,1460673362,1460673365,3
1,1460673367,1460673368,1
4,1460673369,1460673385,16
1,1460673378,1460673392,14
4,1460673386,1460673394,8
4,1460673395,1460673399,4
1,1460673399,1460673401,2
4,1460673399,1460673402,3
4,1460673402,1460673406,4
4,1460673406,1460673411,5
10,1460673410,1460673411,1
4,1460673411,1460673417,6
4,1460673419,1460673429,10
10,1460673421,1460673422,1
10,1460673422,1460673426,4
4,1460673429,1460673433,4
4,1460673433,1460673436,3
10,1460673435,1460673436,1
10,1460673436,1460673438,2
4,1460673438,1460673451,13
1,1460673441,1460673442,1
1,1460673446,1460673450,4
4,1460673451,1460673462,11
1,1460673453,1460673455,2
4,1460673462,1460673470,8
1,1460673466,1460673467,1
4,1460673470,1460673481,11
1,1460673472,1460673475,3
1,1460673478,1460673484,6
4,1460673481,1460673484,3
4,1460673485,1460673488,3
10,1460673486,1460673488,2
1,1460673487,1460673491,4
4,1460673489,1460673491,2
4,1460673492,1460673508,16
1,1460673495,1460673496,1
1,1460673501,1460673506,5
4,1460673508,1460673513,5
1,1460673510,1460673516,6
4,1460673513,1460673518,5
4,1460673518,1460673520,2
4,1460673520,1460673522,2
4,1460673522,1460673524,2
4,1460673524,1460673529,5
10,1460673525,1460673526,1
1,1460673526,1460673533,7
4,1460673533,1460673537,4
1,1460673537,1460673541,4
4,1460673543,1460673545,2
10,1460673544,1460673545,1
4,1460673545,1460673548,3
4,1460673550,1460673552,2
4,1460673552,1460673554,2
4,1460673554,1460673559,5
4,1460673559,1460673562,3
4,1460673562,1460673567,5
4,1460673567,1460673569,2
4,1460673570,1460673578,8
1,1460673573,1460673582,9
4,1460673578,1460673580,2
8,1460673580,1460673585,5
4,1460673582,1460673585,3
4,1460673594,1460673615,21
1,1460673595,1460673614,19
4,1460673617,1460673619,2
10,1460673617,1460673619,2
4,1460673619,1460673622,3
4,1460673622,1460673625,3
4,1460673625,1460673627,2
4,1460673627,1460673630,3
4,1460673630,1460673632,2
4,1460673632,1460673634,2
4,1460673634,1460673637,3
4,1460673637,1460673643,6
1,1460673640,1460673643,3
4,1460673644,1460673646,2
4,1460673647,1460673649,2
1,1460673651,1460673656,5
4,1460673653,1460673656,3
4,1460673656,1460673658,2
8,1460673658,1460673673,15
4,1460673660,1460673666,6
4,1460673666,1460673669,3
4,1460673670,1460673673,3
1,1460673679,1460673698,19
4,1460673682,1460673686,4
1,1460673701,1460673718,17
4,1460673715,1460673717,2
8,1460673716,1460673718,2
4,1460673718,1460673722,4
4,1460673722,1460673736,14
1,1460673733,1460673738,5
4,1460673736,1460673739,3
8,1460673738,1460673740,2
4,1460673740,1460673743,3
4,1460673744,1460673749,5
4,1460673749,1460673765,16
1,1460673750,1460673772,22
11,1460673750,1460673757,7
11,1460673757,1460673759,2
11,1460673762,1460673764,2
11,1460673765,1460673766,1
11,1460673767,1460673768,1
11,1460673768,1460673804,36
1,1460673784,1460673787,3
1,1460673801,1460673830,29
5,1460673803,1460673804,1
4,1460673805,1460673812,7
4,1460673828,1460673831,3
4,1460673833,1460673836,3
1,1460673833,1460673835,2
4,1460673836,1460673839,3
4,1460673839,1460673842,3
10,1460673841,1460673842,1
4,1460673842,1460673879,37
10,1460673842,1460673845,3
1,1460673843,1460673855,12
1,1460673858,1460673859,1
1,1460673869,1460673880,11
1,1460673885,1460673887,2
1,1460673890,1460673900,10
4,1460673893,1460673896,3
1,1460673905,1460673916,11
4,1460673917,1460673922,5
4,1460673922,1460673933,11
1,1460673922,1460673943,21
4,1460673938,1460673943,5
4,1460673943,1460673960,17
1,1460673950,1460673957,7
1,1460673962,1460673976,14
4,1460673978,1460673981,3
8,1460673980,1460673989,9
4,1460673982,1460673985,3
4,1460673986,1460673989,3
4,1460673989,1460674002,13
1,1460673990,1460674027,37
1,1460674039,1460674043,4
4,1460674043,1460674045,2
1,1460674047,1460674049,2
4,1460674049,1460674051,2
4,1460674052,1460674054,2
1,1460674054,1460674059,5
4,1460674056,1460674093,37
1,1460674065,1460674102,37
4,1460674094,1460674097,3
4,1460674104,1460674106,2
8,1460674106,1460674122,16
4,1460674108,1460674114,6
1,1460674114,1460674117,3
4,1460674114,1460674118,4
4,1460674118,1460674121,3
4,1460674127,1460674134,7
1,1460674137,1460674148,11
4,1460674143,1460674150,7
1,1460674154,1460674161,7
1,1460674170,1460674175,5
1,1460674244,1460674270,26
1,1460674281,1460674294,13
4,1460674300,1460674425,125
1,1460674306,1460674330,24
1,1460674336,1460674343,7
1,1460674350,1460674360,10
1,1460674365,1460674369,4
5,1460674369,1460674377,8
1,1460674377,1460674403,26
5,1460674403,1460674410,7
1,1460674414,1460674420,6
1,1460674424,1460674437,13
4,1460674425,1460674444,19
4,1460674444,1460674456,12
1,1460674451,1460674452,1
4,1460674456,1460674482,26
1,1460674460,1460674488,28
4,1460674484,1460674493,9
1,1460674494,1460674529,35
4,1460674521,1460674527,6
1,1460674533,1460674564,31
4,1460674568,1460674626,58
1,1460674570,1460674597,27
1,1460674604,1460674624,20
4,1460674627,1460674629,2
4,1460674629,1460674632,3
4,1460674633,1460674636,3
10,1460674634,1460674636,2
4,1460674636,1460674639,3
4,1460674639,1460674642,3
1,1460674640,1460674644,4
10,1460674642,1460674643,1
4,1460674649,1460674653,4
4,1460674653,1460674655,2
10,1460674654,1460674655,1
4,1460674655,1460674661,6
10,1460674656,1460674661,5
4,1460674661,1460674667,6
4,1460674667,1460674670,3
4,1460674670,1460674673,3
4,1460674674,1460674676,2
10,1460674675,1460674676,1
10,1460674677,1460674679,2
4,1460674679,1460674692,13
1,1460674682,1460674684,2
1,1460674688,1460674691,3
4,1460674693,1460674696,3
4,1460674697,1460674699,2
4,1460674699,1460674703,4
10,1460674700,1460674703,3
4,1460674703,1460674705,2
4,1460674705,1460674708,3
4,1460674708,1460674712,4
10,1460674709,1460674712,3
4,1460674712,1460674722,10
1,1460674716,1460674720,4
4,1460674722,1460674727,5
10,1460674725,1460674727,2
4,1460674732,1460674734,2
4,1460674737,1460674745,8
1,1460674741,1460674747,6
1,1460674751,1460674754,3
4,1460674752,1460674756,4
1,1460674760,1460674767,7
4,1460674760,1460674794,34
1,1460674777,1460674812,35
4,1460674794,1460674812,18
4,1460674813,1460674823,10
10,1460674814,1460674823,9
1,1460674821,1460674826,5
4,1460674823,1460674826,3
1,1460674831,1460674857,26
4,1460674863,1460674884,21
1,1460674866,1460674903,37
4,1460674902,1460674914,12
1,1460674910,1460674913,3
1,1460674917,1460674923,6
1,1460674932,1460674941,9
4,1460674942,1460674949,7
1,1460674945,1460674946,1
1,1460674950,1460674953,3
4,1460674955,1460674962,7
1,1460674957,1460674959,2
10,1460674961,1460674962,1
4,1460674962,1460674967,5
4,1460674967,1460674969,2
4,1460674969,1460674971,2
10,1460674971,1460674973,2
4,1460674973,1460674976,3
4,1460674976,1460674978,2
10,1460674976,1460674978,2
4,1460674979,1460674982,3
4,1460674982,1460674986,4
1,1460674983,1460674988,5
4,1460674986,1460674989,3
4,1460674989,1460674991,2
4,1460674991,1460674994,3
10,1460674993,1460674994,1
4,1460674996,1460674998,2
4,1460674998,1460675000,2
10,1460675001,1460675003,2
4,1460675003,1460675006,3
4,1460675006,1460675010,4
10,1460675008,1460675010,2
4,1460675014,1460675016,2
4,1460675016,1460675019,3
4,1460675020,1460675026,6
4,1460675026,1460675028,2
10,1460675029,1460675031,2
4,1460675031,1460675033,2
4,1460675033,1460675036,3
4,1460675036,1460675038,2
4,1460675039,1460675042,3
4,1460675042,1460675045,3
10,1460675043,1460675045,2
1,1460675046,1460675056,10
4,1460675057,1460675060,3
4,1460675060,1460675066,6
1,1460675060,1460675069,9
4,1460675066,1460675069,3
8,1460675068,1460675075,7
4,1460675071,1460675073,2
4,1460675073,1460675076,3
4,1460675078,1460675086,8
1,1460675080,1460675087,7
4,1460675086,1460675091,5
4,1460675091,1460675095,4
10,1460675092,1460675093,1
1,1460675093,1460675095,2
4,1460675095,1460675101,6
10,1460675099,1460675101,2
4,1460675101,1460675103,2
4,1460675103,1460675106,3
4,1460675106,1460675109,3
4,1460675109,1460675112,3
4,1460675112,1460675114,2
4,1460675114,1460675124,10
1,1460675116,1460675126,10
4,1460675127,1460675129,2
4,1460675130,1460675133,3
4,1460675134,1460675138,4
10,1460675135,1460675138,3
4,1460675138,1460675141,3
4,1460675141,1460675143,2
1,1460675141,1460675143,2
4,1460675143,1460675152,9
1,1460675146,1460675151,5
4,1460675152,1460675154,2
4,1460675157,1460675159,2
4,1460675161,1460675163,2
4,1460675165,1460675167,2
4,1460675167,1460675174,7
10,1460675170,1460675174,4
4,1460675174,1460675178,4
4,1460675179,1460675181,2
4,1460675183,1460675186,3
10,1460675184,1460675186,2
4,1460675186,1460675189,3
1,1460675187,1460675188,1
4,1460675189,1460675196,7
1,1460675191,1460675200,9
4,1460675198,1460675201,3
4,1460675204,1460675207,3
8,1460675207,1460675208,1
1,1460675207,1460675228,21
4,1460675208,1460675223,15
4,1460675226,1460675230,4
4,1460675230,1460675232,2
4,1460675233,1460675237,4
1,1460675234,1460675245,11
4,1460675238,1460675241,3
10,1460675239,1460675240,1
4,1460675241,1460675246,5
4,1460675246,1460675251,5
4,1460675251,1460675255,4
4,1460675256,1460675258,2
4,1460675258,1460675265,7
1,1460675262,1460675267,5
4,1460675265,1460675268,3
4,1460675268,1460675276,8
10,1460675269,1460675273,4
1,1460675270,1460675288,18
4,1460675280,1460675285,5
4,1460675285,1460675289,4
4,1460675289,1460675295,6
1,1460675292,1460675295,3
4,1460675296,1460675298,2
4,1460675298,1460675303,5
1,1460675300,1460675302,2
4,1460675304,1460675308,4
1,1460675305,1460675365,60
4,1460675309,1460675313,4
10,1460675310,1460675311,1
4,1460675313,1460675319,6
10,1460675314,1460675316,2
4,1460675319,1460675326,7
10,1460675320,1460675324,4
4,1460675329,1460675337,8
4,1460675341,1460675344,3
4,1460675344,1460675350,6
4,1460675353,1460675356,3
4,1460675359,1460675361,2
4,1460675366,1460675369,3
4,1460675370,1460675372,2
4,1460675372,1460675375,3
4,1460675375,1460675377,2
4,1460675377,1460675380,3
10,1460675378,1460675380,2
4,1460675380,1460675383,3
4,1460675383,1460675387,4
10,1460675385,1460675387,2
4,1460675387,1460675394,7
1,1460675390,1460675392,2
4,1460675394,1460675396,2
8,1460675396,1460675397,1
4,1460675397,1460675425,28
1,1460675406,1460675427,21
4,1460675425,1460675428,3
4,1460675428,1460675430,2
4,1460675431,1460675433,2
4,1460675433,1460675436,3
4,1460675436,1460675438,2
4,1460675438,1460675464,26
1,1460675441,1460675442,1
1,1460675460,1460675463,3
4,1460675464,1460675466,2
4,1460675467,1460675469,2
4,1460675469,1460675471,2
4,1460675471,1460675474,3
4,1460675474,1460675477,3
10,1460675475,1460675477,2
1,1460675477,1460675499,22
4,1460675493,1460675512,19
1,1460675503,1460675511,8
4,1460675512,1460675515,3
4,1460675516,1460675519,3
1,1460675517,1460675535,18
4,1460675519,1460675525,6
4,1460675528,1460675531,3
4,1460675533,1460675536,3
4,1460675538,1460675543,5
1,1460675538,1460675545,7
4,1460675543,1460675545,2
8,1460675544,1460675548,4
4,1460675546,1460675549,3
4,1460675551,1460675560,9
1,1460675553,1460675564,11
4,1460675560,1460675580,20
1,1460675569,1460675591,22
4,1460675585,1460675587,2
4,1460675587,1460675592,5
4,1460675594,1460675598,4
4,1460675598,1460675606,8
1,1460675600,1460675602,2
10,1460675602,1460675606,4
4,1460675607,1460675611,4
1,1460675611,1460675612,1
4,1460675613,1460675619,6
10,1460675614,1460675616,2
1,1460675615,1460675621,6
4,1460675620,1460675629,9
1,1460675624,1460675632,8
4,1460675629,1460675632,3
8,1460675631,1460675637,6
4,1460675634,1460675637,3
4,1460675637,1460675640,3
1,1460675643,1460675645,2
4,1460675646,1460675650,4
10,1460675648,1460675650,2
4,1460675650,1460675654,4
1,1460675651,1460675653,2
4,1460675654,1460675658,4
10,1460675655,1460675658,3
10,1460675658,1460675660,2
4,1460675660,1460675663,3
10,1460675660,1460675662,2
4,1460675663,1460675672,9
1,1460675666,1460675669,3
4,1460675672,1460675680,8
1,1460675675,1460675680,5
4,1460675680,1460675684,4
8,1460675683,1460675688,5
4,1460675685,1460675688,3
4,1460675688,1460675691,3
1,1460675695,1460675731,36
1,1460675737,1460675746,9
4,1460675746,1460675751,5
10,1460675747,1460675748,1
1,1460675749,1460675750,1
4,1460675751,1460675754,3
10,1460675755,1460675756,1
4,1460675756,1460675773,17
1,1460675765,1460675786,21
4,1460675787,1460675789,2
4,1460675790,1460675792,2
4,1460675792,1460675795,3
4,1460675795,1460675798,3
4,1460675798,1460675802,4
10,1460675800,1460675802,2
4,1460675802,1460675806,4
4,1460675807,1460675810,3
4,1460675810,1460675812,2
4,1460675812,1460675815,3
10,1460675813,1460675815,2
4,1460675815,1460675818,3
4,1460675818,1460675820,2
4,1460675820,1460675825,5
4,1460675825,1460675828,3
1,1460675825,1460675826,1
4,1460675828,1460675830,2
10,1460675832,1460675833,1
4,1460675833,1460675837,4
4,1460675837,1460675842,5
1,1460675840,1460675841,1
4,1460675842,1460675845,3
4,1460675845,1460675848,3
4,1460675848,1460675850,2
4,1460675850,1460675852,2
4,1460675852,1460675854,2
4,1460675855,1460675857,2
1,1460675855,1460675856,1
4,1460675857,1460675859,2
4,1460675859,1460675863,4
1,1460675860,1460675864,4
4,1460675863,1460675867,4
4,1460675867,1460675872,5
1,1460675870,1460675871,1
4,1460675872,1460675874,2
4,1460675874,1460675877,3
4,1460675877,1460675879,2
4,1460675879,1460675882,3
4,1460675882,1460675884,2
4,1460675885,1460675892,7
1,1460675889,1460675891,2
4,1460675892,1460675898,6
1,1460675896,1460675906,10
4,1460675902,1460675907,5
4,1460675909,1460675915,6
1,1460675909,1460675914,5
4,1460675915,1460675918,3
4,1460675918,1460675920,2
4,1460675920,1460675922,2
4,1460675922,1460675924,2
4,1460675924,1460675932,8
1,1460675927,1460675938,11
4,1460675932,1460675935,3
4,1460675936,1460675939,3
4,1460675939,1460675941,2
4,1460675941,1460675945,4
1,1460675943,1460675953,10
4,1460675947,1460675953,6
4,1460675953,1460675956,3
4,1460675956,1460675962,6
1,1460675959,1460675964,5
4,1460675962,1460675965,3
4,1460675965,1460675972,7
1,1460675968,1460675985,17
4,1460675975,1460675982,7
4,1460675982,1460675986,4
4,1460675986,1460675988,2
4,1460675989,1460675996,7
1,1460675990,1460675998,8
4,1460675996,1460675998,2
4,1460675998,1460676000,2
1,1460676001,1460676023,22
4,1460676005,1460676008,3
4,1460676009,1460676012,3
4,1460676015,1460676020,5
4,1460676024,1460676030,6
1,1460676026,1460676029,3
4,1460676030,1460676033,3
4,1460676034,1460676036,2
4,1460676036,1460676038,2
4,1460676039,1460676041,2
4,1460676041,1460676043,2
4,1460676043,1460676046,3
4,1460676046,1460676048,2
4,1460676048,1460676070,22
1,1460676052,1460676055,3
1,1460676060,1460676064,4
4,1460676070,1460676072,2
8,1460676071,1460676075,4
4,1460676073,1460676076,3
1,1460676074,1460676106,32
4,1460676078,1460676089,11
4,1460676089,1460676100,11
4,1460676104,1460676107,3
4,1460676107,1460676109,2
10,1460676108,1460676109,1
4,1460676109,1460676112,3
4,1460676112,1460676115,3
4,1460676116,1460676118,2
10,1460676116,1460676118,2
4,1460676118,1460676125,7
1,1460676123,1460676131,8
4,1460676125,1460676129,4
4,1460676131,1460676141,10
1,1460676134,1460676144,10
4,1460676141,1460676145,4
8,1460676144,1460676149,5
4,1460676146,1460676149,3
4,1460676149,1460676153,4
1,1460676155,1460676170,15
1,1460676174,1460676179,5
1,1460676184,1460676191,7
1,1460676196,1460676215,19
4,1460676200,1460676206,6
11,1460676205,1460676209,4
4,1460676206,1460676208,2
11,1460676209,1460676222,13
4,1460676209,1460676246,37
1,1460676218,1460676229,11
11,1460676224,1460676245,21
1,1460676233,1460676255,22
5,1460676244,1460676245,1
1,1460676268,1460676275,7
4,1460676275,1460676278,3
8,1460676277,1460676283,6
4,1460676278,1460676281,3
4,1460676281,1460676284,3
4,1460676286,1460676375,89
1,1460676296,1460676299,3
1,1460676352,1460676357,5
1,1460676369,1460676374,5
4,1460676375,1460676381,6
1,1460676380,1460676393,13
4,1460676381,1460676424,43
1,1460676402,1460676412,10
1,1460676418,1460676424,6
4,1460676424,1460676427,3
8,1460676426,1460676448,22
4,1460676428,1460676432,4
1,1460676432,1460676441,9
4,1460676440,1460676442,2
4,1460676443,1460676445,2
4,1460676448,1460676452,4
1,1460676460,1460676463,3
4,1460676461,1460676555,94
1,1460676508,1460676522,14
1,1460676527,1460676542,15
1,1460676551,1460676558,7
4,1460676555,1460676558,3
4,1460676558,1460676561,3
10,1460676559,1460676561,2
4,1460676561,1460676563,2
4,1460676563,1460676569,6
1,1460676566,1460676571,5
4,1460676571,1460676579,8
1,1460676575,1460676578,3
4,1460676579,1460676584,5
4,1460676584,1460676591,7
1,1460676586,1460676589,3
1,1460676593,1460676616,23
4,1460676603,1460676627,24
1,1460676620,1460676624,4
4,1460676627,1460676711,84
1,1460676630,1460676632,2
1,1460676641,1460676645,4
1,1460676648,1460676655,7
1,1460676659,1460676681,22
5,1460676681,1460676689,8
1,1460676689,1460676704,15
1,1460676708,1460676719,11
4,1460676711,1460676715,4
4,1460676717,1460676721,4
4,1460676721,1460676723,2
4,1460676724,1460676726,2
4,1460676727,1460676729,2
4,1460676729,1460676731,2
4,1460676731,1460676734,3
10,1460676732,1460676734,2
10,1460676734,1460676741,7
4,1460676741,1460676748,7
10,1460676749,1460676751,2
4,1460676751,1460676754,3
4,1460676754,1460676762,8
10,1460676756,1460676762,6
4,1460676762,1460676765,3
4,1460676765,1460676768,3
4,1460676768,1460676770,2
4,1460676771,1460676773,2
4,1460676773,1460676776,3
4,1460676777,1460676779,2
4,1460676780,1460676782,2
4,1460676782,1460676785,3
4,1460676786,1460676789,3
4,1460676790,1460676795,5
4,1460676795,1460676807,12
1,1460676803,1460676805,2
4,1460676807,1460676813,6
1,1460676810,1460676812,2
4,1460676813,1460676817,4
4,1460676819,1460676822,3
1,1460676819,1460676821,2
4,1460676822,1460676825,3
4,1460676825,1460676830,5
1,1460676826,1460676833,7
4,1460676830,1460676834,4
4,1460676834,1460676836,2
4,1460676837,1460676839,2
10,1460676838,1460676839,1
4,1460676839,1460676843,4
10,1460676840,1460676843,3
4,1460676843,1460676855,12
10,1460676844,1460676851,7
1,1460676851,1460676854,3
4,1460676855,1460676884,29
1,1460676857,1460676861,4
1,1460676864,1460676881,17
10,1460676881,1460676883,2
4,1460676884,1460676887,3
4,1460676888,1460676890,2
4,1460676890,1460676893,3
4,1460676893,1460676896,3
4,1460676897,1460676903,6
10,1460676897,1460676901,4
4,1460676904,1460676906,2
10,1460676904,1460676905,1
4,1460676906,1460676909,3
10,1460676908,1460676909,1
4,1460676909,1460676912,3
10,1460676909,1460676911,2
4,1460676912,1460676914,2
4,1460676915,1460676917,2
1,1460676919,1460676923,4
1,1460676928,1460676958,30
4,1460676935,1460676940,5
4,1460676948,1460676956,8
4,1460676959,1460676961,2
4,1460676961,1460676967,6
1,1460676963,1460676972,9
4,1460676973,1460676975,2
4,1460676975,1460676983,8
1,1460676978,1460676989,11
4,1460676986,1460676994,8
10,1460676987,1460676988,1
10,1460676989,1460676994,5
4,1460676994,1460676997,3
10,1460676994,1460676995,1
4,1460676997,1460677001,4
10,1460676997,1460677001,4
4,1460677002,1460677007,5
4,1460677007,1460677009,2
4,1460677009,1460677011,2
4,1460677011,1460677020,9
1,1460677015,1460677019,4
4,1460677020,1460677023,3
8,1460677022,1460677031,9
4,1460677024,1460677027,3
4,1460677027,1460677031,4
4,1460677031,1460677042,11
1,1460677031,1460677058,27
4,1460677050,1460677060,10
4,1460677060,1460677065,5
1,1460677061,1460677078,17
4,1460677065,1460677129,64
10,1460677065,1460677067,2
10,1460677071,1460677073,2
1,1460677083,1460677096,13
1,1460677113,1460677115,2
1,1460677123,1460677128,5
4,1460677129,1460677133,4
10,1460677129,1460677133,4
10,1460677133,1460677135,2
4,1460677135,1460677142,7
1,1460677138,1460677141,3
10,1460677140,1460677141,1
4,1460677142,1460677144,2
4,1460677144,1460677146,2
1,1460677147,1460677158,11
4,1460677148,1460677152,4
4,1460677159,1460677161,2
4,1460677161,1460677164,3
4,1460677164,1460677166,2
4,1460677169,1460677171,2
4,1460677172,1460677175,3
4,1460677176,1460677179,3
10,1460677178,1460677179,1
4,1460677179,1460677184,5
4,1460677184,1460677191,7
10,1460677185,1460677191,6
4,1460677192,1460677194,2
4,1460677194,1460677196,2
4,1460677196,1460677199,3
4,1460677199,1460677202,3
10,1460677202,1460677204,2
4,1460677204,1460677206,2
4,1460677206,1460677208,2
10,1460677208,1460677210,2
4,1460677210,1460677213,3
4,1460677213,1460677216,3
4,1460677217,1460677219,2
4,1460677219,1460677223,4
10,1460677219,1460677221,2
10,1460677221,1460677223,2
4,1460677223,1460677239,16
1,1460677228,1460677297,69
4,1460677239,1460677241,2
8,1460677241,1460677258,17
4,1460677243,1460677250,7
4,1460677251,1460677253,2
4,1460677254,1460677256,2
4,1460677257,1460677259,2
4,1460677271,1460677316,45
1,1460677303,1460677315,12
4,1460677317,1460677321,4
10,1460677318,1460677319,1
4,1460677321,1460677326,5
1,1460677328,1460677332,4
4,1460677332,1460677334,2
8,1460677334,1460677351,17
4,1460677336,1460677343,7
4,1460677344,1460677347,3
4,1460677347,1460677351,4
1,1460677359,1460677364,5
4,1460677359,1460677364,5
1,1460677371,1460677387,16
1,1460677393,1460677399,6
1,1460677403,1460677406,3
1,1460677410,1460677416,6
1,1460677428,1460677444,16
4,1460677435,1460677442,7
4,1460677444,1460677450,6
4,1460677450,1460677453,3
10,1460677452,1460677453,1
4,1460677453,1460677462,9
1,1460677457,1460677460,3
4,1460677462,1460677464,2
10,1460677463,1460677464,1
4,1460677464,1460677470,6
1,1460677467,1460677469,2
4,1460677472,1460677480,8
1,1460677477,1460677479,2
4,1460677480,1460677482,2
8,1460677482,1460677487,5
4,1460677484,1460677487,3
4,1460677497,1460677601,104
1,1460677501,1460677503,2
1,1460677529,1460677581,52
5,1460677581,1460677592,11
1,1460677593,1460677601,8
4,1460677604,1460677607,3
1,1460677605,1460677606,1
4,1460677607,1460677609,2
4,1460677609,1460677612,3
10,1460677609,1460677611,2
4,1460677613,1460677617,4
10,1460677615,1460677617,2
4,1460677617,1460677621,4
10,1460677617,1460677618,1
4,1460677621,1460677626,5
4,1460677626,1460677629,3
4,1460677629,1460677632,3
4,1460677632,1460677634,2
4,1460677634,1460677641,7
4,1460677641,1460677645,4
4,1460677646,1460677648,2
4,1460677649,1460677653,4
10,1460677650,1460677653,3
4,1460677653,1460677656,3
4,1460677656,1460677659,3
4,1460677660,1460677663,3
10,1460677661,1460677663,2
10,1460677663,1460677664,1
4,1460677664,1460677666,2
10,1460677664,1460677666,2
4,1460677667,1460677670,3
10,1460677668,1460677670,2
4,1460677670,1460677674,4
4,1460677674,1460677677,3
10,1460677675,1460677677,2
4,1460677677,1460677680,3
4,1460677680,1460677682,2
4,1460677683,1460677685,2
4,1460677686,1460677692,6
1,1460677689,1460677697,8
4,1460677692,1460677694,2
4,1460677698,1460677700,2
4,1460677700,1460677703,3
4,1460677704,1460677706,2
4,1460677706,1460677710,4
4,1460677710,1460677718,8
1,1460677713,1460677718,5
4,1460677719,1460677721,2
4,1460677721,1460677724,3
4,1460677725,1460677727,2
4,1460677727,1460677731,4
1,1460677728,1460677730,2
4,1460677732,1460677743,11
1,1460677735,1460677745,10
4,1460677743,1460677745,2
4,1460677745,1460677756,11
1,1460677752,1460677756,4
4,1460677757,1460677759,2
4,1460677759,1460677762,3
1,1460677761,1460677787,26
4,1460677773,1460677775,2
10,1460677776,1460677779,3
4,1460677781,1460677784,3
4,1460677788,1460677790,2
4,1460677792,1460677799,7
1,1460677793,1460677798,5
4,1460677799,1460677801,2
4,1460677802,1460677804,2
4,1460677804,1460677808,4
10,1460677806,1460677808,2
4,1460677809,1460677812,3
10,1460677809,1460677811,2
4,1460677812,1460677814,2
4,1460677814,1460677816,2
10,1460677814,1460677816,2
4,1460677817,1460677819,2
4,1460677819,1460677821,2
4,1460677821,1460677824,3
10,1460677822,1460677824,2
4,1460677824,1460677826,2
10,1460677824,1460677825,1
4,1460677826,1460677829,3
10,1460677828,1460677829,1
4,1460677829,1460677831,2
4,1460677831,1460677834,3
10,1460677834,1460677836,2
4,1460677836,1460677838,2
10,1460677836,1460677838,2
4,1460677838,1460677840,2
4,1460677841,1460677843,2
4,1460677843,1460677846,3
4,1460677846,1460677848,2
4,1460677850,1460677852,2
4,1460677852,1460677856,4
4,1460677856,1460677859,3
10,1460677856,1460677859,3
4,1460677859,1460677861,2
4,1460677861,1460677864,3
4,1460677864,1460677867,3
10,1460677865,1460677867,2
4,1460677867,1460677873,6
1,1460677870,1460677872,2
4,1460677873,1460677875,2
4,1460677875,1460677879,4
1,1460677876,1460677888,12
4,1460677881,1460677889,8
4,1460677889,1460677892,3
8,1460677892,1460677894,2
4,1460677893,1460677918,25
1,1460677895,1460677918,23
4,1460677918,1460677924,6
11,1460677922,1460677929,7
4,1460677924,1460677927,3
4,1460677927,1460677930,3
11,1460677929,1460677985,56
1,1460677932,1460677939,7
1,1460677966,1460677970,4
4,1460677971,1460677973,2
4,1460677973,1460677976,3
4,1460677976,1460677978,2
1,1460677980,1460677989,9
5,1460677982,1460677985,3
4,1460677985,1460677990,5
4,1460677990,1460677992,2
8,1460677992,1460677994,2
4,1460677992,1460677997,5
11,1460677996,1460678002,6
4,1460677998,1460678000,2
4,1460678000,1460678056,56
11,1460678002,1460678118,116
1,1460678005,1460678011,6
1,1460678051,1460678063,12
4,1460678058,1460678063,5
4,1460678063,1460678069,6
1,1460678090,1460678093,3
4,1460678092,1460678096,4
1,1460678097,1460678123,26
4,1460678099,1460678103,4
4,1460678118,1460678121,3
8,1460678120,1460678123,3
4,1460678121,1460678123,2
4,1460678126,1460678183,57
1,1460678130,1460678140,10
1,1460678179,1460678186,7
4,1460678183,1460678185,2
8,1460678184,1460678195,11
4,1460678187,1460678189,2
4,1460678190,1460678192,2
1,1460678191,1460678192,1
4,1460678195,1460678211,16
1,1460678196,1460678199,3
4,1460678211,1460678469,258
1,1460678377,1460678435,58
1,1460678449,1460678455,6
1,1460678498,1460678510,12
1,1460678517,1460678518,1
1,1460678526,1460678535,9
1,1460678539,1460678540,1
1,1460678544,1460678557,13
1,1460678566,1460678567,1
1,1460678609,1460678610,1
1,1460678614,1460678618,4
6,1460678619,1460678620,1
1,1460678625,1460678634,9
4,1460678638,1460678653,15
1,1460678639,1460678640,1
4,1460678655,1460678928,273
1,1460678675,1460678679,4
1,1460678914,1460678927,13
4,1460678929,1460678986,57
10,1460678930,1460678934,4
1,1460678933,1460678979,46
10,1460678949,1460678951,2
5,1460678979,1460678984,5
1,1460678984,1460678985,1
4,1460678992,1460678995,3
1,1460678993,1460678997,4
4,1460678996,1460678998,2
4,1460678998,1460679001,3
4,1460679003,1460679006,3
10,1460679005,1460679006,1
4,1460679008,1460679012,4
4,1460679012,1460679014,2
4,1460679018,1460679021,3
4,1460679021,1460679023,2
4,1460679023,1460679028,5
4,1460679028,1460679031,3
4,1460679031,1460679034,3
1,1460679039,1460679041,2
4,1460679041,1460679044,3
4,1460679044,1460679050,6
1,1460679045,1460679049,4
4,1460679050,1460679052,2
4,1460679052,1460679058,6
4,1460679058,1460679060,2
4,1460679060,1460679063,3
4,1460679066,1460679069,3
1,1460679066,1460679067,1
4,1460679069,1460679073,4
4,1460679074,1460679080,6
10,1460679074,1460679078,4
1,1460679078,1460679083,5
4,1460679080,1460679084,4
10,1460679083,1460679084,1
4,1460679084,1460679088,4
10,1460679090,1460679092,2
1,1460679090,1460679112,22
1,1460679122,1460679124,2
1,1460679135,1460679144,9
10,1460679139,1460679141,2
1,1460679157,1460679169,12
1,1460679174,1460679178,4
1,1460679183,1460679196,13
1,1460679199,1460679208,9
1,1460679212,1460679215,3
1,1460679218,1460679222,4
1,1460679245,1460679250,5
1,1460679277,1460679284,7
1,1460679419,1460679428,9
1,1460679484,1460679494,10
4,1460679493,1460680193,700
1,1460679497,1460679506,9
1,1460679512,1460679515,3
1,1460680163,1460680168,5
4,1460680202,1460680205,3
1,1460680203,1460680207,4
5,1460680224,1460680238,14
5,1460680244,1460681128,884
4,1460681128,1460681139,11
4,1460681139,1460681178,39
4,1460681182,1460681187,5
4,1460681187,1460681190,3
4,1460681190,1460681192,2
4,1460681192,1460681194,2
4,1460681195,1460681200,5
4,1460681200,1460681206,6
4,1460681206,1460681209,3
4,1460681210,1460681212,2
4,1460681212,1460681214,2
4,1460681214,1460681216,2
4,1460681216,1460681220,4
4,1460681220,1460681226,6
4,1460681226,1460681229,3
4,1460681229,1460681231,2
4,1460681231,1460681242,11
4,1460681242,1460681244,2
4,1460681245,1460681247,2
4,1460681247,1460681249,2
4,1460681249,1460681252,3
4,1460681252,1460681254,2
4,1460681254,1460681256,2
4,1460681256,1460681262,6
4,1460681262,1460681265,3
4,1460681265,1460681268,3
4,1460681268,1460681275,7
4,1460681275,1460681341,66
4,1460681344,1460681346,2
4,1460681346,1460681349,3
4,1460681349,1460681355,6
5,1460681355,1460681690,335
4,1460681690,1460681795,105
5,1460681758,1460681764,6
1,1460681764,1460681767,3
1,1460681780,1460681782,2
4,1460681795,1460681798,3
8,1460681795,1460681874,79
4,1460681800,1460681805,5
4,1460681800,1460681805,5
4,1460681805,1460681811,6
4,1460681805,1460681811,6
4,1460681813,1460681830,17
4,1460681813,1460681830,17
1,1460681820,1460681843,23
4,1460681838,1460681844,6
4,1460681838,1460681844,6
4,1460681844,1460681848,4
4,1460681844,1460681848,4
1,1460681846,1460681850,4
4,1460681849,1460681853,4
4,1460681849,1460681853,4
4,1460681854,1460681873,19
4,1460681887,1460681905,18
4,1460681887,1460681905,18
1,1460681893,1460681899,6
10,1460681894,1460681899,5
1,1460681903,1460681911,8
1,1460681923,1460681927,4
4,1460681928,1460681984,56
1,1460681967,1460681969,2
10,1460681971,1460681984,13
4,1460681984,1460681987,3
4,1460681984,1460681987,3
10,1460681985,1460681986,1
4,1460681987,1460681991,4
4,1460681987,1460681991,4
4,1460681991,1460681994,3
4,1460681991,1460681994,3
10,1460681996,1460681999,3
10,1460681999,1460682000,1
4,1460682000,1460682085,85
4,1460682000,1460682085,85
1,1460682002,1460682011,9
1,1460682078,1460682083,5
10,1460682087,1460682091,4
4,1460682091,1460682099,8
1,1460682093,1460682095,2
10,1460682095,1460682099,4
1,1460682100,1460682108,8
4,1460682102,1460682133,31
4,1460682102,1460682133,31
1,1460682114,1460682115,1
1,1460682132,1460682147,15
4,1460682133,1460682141,8
4,1460682143,1460682156,13
1,1460682153,1460682171,18
4,1460682156,1460682160,4
4,1460682156,1460682160,4
1,1460682186,1460682197,11
4,1460682187,1460682190,3
4,1460682190,1460682224,34
1,1460682200,1460682244,44
4,1460682235,1460682256,21
4,1460682235,1460682256,21
4,1460682260,1460682268,8
4,1460682260,1460682268,8
4,1460682270,1460682276,6
4,1460682270,1460682276,6
4,1460682276,1460682290,14
1,1460682278,1460682290,12
4,1460682290,1460682294,4
4,1460682290,1460682294,4
8,1460682290,1460682322,32
8,1460682292,1460682322,30
4,1460682295,1460682310,15
4,1460682295,1460682310,15
4,1460682310,1460682312,2
4,1460682310,1460682312,2
4,1460682312,1460682317,5
4,1460682312,1460682317,5
4,1460682317,1460682321,4
4,1460682324,1460682340,16
4,1460682340,1460682342,2
8,1460682340,1460682344,4
8,1460682341,1460682344,3
4,1460682342,1460682347,5
4,1460682342,1460682347,5
4,1460682355,1460682609,254
1,1460682598,1460682617,19
4,1460682609,1460682621,12
4,1460682609,1460682621,12
4,1460682627,1460682644,17
4,1460682644,1460682647,3
8,1460682645,1460682649,4
8,1460682647,1460682649,2
4,1460682649,1460682652,3
4,1460682649,1460682652,3
1,1460682658,1460682666,8
4,1460682661,1460682663,2
4,1460682663,1460682668,5
4,1460682663,1460682668,5
8,1460682664,1460682666,2
4,1460682675,1460683105,430
1,1460682697,1460682709,12
1,1460682713,1460682715,2
1,1460683099,1460683108,9
4,1460683105,1460683107,2
8,1460683105,1460683110,5
4,1460683109,1460683118,9
4,1460683121,1460683962,841
1,1460683193,1460683200,7
1,1460683225,1460683229,4
5,1460683959,1460683962,3
5,1460683959,1460683962,3
1,1460684844,1460684852,8
1,1460684857,1460684872,15
1,1460684995,1460685026,31
1,1460685031,1460685033,2
1,1460685038,1460685040,2
1,1460685046,1460685053,7
6,1460685058,1460685059,1
1,1460685061,1460685078,17
4,1460685064,1460685079,15
4,1460685079,1460685083,4
10,1460685081,1460685083,2
4,1460685083,1460685087,4
4,1460685087,1460685092,5
10,1460685092,1460685093,1
4,1460685093,1460685095,2
4,1460685095,1460685099,4
10,1460685098,1460685099,1
4,1460685099,1460685101,2
4,1460685101,1460685117,16
10,1460685102,1460685105,3
10,1460685108,1460685109,1
10,1460685111,1460685113,2
4,1460685119,1460685125,6
10,1460685120,1460685123,3
1,1460685128,1460685143,15
1,1460686580,1460686582,2
1,1461251192,1461251193,1
4,1461251230,1461251242,12
1,1461251231,1461251233,2
1,1461251240,1461251250,10
4,1461251246,1461251249,3
8,1461251250,1461251281,31
4,1461251250,1461251254,4
4,1461251255,1461251257,2
4,1461251262,1461251268,6
4,1461251268,1461251270,2
4,1461251270,1461251277,7
4,1461251277,1461251281,4
4,1461251284,1461251296,12
4,1461251296,1461251303,7
1,1461251298,1461251305,7
4,1461251303,1461251307,4
8,1461251305,1461251307,2
4,1461251307,1461251312,5
1,1461251313,1461251317,4
1,1461251347,1461251358,11
1,1461251363,1461251365,2
1,1461251368,1461251371,3
1,1461251388,1461251403,15
1,1461251874,1461251877,3
4,1461253039,1461253179,140
5,1461253116,1461253142,26
1,1461253140,1461253142,2
1,1461253150,1461253151,1
4,1461253179,1461253181,2
4,1461253179,1461253182,3
4,1461253182,1461253191,9
4,1461253183,1461253191,8
10,1461253183,1461253191,8
4,1461253191,1461253205,14
4,1461253191,1461253205,14
1,1461253194,1461253196,2
1,1461253200,1461253215,15
4,1461253205,1461253216,11
1,1461253222,1461253228,6
4,1461253223,1461253228,5
4,1461253223,1461253228,5
4,1461253228,1461253231,3
4,1461253228,1461253231,3
8,1461253231,1461253236,5
8,1461253231,1461253236,5
4,1461253233,1461253236,3
4,1461253240,1461253250,10
4,1461253240,1461253250,10
1,1461253242,1461253255,13
4,1461253257,1461253260,3
4,1461253257,1461253260,3
4,1461253260,1461253267,7
4,1461253260,1461253267,7
10,1461253263,1461253267,4
4,1461253268,1461253273,5
1,1461253269,1461253283,14
4,1461253276,1461253280,4
4,1461253283,1461253290,7
4,1461253283,1461253290,7
4,1461253290,1461253295,5
4,1461253295,1461253298,3
4,1461253295,1461253298,3
8,1461253297,1461253309,12
8,1461253297,1461253309,12
4,1461253299,1461253302,3
4,1461253308,1461253312,4
4,1461253308,1461253312,4
4,1461253327,1461253336,9
1,1461253333,1461253339,6
4,1461253336,1461253338,2
8,1461253338,1461253341,3
8,1461253338,1461253341,3
4,1461253341,1461253349,8
4,1461253341,1461253349,8
4,1461253358,1461253590,232
1,1461253588,1461253590,2
4,1461253590,1461253594,4
8,1461253592,1461253594,2
8,1461253592,1461253594,2
4,1461253594,1461253597,3
4,1461253594,1461253597,3
1,1461253598,1461253599,1
4,1461253606,1461254098,492
1,1461254091,1461254097,6
4,1461254098,1461254103,5
4,1461254113,1461254233,120
1,1461254130,1461254143,13
1,1461254147,1461254200,53
1,1461254204,1461254229,25
4,1461254233,1461254236,3
4,1461254233,1461254236,3
4,1461254237,1461254243,6
4,1461254243,1461254255,12
1,1461254245,1461254284,39
4,1461254255,1461254285,30
4,1461254255,1461254285,30
4,1461254286,1461254288,2
4,1461254286,1461254288,2
10,1461254287,1461254288,1
4,1461254288,1461254293,5
4,1461254288,1461254293,5
1,1461254291,1461254293,2
4,1461254293,1461254296,3
8,1461254295,1461254302,7
8,1461254295,1461254302,7
4,1461254297,1461254302,5
4,1461254314,1461254319,5
4,1461254314,1461254319,5
4,1461254319,1461254322,3
4,1461254319,1461254322,3
1,1461254326,1461254345,19
4,1461254346,1461254348,2
4,1461254348,1461254351,3
4,1461254354,1461254370,16
4,1461254354,1461254370,16
1,1461254358,1461254364,6
1,1461254367,1461254369,2
4,1461254370,1461254404,34
4,1461254370,1461254404,34
10,1461254371,1461254392,21
1,1461254372,1461254377,5
1,1461254392,1461254402,10
1,1461254405,1461254422,17
4,1461254423,1461256145,1722
1,1461254427,1461254442,15
1,1461254446,1461254447,1
1,1461254451,1461254479,28
1,1461254488,1461254493,5
1,1461254499,1461254502,3
1,1461254512,1461254515,3
1,1461254518,1461254520,2
1,1461254573,1461254574,1
1,1461254578,1461254586,8
1,1461254688,1461254696,8
1,1461254796,1461254799,3
1,1461255016,1461255017,1
1,1461255023,1461255031,8
1,1461256038,1461256049,11
1,1461256054,1461256060,6
1,1461256091,1461256095,4
1,1461256136,1461256138,2
1,1461256393,1461256416,23
1,1461256454,1461256456,2
1,1461256494,1461256502,8
1,1461256537,1461256550,13
1,1461256553,1461256557,4
1,1461257607,1461257611,4
1,1461264521,1461264523,2
6,1461264530,1461264531,1
1,1461264541,1461264546,5
1,1461264559,1461264573,14
1,1461264586,1461264593,7
4,1461264594,1461264600,6
4,1461264601,1461264619,18
4,1461264619,1461264622,3
1,1461264623,1461264626,3
4,1461264630,1461264634,4
1,1461264631,1461264636,5
8,1461264634,1461264677,43
4,1461264636,1461264641,5
4,1461264641,1461264655,14
1,1461264649,1461264677,28
4,1461264655,1461264657,2
4,1461264658,1461264668,10
4,1461264669,1461264677,8
4,1461264678,1461264768,90
4,1461264768,1461264786,18
1,1461264768,1461264773,5
1,1461264784,1461264791,7
1,1461264796,1461264803,7
1,1461264809,1461264813,4
1,1461264832,1461264842,10
1,1461264921,1461264927,6
1,1461264945,1461264951,6
5,1461264951,1461264953,2
4,1461264953,1461264994,41
1,1461264966,1461264970,4
1,1461264992,1461264997,5
1,1461265000,1461265007,7
1,1461275376,1461275390,14
1,1461275394,1461275398,4
1,1461275414,1461275420,6
1,1461297695,1461297698,3
4,1461297700,1461297733,33
1,1461297726,1461297732,6
4,1461297733,1461321468,23735
1,1461297741,1461297748,7
1,1461297778,1461297779,1
1,1461297784,1461297786,2
1,1461321466,1461321468,2
4,1461321468,1461321477,9
1,1461321474,1461321476,2
4,1461321477,1461323545,2068
1,1461321485,1461321507,22
1,1461323494,1461323499,5
5,1461323499,1461323518,19
1,1461323523,1461323529,6
1,1461323535,1461323556,21
4,1461323545,1461323557,12
1,1461323568,1461323571,3
5,1461323571,1461323581,10
1,1461323581,1461323590,9
4,1461323589,1461323591,2
4,1461323593,1461323600,7
10,1461323594,1461323596,2
1,1461323597,1461323601,4
4,1461323603,1461323605,2
4,1461323606,1461323608,2
4,1461323608,1461323611,3
4,1461323611,1461323616,5
4,1461323617,1461323620,3
4,1461323620,1461323622,2
4,1461323622,1461323624,2
4,1461323624,1461323639,15
1,1461323636,1461323637,1
4,1461323639,1461323641,2
4,1461323646,1461323649,3
4,1461323649,1461323651,2
10,1461323649,1461323651,2
4,1461323652,1461323655,3
10,1461323652,1461323653,1
4,1461323655,1461323660,5
10,1461323656,1461323659,3
4,1461323661,1461323664,3
10,1461323663,1461323664,1
4,1461323666,1461323668,2
4,1461323668,1461323672,4
4,1461323672,1461323674,2
4,1461323674,1461323729,55
1,1461323679,1461323688,9
1,1461323697,1461323710,13
1,1461323713,1461323718,5
1,1461323721,1461323736,15
4,1461323729,1461323731,2
4,1461323733,1461323737,4
4,1461323737,1461323741,4
10,1461323737,1461323740,3
1,1461323740,1461323747,7
4,1461323745,1461323748,3
4,1461323748,1461323787,39
10,1461323748,1461323750,2
1,1461323762,1461323806,44
4,1461323787,1461323793,6
4,1461323794,1461325054,1260
1,1461324755,1461324757,2
1,1461325033,1461325069,36
4,1461325054,1461325056,2
4,1461325058,1461325063,5
10,1461325059,1461325061,2
4,1461325070,1461325074,4
4,1461325074,1461325083,9
1,1461325075,1461325081,6
1,1461325091,1461325094,3
4,1461325094,1461325109,15
1,1461325106,1461325108,2
4,1461325110,1461325112,2
4,1461325112,1461325115,3
10,1461325112,1461325114,2
4,1461325115,1461325117,2
4,1461325117,1461325119,2
4,1461325119,1461325123,4
4,1461325123,1461325125,2
4,1461325126,1461325128,2
4,1461325128,1461325130,2
4,1461325130,1461325132,2
4,1461325132,1461325135,3
4,1461325135,1461325137,2
4,1461325137,1461325139,2
4,1461325139,1461325142,3
4,1461325142,1461325146,4
4,1461325147,1461325149,2
10,1461325147,1461325149,2
4,1461325149,1461325154,5
4,1461325159,1461325167,8
1,1461325165,1461325168,3
4,1461325167,1461325176,9
10,1461325167,1461325168,1
4,1461325177,1461325180,3
10,1461325178,1461325180,2
4,1461325180,1461325184,4
4,1461325184,1461325187,3
4,1461325187,1461325190,3
4,1461325191,1461325193,2
4,1461325194,1461325197,3
10,1461325195,1461325197,2
4,1461325197,1461325200,3
1,1461325202,1461325203,1
4,1461325204,1461325212,8
1,1461325211,1461325218,7
10,1461325213,1461325216,3
4,1461325216,1461325221,5
10,1461325221,1461325222,1
1,1461325228,1461325229,1
10,1461325235,1461325236,1
4,1461325237,1461325240,3
4,1461325240,1461325242,2
4,1461325248,1461325252,4
4,1461325253,1461325256,3
4,1461325257,1461325259,2
4,1461325259,1461325263,4
4,1461325263,1461325268,5
4,1461325268,1461325270,2
10,1461325269,1461325270,1
4,1461325270,1461325288,18
1,1461325274,1461325275,1
1,1461325280,1461325282,2
1,1461325286,1461325287,1
4,1461325288,1461325292,4
10,1461325291,1461325292,1
4,1461325292,1461325294,2
10,1461325293,1461325294,1
4,1461325295,1461325297,2
4,1461325297,1461325305,8
1,1461325302,1461325307,5
4,1461325305,1461325308,3
4,1461325308,1461325312,4
10,1461325310,1461325311,1
4,1461325313,1461325320,7
10,1461325313,1461325314,1
1,1461325316,1461325321,5
4,1461325320,1461325322,2
4,1461325323,1461325326,3
4,1461325326,1461325330,4
1,1461325327,1461325333,6
4,1461325330,1461325334,4
10,1461325330,1461325332,2
4,1461325334,1461325339,5
4,1461325339,1461325342,3
4,1461325342,1461325345,3
4,1461325345,1461325348,3
10,1461325345,1461325348,3
1,1461325355,1461325359,4
4,1461325366,1461325382,16
4,1461325382,1461325385,3
4,1461325386,1461325388,2
4,1461325388,1461325390,2
4,1461325390,1461325399,9
10,1461325391,1461325397,6
10,1461325400,1461325401,1
4,1461325404,1461325406,2
4,1461325407,1461325411,4
10,1461325408,1461325411,3
4,1461325411,1461325414,3
4,1461325414,1461325417,3
10,1461325415,1461325417,2
4,1461325417,1461325419,2
4,1461325419,1461325426,7
4,1461325430,1461325433,3
10,1461325432,1461325433,1
4,1461325434,1461325436,2
10,1461325435,1461325436,1
4,1461325436,1461325441,5
4,1461325442,1461325469,27
1,1461325461,1461325471,10
4,1461325469,1461325472,3
4,1461325472,1461325475,3
4,1461325475,1461325478,3
4,1461325478,1461325481,3
10,1461325478,1461325480,2
4,1461325483,1461325497,14
10,1461325483,1461325493,10
1,1461325494,1461325503,9
1,1461325507,1461325533,26
4,1461325534,1461325536,2
10,1461325535,1461325536,1
4,1461325536,1461325541,5
4,1461325542,1461325544,2
4,1461325545,1461325553,8
4,1461325553,1461325557,4
1,1461325554,1461325556,2
4,1461325558,1461325561,3
10,1461325559,1461325561,2
10,1461325561,1461325562,1
1,1461325564,1461325566,2
1,1461325707,1461325711,4
4,1461325721,1461325726,5
1,1461325723,1461325724,1
4,1461325726,1461325733,7
1,1461325729,1461325735,6
4,1461325736,1461325743,7
4,1461325743,1461325745,2
10,1461325743,1461325744,1
10,1461325744,1461325745,1
4,1461325745,1461325750,5
4,1461325750,1461325763,13
4,1461325763,1461325766,3
4,1461325766,1461325768,2
4,1461325769,1461325772,3
4,1461325772,1461325774,2
4,1461325776,1461325842,66
1,1461325833,1461325841,8
4,1461325845,1461325855,10
1,1461325848,1461325854,6
4,1461325855,1461326043,188
1,1461326042,1461326043,1
4,1461326045,1461326049,4
10,1461326046,1461326049,3
4,1461326049,1461326051,2
4,1461326051,1461326053,2
4,1461326058,1461326060,2
1,1461326078,1461326079,1
4,1461326081,1461326088,7
1,1461326083,1461326102,19
4,1461326088,1461326098,10
4,1461326102,1461326105,3
4,1461326106,1461326108,2
4,1461326108,1461326118,10
1,1461326115,1461326117,2
4,1461326118,1461326120,2
4,1461326120,1461326122,2
4,1461326122,1461326126,4
4,1461326126,1461326139,13
1,1461326127,1461326128,1
1,1461326135,1461326142,7
4,1461326139,1461326146,7
4,1461326146,1461326151,5
1,1461326148,1461326169,21
4,1461326152,1461326155,3
4,1461326156,1461326170,14
4,1461326170,1461326172,2
4,1461326173,1461326175,2
4,1461326175,1461326177,2
4,1461326177,1461326181,4
4,1461326182,1461326184,2
4,1461326184,1461326187,3
10,1461326184,1461326186,2
4,1461326187,1461326189,2
4,1461326190,1461326192,2
4,1461326193,1461326195,2
4,1461326195,1461326201,6
4,1461326201,1461326204,3
4,1461326205,1461326208,3
10,1461326205,1461326207,2
4,1461326208,1461326211,3
4,1461326211,1461326214,3
10,1461326214,1461326216,2
4,1461326218,1461326220,2
10,1461326220,1461326225,5
4,1461326225,1461326228,3
4,1461326228,1461326231,3
4,1461326231,1461326233,2
4,1461326234,1461326239,5
4,1461326239,1461326243,4
4,1461326243,1461326246,3
10,1461326244,1461326245,1
10,1461326247,1461326252,5
4,1461326252,1461326269,17
10,1461326253,1461326262,9
4,1461326269,1461326273,4
10,1461326270,1461326271,1
10,1461326271,1461326273,2
10,1461326275,1461326304,29
1,1461331299,1461331309,10
1,1461331315,1461331317,2
1,1461331327,1461331332,5
1,1461331351,1461331356,5
1,1461331362,1461331366,4
5,1461331368,1461331369,1
1,1461331370,1461331372,2
4,1461331392,1461331394,2
1,1461331396,1461331412,16
4,1461331408,1461331410,2
1,1461331416,1461331430,14
4,1461331416,1461331428,12
1,1461331434,1461331454,20
4,1461331440,1461331445,5
4,1461331445,1461331448,3
4,1461331448,1461331457,9
4,1461331457,1461331483,26
1,1461331458,1461331460,2
1,1461331466,1461331482,16
4,1461331483,1461331494,11
1,1461331490,1461331500,10
4,1461331494,1461331496,2
4,1461331498,1461331504,6
4,1461331505,1461331509,4
1,1461331506,1461331521,15
4,1461331509,1461331511,2
10,1461331510,1461331512,2
4,1461331516,1461331522,6
4,1461331522,1461331526,4
10,1461331524,1461331526,2
4,1461331526,1461331532,6
4,1461331532,1461331542,10
1,1461331534,1461331537,3
1,1461331541,1461331551,10
4,1461331549,1461331552,3
4,1461331552,1461331555,3
10,1461331553,1461331555,2
4,1461331555,1461331558,3
4,1461331559,1461331564,5
4,1461331565,1461331568,3
1,1461331566,1461331567,1
4,1461331572,1461331594,22
1,1461331592,1461331595,3
4,1461331594,1461331596,2
4,1461331596,1461331603,7
1,1461331599,1461331602,3
4,1461331603,1461331611,8
1,1461331606,1461331609,3
1,1461331617,1461331618,1
4,1461331619,1461331625,6
1,1461331621,1461331630,9
4,1461331627,1461331630,3
4,1461331631,1461331636,5
1,1461331634,1461331642,8
4,1461331636,1461331642,6
4,1461331643,1461331650,7
4,1461331657,1461331659,2
4,1461331660,1461331672,12
1,1461331668,1461331670,2
4,1461331672,1461331675,3
1,1461331674,1461331675,1
4,1461331676,1461331682,6
4,1461331682,1461331685,3
1,1461331683,1461331702,19
4,1461331685,1461331740,55
1,1461331713,1461331718,5
5,1461331718,1461331728,10
1,1461331728,1461331743,15
4,1461331744,1461331746,2
4,1461331747,1461331751,4
10,1461331748,1461331751,3
4,1461331751,1461331754,3
4,1461331754,1461331756,2
4,1461331756,1461331758,2
4,1461331759,1461331775,16
4,1461331775,1461331787,12
10,1461331776,1461331784,8
1,1461331783,1461331786,3
4,1461331787,1461331797,10
1,1461331790,1461331792,2
10,1461331793,1461331798,5
4,1461331798,1461331812,14
10,1461331798,1461331812,14
4,1461331812,1461331815,3
4,1461331816,1461331821,5
10,1461331817,1461331818,1
1,1461331818,1461331823,5
1,1461339821,1461339835,14
1,1461339846,1461339850,4
4,1461339851,1461339853,2
1,1461339868,1461339870,2
1,1461339873,1461339877,4
1,1461339945,1461339948,3
1,1461339986,1461339991,5
1,1461339997,1461339998,1
1,1461340013,1461340030,17
4,1461340031,1461340037,6
1,1461340037,1461340049,12
4,1461340039,1461340041,2
4,1461340046,1461340050,4
4,1461340051,1461340054,3
1,1461340065,1461340071,6
14,1461340069,1461340119,50
1,1461340120,1461340128,8
4,1461340129,1461340131,2
4,1461340131,1461340133,2
10,1461340131,1461340133,2
4,1461340133,1461340356,223
1,1461340135,1461340139,4
14,1461340138,1461340157,19
1,1461340171,1461340174,3
1,1461340204,1461340208,4
1,1461340212,1461340216,4
1,1461340220,1461340222,2
1,1461340256,1461340257,1
1,1461340270,1461340274,4
1,1461340295,1461340296,1
1,1461340327,1461340328,1
1,1461340337,1461340359,22
4,1461340358,1461340361,3
1,1461340364,1461340375,11
4,1461340364,1461340375,11
4,1461340379,1461340516,137
1,1461340379,1461340381,2
1,1461340413,1461340415,2
1,1461340442,1461340449,7
1,1461340480,1461340482,2
1,1461340487,1461340492,5
1,1461340500,1461340519,19
4,1461340520,1461340527,7
1,1461340526,1461340532,6
4,1461340527,1461340533,6
4,1461340533,1461340540,7
10,1461340538,1461340540,2
4,1461340540,1461340731,191
1,1461340546,1461340547,1
1,1461340551,1461340560,9
1,1461340564,1461340568,4
1,1461340729,1461340731,2
1,1461889858,1461889869,11
1,1461889873,1461889900,27
1,1461889903,1461889928,25
1,1461889932,1461889935,3
1,1461889940,1461889943,3
1,1461889950,1461889951,1
1,1461889956,1461889965,9
1,1461889976,1461889980,4
1,1461889987,1461889990,3
1,1461889997,1461889999,2
1,1461890007,1461890024,17
1,1461890027,1461890046,19
5,1461890045,1461890052,7
1,1461890053,1461890065,12
4,1461890064,1461890067,3
1,1461890069,1461890070,1
4,1461890071,1461890073,2
4,1461890073,1461890077,4
1,1461890074,1461890076,2
4,1461890077,1461890080,3
4,1461890081,1461890083,2
4,1461890084,1461890089,5
4,1461890089,1461890091,2
4,1461890091,1461890116,25
10,1461890093,1461890101,8
1,1461890101,1461890115,14
4,1461890117,1461890122,5
10,1461890117,1461890122,5
4,1461890122,1461890125,3
4,1461890125,1461890127,2
4,1461890127,1461890133,6
4,1461890133,1461890170,37
1,1461890133,1461890143,10
1,1461890148,1461890152,4
5,1461890152,1461890162,10
1,1461890163,1461890172,9
4,1461890173,1461890179,6
10,1461890175,1461890179,4
4,1461890179,1461890182,3
4,1461890182,1461890187,5
4,1461890187,1461890189,2
4,1461890189,1461890197,8
1,1461890194,1461890198,4
4,1461890201,1461890212,11
10,1461890202,1461890212,10
4,1461890212,1461890214,2
10,1461890214,1461890218,4
4,1461890218,1461890220,2
4,1461890220,1461890225,5
10,1461890225,1461890227,2
4,1461890227,1461890230,3
4,1461890230,1461890233,3
4,1461890233,1461890235,2
4,1461890236,1461890238,2
4,1461890239,1461890242,3
1,1461890350,1461890355,5
6,1461890382,1461890384,2
1,1461890390,1461890395,5
1,1461890406,1461890416,10
1,1461890419,1461890427,8
1,1461890435,1461890448,13
1,1461890452,1461890454,2
1,1461890458,1461890487,29
4,1461890491,1461890494,3
1,1461890492,1461890502,10
1,1461890506,1461890520,14
1,1461890551,1461890561,10
4,1461890562,1461890567,5
10,1461890565,1461890567,2
4,1461890568,1461890570,2
4,1461890571,1461890573,2
4,1461890573,1461890576,3
4,1461890576,1461890579,3
10,1461890579,1461890580,1
4,1461890580,1461890589,9
10,1461890581,1461890589,8
4,1461890589,1461890648,59
1,1461890590,1461890610,20
1,1461890618,1461890631,13
4,1461890668,1461890681,13
10,1461890671,1461890681,10
4,1461890681,1461890686,5
4,1461890689,1461890691,2
4,1461890692,1461890696,4
4,1461890696,1461890698,2
4,1461890698,1461890701,3
10,1461890703,1461890704,1
1,1461890795,1461890800,5
6,1461890823,1461890825,2
4,1461890917,1461890921,4
4,1461890987,1461890990,3
4,1461890991,1461890995,4
10,1461890993,1461890995,2
1,1461891076,1461891078,2
6,1461891092,1461891094,2
4,1461891184,1461891189,5
1,1461891384,1461891388,4
4,1461891395,1461891403,8
4,1461891409,1461891411,2
4,1461891413,1461891420,7
10,1461891417,1461891419,2
4,1461891420,1461891422,2
10,1461891423,1461891425,2
4,1461891425,1461891429,4
4,1461891429,1461891436,7
10,1461891432,1461891433,1
4,1461891438,1461891440,2
4,1461891441,1461891443,2
4,1461891443,1461891450,7
1,1461891448,1461891449,1
4,1461891450,1461891465,15
10,1461891451,1461891452,1
1,1461891453,1461891457,4
4,1461891465,1461891467,2
4,1461891468,1461891502,34
1,1461891473,1461891501,28
4,1461891503,1461891505,2
4,1461891505,1461891515,10
1,1461891510,1461891514,4
10,1461891515,1461891516,1
1,1461891517,1461891523,6
4,1461891524,1461891526,2
4,1461891530,1461891532,2
4,1461891549,1461891552,3
4,1461891554,1461891557,3
4,1461891558,1461891587,29
1,1461891560,1461891585,25
4,1461891587,1461891591,4
4,1461891591,1461891603,12
1,1461891595,1461891602,7
4,1461891604,1461891607,3
4,1461891610,1461891617,7
4,1461891617,1461891621,4
10,1461891619,1461891620,1
4,1461891621,1461891623,2
10,1461891623,1461891625,2
10,1461891625,1461891634,9
4,1461891634,1461891637,3
4,1461891638,1461891640,2
10,1461891639,1461891640,1
4,1461891641,1461891649,8
10,1461891642,1461891643,1
10,1461891648,1461891649,1
4,1461891649,1461891651,2
10,1461891658,1461891662,4
6,1461891757,1461891759,2
1,1461891761,1461891767,6
1,1461891784,1461891807,23
1,1461891810,1461891816,6
1,1461891821,1461891825,4
1,1461891829,1461891837,8
1,1461891850,1461891867,17
4,1461891854,1461891862,8
4,1461891869,1461891881,12
10,1461891878,1461891880,2
10,1461891883,1461891887,4
4,1461891886,1461891891,5
10,1461891887,1461891889,2
4,1461891891,1461891904,13
4,1461891904,1461891908,4
10,1461891906,1461891907,1
4,1461891912,1461891924,12
1,1461891919,1461891930,11
4,1461891924,1461891927,3
4,1461891928,1461891931,3
10,1461891928,1461891930,2
4,1461891931,1461891934,3
10,1461891932,1461891933,1
4,1461891934,1461891939,5
10,1461891935,1461891937,2
1,1461891936,1461891947,11
4,1461891941,1461891946,5
4,1461891949,1461891952,3
4,1461891952,1461891959,7
4,1461891960,1461891964,4
10,1461891962,1461891964,2
4,1461891964,1461891967,3
4,1461891967,1461891970,3
4,1461891971,1461891975,4
1,1461891977,1461891987,10
4,1461891980,1461891984,4
4,1461891984,1461891989,5
10,1461891984,1461891986,2
4,1461891989,1461891995,6
1,1461891992,1461891996,4
4,1461891995,1461891997,2
4,1461891997,1461892003,6
10,1461891998,1461892002,4
1,1461892000,1461892002,2
4,1461892003,1461892005,2
4,1461892006,1461892011,5
4,1461892012,1461892016,4
4,1461892017,1461892020,3
4,1461892021,1461892027,6
10,1461892022,1461892027,5
1,1461892425,1461892430,5
1,1461892435,1461892437,2
4,1461892470,1461892473,3
4,1461892482,1461892485,3
4,1461892487,1461892491,4
4,1461892492,1461892496,4
10,1461892496,1461892498,2
4,1461892498,1461892501,3
1,1461892671,1461892681,10
1,1462807278,1462807314,36
1,1462807332,1462807348,16
1,1462811497,1462811514,17
1,1462960086,1462960087,1
1,1462960101,1462960104,3
6,1462960106,1462960108,2
4,1462960118,1462960250,132
1,1462960223,1462960229,6
5,1462960240,1462960247,7
1,1462960247,1462960249,2
4,1462960250,1462960252,2
4,1462960253,1462960255,2
4,1462960255,1462960258,3
4,1462960258,1462960260,2
4,1462960260,1462960301,41
10,1462960261,1462960265,4
1,1462960270,1462960285,15
5,1462960282,1462960301,19
1,1462960288,1462960303,15
1,1462960318,1462960320,2
1,1462960324,1462960334,10
1,1462960347,1462960351,4
1,1462960358,1462960362,4
1,1462960379,1462960388,9
1,1462960443,1462960445,2
4,1462960445,1462960447,2
4,1462960447,1462960607,160
10,1462960448,1462960462,14
1,1462960461,1462960474,13
5,1462960463,1462960468,5
1,1462960510,1462960512,2
1,1462960516,1462960529,13
1,1462960533,1462960547,14
1,1462960555,1462960574,19
1,1462960593,1462960597,4
1,1462960601,1462960606,5
1,1462960609,1462960617,8
1,1462960628,1462960631,3
1,1462960671,1462960675,4
6,1462960690,1462960692,2
1,1462960693,1462960696,3
10,1462960710,1462960712,2
4,1462960719,1462960724,5
10,1462960722,1462960724,2
4,1462960725,1462960727,2
4,1462960728,1462960730,2
10,1462960729,1462960730,1
4,1462960730,1462960733,3
10,1462960732,1462960733,1
4,1462960733,1462960738,5
4,1462960738,1462960740,2
4,1462960740,1462960744,4
4,1462960744,1462960747,3
1,1462960808,1462960810,2
4,1462960842,1462960925,83
1,1462960848,1462960851,3
5,1462960851,1462960921,70
1,1462960860,1462960863,3
1,1462960916,1462960919,3
11,1462960920,1462960967,47
1,1462960923,1462960926,3
4,1462960926,1462960932,6
4,1462960935,1462960942,7
1,1462960937,1462960950,13
1,1462960954,1462960967,13
4,1462960966,1462960985,19
11,1462960967,1462961303,336
1,1462960971,1462960974,3
1,1462960979,1462961013,34
4,1462961004,1462961008,4
4,1462961011,1462961304,293
5,1462961013,1462961016,3
1,1462961017,1462961078,61
7,1462961024,1462961025,1
1,1462961087,1462961094,7
1,1462961108,1462961121,13
1,1462961126,1462961175,49
1,1462961179,1462961180,1
1,1462961187,1462961190,3
1,1462961236,1462961250,14
1,1462961253,1462961260,7
1,1462961264,1462961269,5
1,1462961272,1462961274,2
1,1462961280,1462961284,4
1,1462961296,1462961305,9
5,1462961302,1462961303,1
4,1462961308,1462961336,28
10,1462961313,1462961333,20
1,1462961314,1462961332,18
4,1462961344,1462961442,98
1,1462961346,1462961348,2
1,1462961357,1462961359,2
1,1462961363,1462961370,7
1,1462961411,1462961424,13
1,1462961432,1462961441,9
10,1462961443,1462961469,26
1,1462961445,1462961467,22
1,1463411450,1463411451,1
1,1463411560,1463411565,5
1,1463411569,1463411581,12
4,1463411581,1463411588,7
1,1463411584,1463411587,3
4,1463411588,1463411591,3
4,1463411591,1463411594,3
4,1463411595,1463411597,2
4,1463411597,1463411638,41
4,1463411638,1463411645,7
4,1463411645,1463411647,2
4,1463411647,1463411651,4
4,1463411651,1463411653,2
4,1463411654,1463411656,2
4,1463411656,1463411667,11
1,1463411665,1463411671,6
4,1463411667,1463411671,4
4,1463411671,1463411675,4
4,1463411676,1463411678,2
4,1463411678,1463411682,4
1,1463411679,1463411687,8
4,1463411682,1463411687,5
4,1463411687,1463411737,50
10,1463411690,1463411705,15
1,1463411690,1463411716,26
1,1463411721,1463411731,10
4,1463411737,1463411740,3
4,1463411740,1463411742,2
4,1463411742,1463411746,4
4,1463411747,1463411753,6
4,1463411753,1463411756,3
4,1463411756,1463411758,2
4,1463411759,1463411763,4
10,1463411760,1463411762,2
4,1463411763,1463411766,3
4,1463411766,1463411769,3
4,1463411769,1463411771,2
4,1463411772,1463411775,3
4,1463411775,1463411779,4
4,1463411779,1463411785,6
4,1463411785,1463411788,3
1,1463411786,1463411787,1
4,1463411788,1463411879,91
10,1463411790,1463411870,80
1,1463411851,1463411878,27
4,1463411879,1463411882,3
4,1463411882,1463411884,2
4,1463411884,1463411887,3
4,1463411887,1463411889,2
4,1463411893,1463411898,5
4,1463411898,1463411901,3
4,1463411902,1463411904,2
4,1463411904,1463411908,4
4,1463411908,1463411915,7
10,1463411912,1463411915,3
10,1463411917,1463411920,3
1,1463411921,1463411939,18
1,1463411953,1463411964,11
1,1463411994,1463412004,10
1,1463412012,1463412018,6
1,1463412023,1463412025,2
1,1463412031,1463412049,18
4,1463412043,1463412050,7
4,1463412052,1463412054,2
1,1463412054,1463412067,13
4,1463412055,1463412064,9
4,1463412064,1463412071,7
4,1463412071,1463412074,3
4,1463412077,1463412079,2
4,1463412079,1463412083,4
4,1463412083,1463412086,3
4,1463412087,1463412089,2
4,1463412089,1463412091,2
4,1463412093,1463412095,2
4,1463412095,1463412098,3
10,1463412096,1463412098,2
4,1463412098,1463412101,3
4,1463412101,1463412103,2
4,1463412103,1463412106,3
4,1463412106,1463412109,3
4,1463412109,1463412114,5
4,1463412114,1463412123,9
1,1463412121,1463412126,5
4,1463412123,1463412127,4
4,1463412127,1463412141,14
1,1463412132,1463412140,8
4,1463412142,1463412145,3
10,1463412143,1463412146,3
4,1463412146,1463412150,4
10,1463412146,1463412147,1
10,1463412149,1463412150,1
4,1463412151,1463412154,3
10,1463412151,1463412154,3
4,1463412154,1463412156,2
4,1463412156,1463412159,3
10,1463412158,1463412159,1
4,1463412159,1463412161,2
4,1463412161,1463412164,3
10,1463412163,1463412164,1
1,1463412166,1463412171,5
4,1463412172,1463412174,2
1,1463412182,1463412184,2
4,1463412185,1463412212,27
1,1463412187,1463412189,2
10,1463412188,1463412189,1
1,1463412207,1463412216,9
4,1463412212,1463412230,18
1,1463412238,1463412240,2
4,1463412242,1463412246,4
4,1463412247,1463412249,2
1,1463412248,1463412256,8
4,1463412255,1463412258,3
4,1463412259,1463412261,2
4,1463412261,1463412266,5
10,1463412263,1463412266,3
4,1463412266,1463412270,4
4,1463412270,1463412277,7
1,1463412272,1463412276,4
4,1463412277,1463412281,4
4,1463412282,1463412284,2
4,1463412284,1463412290,6
1,1463412286,1463412288,2
4,1463412290,1463412294,4
4,1463412294,1463412297,3
4,1463412299,1463412301,2
4,1463412301,1463412303,2
1,1463412306,1463412308,2
1,1463412314,1463412317,3
4,1463412323,1463412326,3
4,1463412326,1463412332,6
4,1463412333,1463412337,4
4,1463412337,1463412339,2
4,1463412339,1463412341,2
4,1463412343,1463412346,3
4,1463412347,1463412350,3
4,1463412352,1463412358,6
1,1463412353,1463412355,2
4,1463412358,1463412365,7
1,1463412359,1463412372,13
4,1463412369,1463412373,4
4,1463412373,1463412375,2
4,1463412376,1463412378,2
4,1463412378,1463412380,2
1,1463412381,1463412385,4
4,1463412386,1463412392,6
1,1463412388,1463412389,1
4,1463412392,1463412396,4
4,1463412396,1463412403,7
1,1463412399,1463412402,3
10,1463412399,1463412402,3
4,1463412403,1463412405,2
1,1463412407,1463412413,6
4,1463412411,1463412422,11
1,1463412417,1463412418,1
4,1463412422,1463412462,40
1,1463412433,1463412462,29
4,1463412462,1463412465,3
4,1463412466,1463412469,3
10,1463412466,1463412468,2
1,1463412467,1463412468,1
4,1463412469,1463412471,2
4,1463412472,1463412476,4
10,1463412472,1463412476,4
4,1463412477,1463412479,2
4,1463412480,1463412484,4
4,1463412484,1463412489,5
4,1463412490,1463412493,3
4,1463412493,1463412495,2
4,1463412496,1463412499,3
4,1463412499,1463412501,2
4,1463412501,1463412504,3
4,1463412505,1463412508,3
4,1463412508,1463412513,5
1,1463412626,1463412636,10
6,1463412646,1463412647,1
1,1463412690,1463412697,7
1,1463412701,1463412703,2
4,1463412710,1463412712,2
4,1463412712,1463412715,3
4,1463412718,1463412721,3
4,1463412721,1463412723,2
4,1463412727,1463412729,2
4,1463412731,1463412734,3
4,1463412734,1463412736,2
4,1463412737,1463412739,2
4,1463412739,1463412741,2
4,1463412742,1463412744,2
4,1463412744,1463412749,5
4,1463412749,1463412753,4
10,1463412751,1463412753,2
4,1463412753,1463412755,2
4,1463412755,1463412758,3
1,1463412832,1463412833,1
6,1463412849,1463412852,3
1,1463412883,1463412889,6
1,1463412893,1463412895,2
4,1463412920,1463412998,78
1,1463412927,1463412929,2
1,1463412953,1463412956,3
1,1463412959,1463412963,4
1,1463412968,1463412975,7
1,1463412992,1463412995,3
5,1463412995,1463412998,3
1,1463413562,1463413569,7
1,1463413578,1463413586,8
4,1463413581,1463413599,18
1,1463413593,1463413598,5
4,1463413600,1463413604,4
1,1463413609,1463413617,8
1,1463413644,1463413646,2
1,1463413661,1463413662,1
1,1463413981,1463413993,12
1,1463413997,1463414000,3
1,1463414060,1463414065,5
1,1463414224,1463414227,3
1,1463414269,1463414271,2
1,1463414292,1463414296,4
1,1463414303,1463414306,3
1,1464858513,1464858575,62
1,1464858593,1464858597,4
1,1464858621,1464858632,11
1,1464858859,1464858860,1
6,1464858874,1464858876,2
1,1464967734,1464967747,13
4,1464967749,1464967753,4
1,1464967751,1464967753,2
1,1464968266,1464968271,5
1,1465077518,1465077527,9
1,1465077532,1465077537,5
1,1465077586,1465077587,1
6,1465077604,1465077606,2
1,1465077626,1465077635,9
4,1465077632,1465077635,3
4,1465077635,1465077665,30
1,1465077652,1465077654,2
1,1465077657,1465077663,6
4,1465077665,1465077670,5
1,1465077667,1465077672,5
4,1465077675,1465081040,3365
1,1465077680,1465077689,9
1,1465077692,1465077695,3
1,1465077700,1465077701,1
1,1465077704,1465077712,8
1,1465077744,1465077746,2
1,1465077752,1465077758,6
1,1465081033,1465081039,6
4,1465081040,1465131390,50350
1,1465081043,1465081045,2
1,1465081049,1465081057,8
1,1465081061,1465081066,5
1,1465081071,1465081074,3
1,1465081102,1465081107,5
1,1465081115,1465081119,4
1,1465081138,1465081142,4
1,1465131304,1465131330,26
1,1465131343,1465131346,3
5,1465131346,1465131373,27
1,1465131359,1465131364,5
1,1465131371,1465131392,21
4,1465131393,1465131395,2
4,1465131395,1465131398,3
4,1465131398,1465131400,2
4,1465131401,1465131411,10
1,1465131403,1465131409,6
1,1465131412,1465131413,1
4,1465131414,1465131416,2
4,1465131416,1465131419,3
1,1465131417,1465131427,10
4,1465131419,1465131444,25
1,1465131433,1465131456,23
4,1465131444,1465131458,14
4,1465131458,1465131463,5
1,1465131460,1465131462,2
4,1465131464,1465131467,3
4,1465131468,1465131473,5
1,1465131470,1465131471,1
4,1465131473,1465131478,5
1,1465131475,1465131490,15
4,1465131480,1465131484,4
10,1465131481,1465131482,1
4,1465131491,1465131497,6
1,1465131494,1465131496,2
4,1465131497,1465131500,3
4,1465131501,1465131515,14
10,1465131502,1465131503,1
10,1465131512,1465131515,3
4,1465131515,1465131525,10
1,1465131518,1465131525,7
4,1465131526,1465131539,13
1,1465131529,1465131532,3
4,1465131539,1465131544,5
4,1465131544,1465131550,6
1,1465131547,1465131549,2
4,1465131550,1465131553,3
10,1465131551,1465131553,2
4,1465131553,1465131555,2
4,1465131556,1465131560,4
4,1465131560,1465131565,5
4,1465131565,1465131585,20
1,1465131568,1465131590,22
4,1465131585,1465131588,3
4,1465131589,1465131592,3
4,1465131592,1465131594,2
1,1465131593,1465131602,9
4,1465131599,1465131671,72
1,1465131665,1465131670,5
4,1465131671,1465131673,2
4,1465131674,1465131676,2
4,1465131676,1465131679,3
4,1465131679,1465131681,2
4,1465131681,1465131684,3
4,1465131684,1465131687,3
4,1465131687,1465131691,4
1,1465131689,1465131694,5
4,1465131691,1465131695,4
4,1465131695,1465131699,4
1,1465131698,1465131711,13
4,1465131701,1465131706,5
4,1465131709,1465131717,8
1,1465131715,1465131716,1
4,1465131718,1465131720,2
4,1465131720,1465131723,3
1,1465131724,1465131726,2
10,1465131726,1465131731,5
4,1465131731,1465131736,5
4,1465131736,1465131739,3
10,1465131736,1465131739,3
4,1465131739,1465131741,2
4,1465131741,1465131748,7
1,1465131744,1465131747,3
4,1465131748,1465131750,2
10,1465131748,1465131750,2
4,1465131750,1465131752,2
4,1465131754,1465131758,4
4,1465131760,1465131788,28
1,1465131760,1465131763,3
1,1465131779,1465131781,2
4,1465131790,1465131792,2
4,1465131792,1465131796,4
4,1465131796,1465131799,3
10,1465131798,1465131799,1
4,1465131799,1465131803,4
10,1465131799,1465131803,4
4,1465131803,1465131806,3
4,1465131806,1465131808,2
4,1465131808,1465131811,3
4,1465131812,1465131814,2
4,1465131815,1465131817,2
4,1465131817,1465131820,3
10,1465131817,1465131819,2
10,1465131819,1465131820,1
10,1465131820,1465131823,3
4,1465131823,1465131835,12
4,1465131835,1465131838,3
4,1465131839,1465131843,4
10,1465131841,1465131843,2
4,1465131843,1465131847,4
4,1465131847,1465131850,3
4,1465131850,1465131853,3
1,1465131860,1465131861,1
4,1465131862,1465131864,2
4,1465131865,1465131868,3
4,1465131868,1465131876,8
10,1465131870,1465131876,6
4,1465131877,1465131880,3
4,1465131880,1465131883,3
4,1465131889,1465131892,3
10,1465131889,1465131891,2
4,1465131892,1465131894,2
4,1465131894,1465131909,15
1,1465131897,1465131902,5
4,1465131909,1465131911,2
4,1465131911,1465131914,3
4,1465131914,1465131922,8
10,1465131915,1465131922,7
4,1465131923,1465132178,255
1,1465132162,1465132178,16
4,1465132179,1465132181,2
4,1465132181,1465132184,3
4,1465132184,1465132186,2
4,1465132186,1465132192,6
4,1465132192,1465132195,3
10,1465132193,1465132195,2
4,1465132195,1465132198,3
4,1465132198,1465132204,6
4,1465132205,1465132208,3
4,1465132208,1465132212,4
1,1465132210,1465132217,7
4,1465132212,1465132224,12
4,1465132224,1465132233,9
1,1465132226,1465132228,2
4,1465132233,1465132236,3
1,1465132234,1465132235,1
4,1465132237,1465132262,25
1,1465132239,1465132243,4
4,1465132262,1465132265,3
1,1465132266,1465132275,9
4,1465132268,1465132273,5
4,1465132274,1465132291,17
1,1465132278,1465132306,28
4,1465132292,1465132296,4
4,1465132298,1465132307,9
4,1465132309,1465132312,3
10,1465132310,1465132312,2
4,1465132312,1465132314,2
10,1465132313,1465132314,1
4,1465132315,1465132318,3
10,1465132315,1465132317,2
4,1465132318,1465132322,4
4,1465132322,1465132325,3
4,1465132325,1465132328,3
4,1465132328,1465132330,2
4,1465132330,1465132335,5
1,1465132333,1465132334,1
4,1465132338,1465132340,2
4,1465132340,1465132342,2
4,1465132342,1465132358,16
4,1465132358,1465132360,2
4,1465132361,1465132370,9
4,1465132370,1465132373,3
4,1465132373,1465132376,3
4,1465132376,1465132381,5
4,1465132381,1465132383,2
4,1465132384,1465132387,3
10,1465132384,1465132385,1
4,1465132388,1465132390,2
4,1465132390,1465132393,3
4,1465132393,1465132395,2
4,1465132395,1465132401,6
4,1465132404,1465132407,3
1,1465132415,1465132424,9
4,1465132424,1465132427,3
4,1465132427,1465132429,2
4,1465132430,1465132433,3
10,1465132432,1465132433,1
4,1465132433,1465132435,2
4,1465132435,1465132438,3
4,1465132439,1465132443,4
10,1465132441,1465132443,2
4,1465132443,1465132453,10
4,1465132454,1465132456,2
4,1465132456,1465132458,2
4,1465132458,1465132461,3
4,1465132461,1465132466,5
1,1465132462,1465132468,6
4,1465132466,1465132470,4
4,1465132470,1465132473,3
4,1465132473,1465132493,20
4,1465132493,1465132495,2
4,1465132495,1465132498,3
10,1465132496,1465132498,2
4,1465132498,1465132500,2
4,1465132500,1465132502,2
4,1465132502,1465132504,2
4,1465132504,1465132510,6
1,1465132508,1465132522,14
4,1465132511,1465132513,2
4,1465132515,1465132520,5
4,1465132520,1465132523,3
4,1465132523,1465132526,3
4,1465132526,1465132529,3
10,1465132527,1465132528,1
4,1465132529,1465132531,2
4,1465132531,1465132533,2
4,1465132533,1465132536,3
4,1465132536,1465132539,3
4,1465132539,1465132544,5
1,1465132541,1465132543,2
4,1465132545,1465132548,3
4,1465132548,1465132555,7
1,1465132551,1465132554,3
4,1465132557,1465132563,6
1,1465132557,1465132567,10
4,1465132563,1465132568,5
4,1465132568,1465132571,3
4,1465132571,1465132574,3
4,1465132574,1465132576,2
4,1465132576,1465132579,3
4,1465132579,1465132581,2
4,1465132582,1465132585,3
4,1465132585,1465132588,3
4,1465132588,1465132590,2
4,1465132590,1465132593,3
10,1465132594,1465132597,3
4,1465132597,1465132601,4
4,1465132607,1465132612,5
1,1465132609,1465132613,4
4,1465132612,1465132651,39
1,1465132617,1465132628,11
1,1465132631,1465132649,18
4,1465132651,1465132658,7
10,1465132653,1465132656,3
4,1465132658,1465132664,6
10,1465132658,1465132661,3
1,1465132668,1465132681,13
4,1465132682,1465132684,2
4,1465132684,1465132718,34
1,1465132687,1465132707,20
1,1465132711,1465132714,3
4,1465132725,1465132727,2
4,1465132728,1465132730,2
4,1465132731,1465132733,2
4,1465132733,1465132736,3
4,1465132736,1465132741,5
1,1465132738,1465132739,1
4,1465132741,1465132747,6
10,1465132742,1465132747,5
10,1465132748,1465132749,1
4,1465132749,1465132758,9
1,1465132890,1465132897,7
1,1465132903,1465132922,19
4,1465132924,1465132935,11
1,1465132926,1465132934,8
4,1465132935,1465132941,6
4,1465132941,1465132946,5
4,1465132946,1465132951,5
1,1465132954,1465132964,10
4,1465132965,1465132967,2
4,1465132968,1465132974,6
6,1465133090,1465133091,1
1,1465133093,1465133104,11
5,1465133105,1465133109,4
1,1465133162,1465133173,11
4,1465133175,1465133178,3
4,1465133179,1465133185,6
10,1465133181,1465133184,3
4,1465133185,1465133187,2
10,1465133186,1465133188,2
4,1465133187,1465133190,3
4,1465133190,1465133193,3
4,1465133198,1465133200,2
4,1465133200,1465133202,2
4,1465133202,1465133206,4
4,1465133207,1465133210,3
4,1465133211,1465133241,30
1,1465133236,1465133238,2
4,1465133241,1465133297,56
1,1465133248,1465133259,11
1,1465133270,1465133277,7
1,1465133280,1465133297,17
11,1465133298,1465133301,3
4,1465133298,1465133300,2
4,1465133300,1465133304,4
11,1465133301,1465133321,20
1,1465133301,1465133303,2
1,1465133319,1465133357,38
11,1465133321,1465133323,2
4,1465133323,1465133402,79
11,1465133323,1465133332,9
11,1465133333,1465133341,8
11,1465133341,1465133347,6
11,1465133347,1465133354,7
11,1465133354,1465133365,11
1,1465133364,1465133384,20
11,1465133365,1465133367,2
11,1465133367,1465133384,17
11,1465133384,1465133401,17
1,1465133399,1465133406,7
4,1465133407,1465133410,3
4,1465133410,1465133413,3
10,1465133412,1465133413,1
4,1465133414,1465133417,3
4,1465133419,1465133421,2
4,1465133421,1465133424,3
4,1465133424,1465133426,2
4,1465133426,1465133436,10
1,1465133432,1465133436,4
4,1465133437,1465133439,2
4,1465133439,1465133441,2
1,1465133443,1465133446,3
1,1465133455,1465133457,2
4,1465133459,1465133461,2
4,1465133463,1465133466,3
4,1465133467,1465133469,2
4,1465133469,1465133471,2
4,1465133473,1465133475,2
4,1465133475,1465133478,3
1,1465133482,1465133483,1
4,1465133484,1465133486,2
4,1465133487,1465133490,3
10,1465133487,1465133488,1
4,1465133490,1465133515,25
1,1465133498,1465133504,6
1,1465133534,1465133539,5
1,1465134427,1465134431,4
4,1465134432,1465134445,13
1,1465134435,1465134439,4
4,1465134445,1465134479,34
1,1465134450,1465134454,4
1,1465134463,1465134478,15
4,1465134480,1465134485,5
10,1465134480,1465134485,5
4,1465134485,1465134488,3
1,1465134486,1465134487,1
4,1465134488,1465134491,3
10,1465134491,1465134492,1
1,1465134493,1465134498,5
4,1465134502,1465134506,4
10,1465134502,1465134504,2
10,1465134504,1465134506,2
4,1465134506,1465134516,10
1,1465134508,1465134511,3
4,1465134516,1465134518,2
4,1465134518,1465134521,3
4,1465134521,1465134523,2
10,1465134522,1465134524,2
4,1465134524,1465134526,2
4,1465134526,1465134529,3
4,1465134529,1465134532,3
4,1465134534,1465134539,5
1,1465134535,1465134536,1
4,1465134539,1465134544,5
4,1465134545,1465134548,3
4,1465134548,1465134551,3
4,1465134551,1465134558,7
4,1465134558,1465134560,2
4,1465134560,1465134566,6
1,1465134563,1465134565,2
4,1465134566,1465134569,3
1,1465134572,1465134574,2
1,1465134585,1465134590,5
1,1465134626,1465134634,8
4,1465134631,1465134635,4
4,1465134635,1465134637,2
10,1465134636,1465134637,1
4,1465134637,1465134640,3
4,1465134642,1465135566,924
1,1465134644,1465134646,2
1,1465134662,1465134666,4
1,1465135550,1465135575,25
4,1465135568,1465135576,8
4,1465135576,1465135579,3
10,1465135580,1465135581,1
4,1465135585,1465135589,4
1,1465135590,1465135592,2
4,1465135593,1465135601,8
10,1465135595,1465135598,3
1,1465135596,1465135606,10
4,1465135601,1465135603,2
4,1465135604,1465135616,12
1,1465135611,1465135618,7
4,1465135616,1465135619,3
4,1465135619,1465135625,6
1,1465135621,1465135645,24
4,1465135625,1465135631,6
4,1465135631,1465135634,3
10,1465135635,1465135636,1
4,1465135640,1465135643,3
4,1465135643,1465135646,3
10,1465135644,1465135645,1
4,1465135646,1465135651,5
4,1465135651,1465657654,522003
1,1465135660,1465135666,6
1,1465135678,1465135693,15
1,1465135703,1465135704,1
1,1465138303,1465138307,4
1,1465138332,1465138342,10
1,1465138353,1465138358,5
1,1465138690,1465138692,2
1,1465657621,1465657632,11
10,1465657626,1465657627,1
1,1465657640,1465657642,2
1,1465657647,1465657653,6
4,1465657655,1465657658,3
4,1465657658,1465657660,2
4,1465657660,1465657663,3
4,1465657663,1465657668,5
4,1465657668,1465657670,2
4,1465657671,1465657910,239
10,1465657672,1465657674,2
1,1465657674,1465657675,1
1,1465657692,1465657704,12
1,1465657707,1465657714,7
1,1465657736,1465657748,12
1,1465657890,1465657896,6
1,1465657903,1465657908,5
4,1465657910,1465657923,13
10,1465657911,1465657923,12
4,1465657923,1465657925,2
4,1465657925,1465658003,78
10,1465657926,1465657929,3
1,1465657935,1465657939,4
4,1465658004,1465658007,3
10,1465658004,1465658007,3
4,1465658007,1465658026,19
1,1465658015,1465658017,2
1,1465658026,1465658046,20
1,1465658049,1465658059,10
1,1465658062,1465658080,18
1,1465658088,1465658095,7
1,1465658098,1465658102,4
1,1465658106,1465658107,1
1,1465658112,1465658116,4
1,1465658131,1465658138,7
1,1465658142,1465658149,7
4,1465658150,1465658154,4
10,1465658152,1465658154,2
4,1465658154,1465658157,3
10,1465658154,1465658158,4
4,1465658158,1465658162,4
10,1465658160,1465658162,2
4,1465658162,1465658166,4
10,1465658163,1465658165,2
10,1465658167,1465658170,3
4,1465658170,1465658172,2
10,1465658171,1465658172,1
10,1465658172,1465658174,2
4,1465658174,1465658378,204
1,1465658176,1465658180,4
1,1465658185,1465658197,12
1,1465658374,1465658377,3
4,1465658378,1465658381,3
4,1465658381,1465658384,3
4,1465658384,1465658387,3
4,1465658387,1465658390,3
4,1465658390,1465658394,4
4,1465658394,1465658399,5
4,1465658399,1465658402,3
4,1465658405,1465658416,11
1,1465658409,1465658414,5
4,1465658424,1465658426,2
4,1465658426,1465658428,2
4,1465658429,1465658454,25
1,1465658430,1465658432,2
1,1465658452,1465658453,1
10,1465658455,1465658463,8
4,1465658463,1465658467,4
4,1465658467,1465658613,146
1,1465658564,1465658565,1
1,1465658568,1465658574,6
1,1465658602,1465658612,10
1,1465658635,1465658636,1
4,1465658646,1465658978,332
1,1465658649,1465658650,1
1,1465658929,1465658931,2
1,1465658943,1465658949,6
1,1465658973,1465658987,14
4,1465658984,1465658996,12
4,1465658996,1465659005,9
4,1465659006,1465660802,1796
1,1465659029,1465659035,6
1,1465659050,1465659052,2
1,1465659101,1465659110,9
1,1465659135,1465659149,14
1,1465659202,1465659205,3
1,1465659249,1465659265,16
1,1465659269,1465659273,4
1,1465659276,1465659278,2
1,1465659310,1465659311,1
1,1465659329,1465659330,1
1,1465659334,1465659338,4
1,1465659568,1465659580,12
1,1465660305,1465660306,1
1,1465660787,1465660789,2
1,1465660794,1465660804,10
4,1465660805,1465660827,22
1,1465660808,1465660812,4
1,1465660816,1465660825,9
4,1465660827,1465660837,10
10,1465660828,1465660829,1
10,1465660829,1465660835,6
4,1465660837,1465660858,21
1,1465660856,1465660863,7
4,1465660861,1465660864,3
4,1465660864,1465660870,6
10,1465660866,1465660870,4
4,1465660870,1465660872,2
10,1465660870,1465660871,1
4,1465660873,1465660877,4
10,1465660873,1465660874,1
4,1465660877,1465660880,3
4,1465660880,1465660882,2
4,1465660882,1465660885,3
4,1465660885,1465660893,8
1,1465660887,1465660911,24
4,1465660894,1465660896,2
1,1465660919,1465660929,10
4,1465660924,1465660930,6
4,1465660932,1465660936,4
1,1465660958,1465660959,1
1,1465660979,1465660992,13
1,1465663304,1465663305,1
1,1465663334,1465663350,16
4,1465663352,1465663356,4
4,1465663356,1465663362,6
4,1465663362,1465663368,6
1,1465663364,1465663366,2
10,1465663368,1465663370,2
4,1465663369,1465663376,7
10,1465663370,1465663372,2
1,1465663377,1465663381,4
1,1465663385,1465663409,24
4,1465663395,1465663465,70
1,1465663446,1465663464,18
4,1465663465,1465663473,8
10,1465663466,1465663467,1
1,1465663468,1465663473,5
4,1465663474,1465663476,2
4,1465663476,1465663479,3
4,1465663482,1465663485,3
10,1465663482,1465663484,2
4,1465663485,1465663488,3
4,1465663489,1465663494,5
1,1465663496,1465663510,14
4,1465663499,1465663880,381
14,1465663507,1465663526,19
1,1465663526,1465663532,6
1,1465663552,1465663554,2
1,1465663561,1465663565,4
1,1465663572,1465663575,3
1,1465663632,1465663649,17
1,1465663661,1465663667,6
1,1465663859,1465663871,12
1,1465663874,1465663882,8
4,1465663884,1465663907,23
1,1465663887,1465663891,4
1,1465663895,1465663898,3
1,1465663902,1465663907,5
4,1465663908,1465663914,6
4,1465663914,1465667311,3397
1,1465663915,1465663919,4
1,1465663923,1465663925,2
1,1465663952,1465663954,2
1,1465663958,1465663960,2
1,1465666529,1465666539,10
1,1465666901,1465666917,16
1,1465667141,1465667190,49
5,1465667190,1465667203,13
1,1465667203,1465667237,34
1,1465667260,1465667311,51
14,1465667268,1465667271,3
1,1465667323,1465667341,18
14,1465667338,1465667438,100
11,1465667341,1465667347,6
4,1465667342,1465667345,3
1,1465667344,1465667382,38
4,1465667345,1465667348,3
11,1465667347,1465667351,4
11,1465667351,1465667354,3
11,1465667354,1465667357,3
11,1465667357,1465667359,2
11,1465667359,1465667382,23
11,1465667382,1465667387,5
4,1465667383,1465667395,12
1,1465667386,1465667400,14
11,1465667387,1465667438,51
1,1465667417,1465667447,30
5,1465667436,1465667438,2
4,1465667438,1465667448,10
4,1465667449,1465667452,3
4,1465667454,1465667458,4
10,1465667454,1465667458,4
4,1465667458,1465667476,18
1,1465667471,1465667476,5
4,1465667477,1465667480,3
10,1465667479,1465667480,1
4,1465667480,1465667482,2
4,1465667482,1465667485,3
4,1465667486,1465667505,19
1,1465667489,1465667507,18
4,1465667508,1465667512,4
4,1465667514,1465667517,3
1,1465667515,1465667516,1
4,1465667517,1465667522,5
10,1465667519,1465667521,2
4,1465667522,1465667527,5
10,1465667523,1465667524,1
1,1465667594,1465667596,2
6,1465667610,1465667611,1
1,1465667614,1465667625,11
1,1465667660,1465667673,13
5,1465667667,1465667668,1
4,1465667667,1465667671,4
4,1465667671,1465667675,4
4,1465667675,1465667680,5
4,1465667682,1465667685,3
10,1465667683,1465667685,2
10,1465667686,1465667690,4
4,1465667690,1465667692,2
4,1465667694,1465667706,12
4,1465667707,1465667709,2
10,1465667708,1465667709,1
1,1465667771,1465667773,2
6,1465667787,1465667788,1
1,1465667799,1465667801,2
4,1465667804,1465667806,2
4,1465667807,1465667817,10
1,1465667810,1465667816,6
4,1465667818,1465667824,6
1,1465667820,1465667822,2
4,1465667824,1465667834,10
10,1465667832,1465667834,2
4,1465667834,1465667839,5
4,1465667839,1465667842,3
1,1465667840,1465667841,1
4,1465667842,1465667844,2
10,1465667845,1465667846,1
4,1465667846,1465667849,3
4,1465667849,1465667851,2
10,1465667849,1465667851,2
4,1465667851,1465667853,2
4,1465667854,1465667858,4
1,1465667857,1465667882,25
4,1465667858,1465667861,3
4,1465667861,1465667863,2
4,1465667863,1465667869,6
10,1465667872,1465667875,3
4,1465667875,1465667878,3
4,1465667890,1465667897,7
1,1465667892,1465667895,3
4,1465667897,1465667980,83
1,1465667898,1465667905,7
14,1465667903,1465667923,20
1,1465667924,1465667925,1
1,1465667928,1465667932,4
1,1465667943,1465667945,2
1,1465667964,1465667966,2
1,1465667974,1465667979,5
4,1465667980,1465667992,12
10,1465667981,1465667982,1
10,1465667982,1465667992,10
1,1465667996,1465668000,4
4,1465667997,1465667999,2
1,1465668004,1465668008,4
4,1465668009,1465668018,9
10,1465668009,1465668016,7
1,1465668012,1465668018,6
4,1465668020,1465668043,23
1,1465668023,1465668041,18
4,1465668078,1465668083,5
10,1465668080,1465668082,2
4,1465668083,1465668086,3
10,1465668084,1465668086,2
4,1465668086,1465668089,3
4,1465668089,1465668102,13
10,1465668090,1465668102,12
4,1465668102,1465668104,2
1,1465668172,1465668174,2
6,1465668187,1465668188,1
1,1465668196,1465668198,2
4,1465668199,1465668201,2
4,1465668202,1465668215,13
10,1465668212,1465668214,2
4,1465668215,1465668219,4
4,1465668219,1465668230,11
4,1465668230,1465668234,4
10,1465668231,1465668233,2
4,1465668234,1465668248,14
1,1465668236,1465668240,4
1,1465668251,1465668271,20
4,1465668271,1465668274,3
4,1465668274,1465668276,2
10,1465668275,1465668276,1
4,1465668276,1465668281,5
10,1465668277,1465668281,4
4,1465668281,1465668296,15
4,1465668296,1465668316,20
1,1465736519,1465736521,2
1,1465736545,1465736553,8
1,1465736819,1465736838,19
1,1465746286,1465746320,34
6,1465746298,1465746299,1
1,1465746330,1465746332,2
4,1465746334,1465746337,3
4,1465746337,1465746339,2
4,1465746339,1465746342,3
4,1465746342,1465746346,4
10,1465746345,1465746346,1
4,1465746346,1465746350,4
4,1465746350,1465746354,4
4,1465746354,1465746356,2
4,1465746357,1465746360,3
4,1465746360,1465746363,3
10,1465746361,1465746363,2
4,1465746363,1465746365,2
4,1465746365,1465746367,2
4,1465746368,1465746370,2
4,1465746372,1465746376,4
4,1465746376,1465746381,5
4,1465746381,1465746384,3
4,1465746385,1465746387,2
1,1465746391,1465746430,39
4,1465746397,1465746421,24
4,1465746426,1465746430,4
4,1465746430,1465746434,4
4,1465746435,1465746437,2
1,1465746440,1465746443,3
4,1465746443,1465746494,51
1,1465746448,1465746454,6
1,1465746482,1465746493,11
4,1465746494,1465746496,2
4,1465746497,1465746499,2
4,1465746499,1465746501,2
4,1465746501,1465746504,3
4,1465746506,1465746523,17
1,1465746508,1465746510,2
1,1465746515,1465746522,7
4,1465746524,1465746528,4
4,1465746528,1465746531,3
4,1465746531,1465746534,3
4,1465746534,1465746536,2
4,1465746536,1465746538,2
4,1465746539,1465746541,2
4,1465746541,1465746543,2
4,1465746543,1465746545,2
4,1465746546,1465746554,8
1,1465746552,1465746553,1
4,1465746555,1465746564,9
1,1465746558,1465746563,5
4,1465746565,1465746567,2
10,1465746566,1465746567,1
4,1465746568,1465746570,2
10,1465746569,1465746570,1
4,1465746570,1465746573,3
4,1465746573,1465746576,3
4,1465746576,1465746579,3
4,1465746579,1465746581,2
4,1465746581,1465746583,2
4,1465746583,1465746590,7
4,1465746591,1465746595,4
4,1465746596,1465746598,2
10,1465746598,1465746604,6
4,1465746604,1465746607,3
4,1465746607,1465746609,2
4,1465746609,1465746612,3
10,1465746610,1465746612,2
4,1465746612,1465746614,2
4,1465746615,1465746619,4
4,1465746620,1465746622,2
4,1465746622,1465746627,5
4,1465746628,1465746631,3
4,1465746631,1465746637,6
1,1465746634,1465746636,2
4,1465746637,1465746639,2
4,1465746639,1465746641,2
4,1465746641,1465746677,36
1,1465746651,1465746668,17
1,1465746672,1465746676,4
4,1465746677,1465746680,3
1,1465746697,1465746699,2
1,1465746702,1465746705,3
1,1465746723,1465746730,7
1,1465746738,1465746744,6
4,1465746748,1465746750,2
4,1465746750,1465746752,2
4,1465746752,1465746764,12
4,1465746765,1465746767,2
4,1465746767,1465746772,5
4,1465746773,1465746775,2
4,1465746778,1465746784,6
4,1465746784,1465746815,31
1,1465746797,1465746805,8
1,1465746812,1465746814,2
4,1465746816,1465746819,3
10,1465746817,1465746819,2
4,1465746819,1465746823,4
10,1465746821,1465746823,2
4,1465746823,1465746826,3
4,1465746826,1465746832,6
4,1465746832,1465746836,4
1,1465746833,1465746842,9
4,1465746843,1465746847,4
1,1465746846,1465746851,5
10,1465746847,1465746848,1
4,1465746855,1465746874,19
1,1465746864,1465746867,3
4,1465746874,1465746882,8
1,1465746877,1465746880,3
4,1465746882,1465746885,3
4,1465746889,1465747004,115
1,1465746893,1465746897,4
1,1465746996,1465747001,5
4,1465747004,1465747007,3
4,1465747007,1465747013,6
4,1465747013,1465747016,3
4,1465747019,1465747023,4
1,1465747021,1465747022,1
4,1465747023,1465747070,47
1,1465747043,1465747047,4
1,1465747063,1465747067,4
4,1465747070,1465747079,9
1,1465747074,1465747083,9
4,1465747082,1465747092,10
1,1465747087,1465747090,3
4,1465747098,1465747107,9
1,1465747101,1465747112,11
4,1465747117,1465747122,5
1,1465747133,1465747138,5
1,1465747156,1465747159,3
1,1465747163,1465747178,15
1,1465747182,1465747198,16
4,1465747200,1465747204,4
10,1465747202,1465747203,1
4,1465747204,1465747227,23
1,1465747213,1465747226,13
4,1465747227,1465747235,8
10,1465747228,1465747229,1
1,1465747232,1465747237,5
4,1465747237,1465747240,3
4,1465747240,1466116863,369623
1,1465747264,1465747295,31
14,1465747295,1465747338,43
1,1465747304,1465747307,3
1,1465747352,1465747358,6
1,1465747540,1465747570,30
1,1465747658,1465747660,2
1,1465747685,1465747694,9
1,1466116846,1466116862,16
4,1466116863,1466156651,39788
1,1466116872,1466116890,18
1,1466117083,1466117087,4
1,1466117091,1466117095,4
1,1466117100,1466117106,6
1,1466117110,1466117117,7
1,1466117121,1466117122,1
1,1466117138,1466117141,3
1,1466156647,1466156653,6
4,1466156651,1466156654,3
4,1466156654,1466156668,14
1,1466156657,1466156661,4
1,1466156665,1466156666,1
4,1466156668,1466163622,6954
1,1466156674,1466156682,8
1,1466156932,1466156937,5
1,1466156945,1466156946,1
1,1466163603,1466163631,28
4,1466163622,1466163626,4
4,1466163629,1466163642,13
4,1466163642,1466163726,84
1,1466163643,1466163652,9
1,1466163656,1466163680,24
1,1466163685,1466163689,4
1,1466163692,1466163696,4
1,1466163700,1466163702,2
1,1466163707,1466163714,7
1,1466163720,1466163725,5
4,1466163727,1466163729,2
4,1466163729,1466163731,2
4,1466163731,1466163733,2
4,1466163733,1466163740,7
1,1466163736,1466163746,10
1,1466163756,1466163765,9
1,1466163811,1466163829,18
1,1466163833,1466163846,13
1,1466170930,1466170931,1
1,1466179953,1466179958,5
1,1466179973,1466179981,8
4,1466179982,1466179984,2
4,1466179984,1466179986,2
4,1466179986,1466179988,2
4,1466179988,1466179991,3
4,1466179991,1466179993,2
4,1466179994,1466179996,2
4,1466179996,1466179998,2
4,1466179998,1466180000,2
4,1466180000,1466180005,5
1,1466180002,1466180003,1
4,1466180005,1466181847,1842
1,1466180012,1466180017,5
1,1466180030,1466180045,15
1,1466181844,1466181849,5
4,1466181847,1466727877,546030
1,1466181857,1466181861,4
1,1466181868,1466181876,8
1,1466181890,1466181892,2
1,1466727873,1466727876,3
4,1466727878,1466727880,2
4,1466727880,1466727888,8
4,1466727889,1466727913,24
4,1466727913,1466758689,30776
1,1466727924,1466727933,9
1,1466727998,1466728001,3
1,1466728007,1466728013,6
1,1466729867,1466729890,23
1,1466729897,1466729899,2
1,1466758671,1466758694,23
4,1466758692,1466758708,16
1,1466758705,1466758720,15
4,1466758708,1466758721,13
4,1466758721,1466758723,2
4,1466758723,1466758727,4
4,1466758734,1466758738,4
1,1466758735,1466758738,3
4,1466758738,1466759582,844
1,1466758805,1466758809,4
1,1466759264,1466759270,6
1,1466759581,1466759583,2
4,1466759582,1467458193,698611
1,1466759592,1466759597,5
1,1466759648,1466759653,5
1,1466759664,1466759666,2
1,1467458161,1467458170,9
1,1467458187,1467458189,2
5,1467458189,1467458193,4
1,1467459345,1467459351,6
1,1467459368,1467459374,6
4,1467459372,1467459391,19
5,1467459374,1467459379,5
1,1467459379,1467459392,13
1,1467459398,1467459407,9
4,1467459399,1467459425,26
1,1467459415,1467459419,4
1,1467459428,1467459439,11
5,1467459439,1467459442,3
1,1467459639,1467459650,11
5,1467459648,1467459711,63
1,1467459653,1467459657,4
1,1467459661,1467459673,12
1,1467459688,1467459715,27
4,1467459711,1467464950,5239
1,1467459721,1467459725,4
1,1467459747,1467459749,2
1,1467459797,1467459799,2
1,1467462527,1467462531,4
1,1467463864,1467463867,3
1,1467464919,1467464921,2
1,1467464937,1467464967,30
5,1467464950,1467465066,116
1,1467464983,1467464990,7
1,1467464995,1467464999,4
1,1467465002,1467465006,4
1,1467465016,1467465029,13
1,1467465033,1467465054,21
1,1467465065,1467465069,4
4,1467465066,1467465929,863
1,1467465098,1467465104,6
1,1467465144,1467465149,5
1,1467465666,1467465669,3
1,1467465688,1467465713,25
1,1467465720,1467465731,11
1,1467465734,1467465743,9
1,1467465914,1467465924,10
1,1467465929,1467465937,8
1,1467466032,1467466046,14
5,1467466036,1467466055,19
4,1467466036,1467466055,19
1,1467466049,1467466089,40
5,1467466058,1467466084,26
1,1467466099,1467466100,1
1,1467466387,1467466394,7
14,1467466392,1467466418,26
1,1467466409,1467466421,12
1,1467466424,1467466430,6
1,1467466456,1467466464,8
1,1467466474,1467466482,8
1,1467466534,1467466540,6
1,1467466883,1467466885,2
1,1467466889,1467466897,8
1,1467466925,1467466931,6
1,1467466970,1467466973,3
1,1467467031,1467467033,2
1,1467467059,1467467070,11
1,1467468315,1467468321,6
1,1467468331,1467468334,3
1,1467468648,1467468651,3
1,1467468681,1467468686,5
1,1467649372,1467649381,9
5,1467649377,1467649378,1
4,1467649378,1467650530,1152
1,1467650492,1467650496,4
1,1467650502,1467650503,1
4,1467650530,1467650540,10
1,1467650539,1467650550,11
1,1467650594,1467650598,4
1,1467650772,1467650778,6
14,1467650775,1467650799,24
1,1467650860,1467650874,14
1,1467650887,1467650891,4
1,1467650896,1467650906,10
1,1467650909,1467650931,22
1,1467650935,1467650939,4
1,1467650976,1467650979,3
1,1467650983,1467650986,3
1,1467650991,1467651006,15
1,1467651014,1467651016,2
1,1467651019,1467651028,9
1,1467651031,1467651035,4
1,1467651080,1467651105,25
1,1467651115,1467651121,6
1,1467651124,1467651127,3
1,1467651133,1467651152,19
1,1467651211,1467651219,8
1,1467651225,1467651247,22
1,1467651252,1467651255,3
1,1467651321,1467651323,2
1,1467651339,1467651342,3
1,1467651385,1467651400,15
1,1467651404,1467651427,23
1,1467651433,1467651454,21
1,1467651460,1467651526,66
5,1467651485,1467651490,5
5,1467651496,1467651498,2
1,1467651530,1467651534,4
1,1467651544,1467651563,19
1,1467651568,1467651573,5
1,1467651618,1467651620,2
1,1467651659,1467651662,3
1,1467651675,1467651700,25
4,1467651680,1467653259,1579
1,1467651704,1467651707,3
1,1467651710,1467651721,11
1,1467651726,1467651740,14
1,1467651749,1467651753,4
1,1467651791,1467651795,4
1,1467651801,1467651807,6
1,1467651810,1467651816,6
1,1467651824,1467651828,4
1,1467651834,1467651837,3
1,1467651858,1467651866,8
1,1467651976,1467651984,8
1,1467651993,1467652009,16
1,1467652017,1467652036,19
1,1467652041,1467652050,9
1,1467652060,1467652063,3
1,1467652071,1467652096,25
1,1467652102,1467652122,20
1,1467652136,1467652140,4
1,1467652153,1467652154,1
1,1467652491,1467652511,20
5,1467652502,1467652506,4
1,1467652539,1467652547,8
1,1467652569,1467652584,15
1,1467652593,1467652599,6
1,1467652631,1467652645,14
1,1467652658,1467652668,10
5,1467652664,1467652680,16
1,1467652680,1467652684,4
5,1467652684,1467652689,5
1,1467652689,1467652694,5
1,1467652698,1467652704,6
5,1467652703,1467652709,6
1,1467652709,1467652713,4
5,1467652713,1467652727,14
1,1467652727,1467652732,5
1,1467652736,1467652741,5
5,1467652741,1467652748,7
1,1467652749,1467652757,8
5,1467652757,1467652763,6
1,1467652763,1467652768,5
5,1467652768,1467652773,5
1,1467652774,1467652775,1
1,1467652851,1467652864,13
1,1467652874,1467652881,7
1,1467652884,1467652889,5
1,1467652946,1467652949,3
1,1467652958,1467652962,4
1,1467652968,1467652976,8
1,1467652990,1467652998,8
1,1467653001,1467653013,12
5,1467653013,1467653020,7
1,1467653024,1467653037,13
1,1467653045,1467653049,4
1,1467653052,1467653087,35
1,1467653091,1467653123,32
1,1467653127,1467653138,11
1,1467653147,1467653159,12
1,1467653170,1467653177,7
1,1467653185,1467653222,37
1,1467653239,1467653244,5
1,1467653248,1467653257,9
4,1467653260,1467653262,2
4,1467653262,1467653265,3
4,1467653265,1467653267,2
4,1467653267,1467654379,1112
1,1467653269,1467653280,11
1,1467653284,1467653318,34
5,1467653315,1467653316,1
1,1467653322,1467653330,8
1,1467653333,1467653336,3
1,1467653344,1467653346,2
1,1467653350,1467653370,20
1,1467653378,1467653379,1
1,1467653385,1467653401,16
1,1467653418,1467653432,14
1,1467653438,1467653444,6
1,1467653533,1467653542,9
1,1467653548,1467653581,33
5,1467653566,1467653567,1
1,1467653585,1467653589,4
5,1467653589,1467653602,13
1,1467653602,1467653605,3
1,1467653609,1467653611,2
1,1467653616,1467653620,4
5,1467653620,1467653632,12
1,1467653866,1467653869,3
1,1467653874,1467653886,12
1,1467653941,1467653944,3
1,1467653951,1467653957,6
1,1467653960,1467653962,2
1,1467653974,1467653981,7
1,1467654007,1467654023,16
1,1467654027,1467654033,6
1,1467654039,1467654053,14
1,1467654088,1467654096,8
1,1467654123,1467654153,30
1,1467654157,1467654159,2
1,1467654164,1467654167,3
1,1467654186,1467654201,15
1,1467654206,1467654211,5
1,1467654215,1467654237,22
1,1467654245,1467654248,3
1,1467654252,1467654256,4
1,1467654259,1467654273,14
1,1467654281,1467654285,4
1,1467654291,1467654292,1
1,1467654302,1467654304,2
1,1467654312,1467654315,3
1,1467654324,1467654327,3
1,1467654331,1467654335,4
1,1467654351,1467654378,27
1,1467654384,1467654390,6
1,1467654416,1467654419,3
4,1467654420,1467654423,3
4,1467654423,1467654858,435
1,1467654424,1467654432,8
1,1467654436,1467654465,29
5,1467654438,1467654440,2
1,1467654527,1467654532,5
1,1467654546,1467654549,3
1,1467654657,1467654684,27
1,1467654692,1467654710,18
1,1467654730,1467654750,20
1,1467654755,1467654757,2
1,1467654851,1467654864,13
5,1467654857,1467654858,1
1,1467654875,1467654886,11
5,1467654882,1467654886,4
4,1467654892,1467654899,7
1,1467654896,1467654899,3
1,1467654906,1467654914,8
5,1467654910,1467654913,3
1,1467655370,1467655371,1
1,1467655570,1467655578,8
6,1467655607,1467655610,3
1,1467655612,1467655620,8
5,1467655618,1467655623,5
1,1467655623,1467655640,17
4,1467655693,1467655696,3
1,1467655710,1467655717,7
1,1467655723,1467655733,10
1,1467655740,1467655768,28
1,1467655775,1467655777,2
1,1467655979,1467656012,33
1,1467656019,1467656021,2
1,1467656027,1467656050,23
1,1467656198,1467656213,15
1,1467656216,1467656217,1
1,1467656222,1467656227,5
1,1467708534,1467708556,22
1,1467708565,1467708567,2
1,1467708593,1467708605,12
4,1467708606,1467708616,10
1,1467708608,1467708628,20
4,1467708620,1467708643,23
1,1467708639,1467708765,126
4,1467708646,1467708650,4
4,1467708661,1467708663,2
4,1467708671,1467708677,6
4,1467708679,1467708684,5
4,1467708684,1467708687,3
4,1467708692,1467708700,8
4,1467708701,1467708706,5
4,1467708708,1467708719,11
4,1467708724,1467708729,5
4,1467708737,1467708743,6
4,1467708749,1467708754,5
4,1467708764,1467708768,4
4,1467708768,1467708776,8
1,1467708769,1467708803,34
4,1467708781,1467708788,7
4,1467708792,1467708796,4
4,1467708802,1467708809,7
1,1467708806,1467708837,31
4,1467708809,1467708815,6
4,1467708815,1467708819,4
4,1467708819,1467708823,4
4,1467708823,1467708843,20
4,1467708843,1467708853,10
1,1467708848,1467708856,8
4,1467708853,1467708858,5
4,1467708858,1467708862,4
1,1467708859,1467708861,2
4,1467708862,1467708882,20
1,1467708868,1467708881,13
4,1467708882,1467708887,5
1,1467708885,1467708886,1
4,1467708887,1467708898,11
1,1467708890,1467708891,1
1,1467708897,1467708943,46
4,1467708898,1467708906,8
4,1467708913,1467708930,17
4,1467708935,1467708944,9
4,1467708946,1467708960,14
1,1467708948,1467708955,7
4,1467708960,1467708972,12
1,1467708967,1467708977,10
4,1467708983,1467709024,41
1,1467709003,1467709006,3
1,1467709014,1467709021,7
4,1467709024,1467709045,21
1,1467709026,1467709031,5
1,1467709035,1467709042,7
4,1467709046,1467709062,16
1,1467709052,1467709058,6
4,1467709062,1467709204,142
1,1467709065,1467709069,4
1,1467709075,1467709080,5
1,1467709085,1467709087,2
1,1467709104,1467709109,5
1,1467709127,1467709131,4
1,1467709192,1467709198,6
4,1467709204,1467709259,55
1,1467709210,1467709216,6
1,1467709237,1467709238,1
4,1467709259,1467709302,43
1,1467709283,1467709288,5
1,1467709295,1467709299,4
4,1467709302,1467709333,31
1,1467709305,1467709310,5
1,1467709314,1467709317,3
1,1467709322,1467709325,3
1,1467709336,1467709339,3
1,1467709356,1467709359,3
1,1467709364,1467709366,2
1,1467709372,1467709374,2
1,1467709378,1467709384,6
1,1467709388,1467709390,2
4,1467709394,1467709401,7
1,1467709395,1467709397,2
4,1467709401,1467709414,13
1,1467709402,1467709405,3
1,1467709408,1467709411,3
4,1467709414,1467709421,7
1,1467709415,1467709417,2
4,1467709421,1467709447,26
1,1467709424,1467709429,5
1,1467709434,1467709438,4
1,1467709443,1467709444,1
4,1467709447,1467709453,6
4,1467709453,1467709467,14
1,1467709457,1467709461,4
4,1467709467,1467709481,14
1,1467709469,1467709477,8
4,1467709481,1467709502,21
1,1467709488,1467709491,3
4,1467709502,1467709508,6
4,1467709508,1467709530,22
1,1467709510,1467709514,4
1,1467709520,1467709525,5
1,1467709529,1467709534,5
4,1467709530,1467709547,17
1,1467709539,1467709544,5
4,1467709547,1467709561,14
1,1467709547,1467709551,4
1,1467709556,1467709559,3
4,1467709561,1467709565,4
1,1467709563,1467709564,1
1,1467709570,1467709573,3
1,1467709577,1467709583,6
4,1467709578,1467709610,32
1,1467709586,1467709591,5
1,1467709595,1467709606,11
1,1467709610,1467709619,9
4,1467709626,1467709656,30
1,1467709637,1467709640,3
1,1467709648,1467709653,5
4,1467709656,1467709662,6
4,1467709662,1467709698,36
1,1467709665,1467709669,4
1,1467709672,1467709677,5
1,1467709689,1467709690,1
4,1467709698,1467709709,11
4,1467709709,1467709721,12
1,1467709711,1467709714,3
1,1467709718,1467709720,2
1,1467709725,1467709731,6
1,1467709735,1467709739,4
4,1467709736,1467709743,7
1,1467709743,1467709748,5
4,1467709743,1467709761,18
1,1467709753,1467709756,3
4,1467709761,1467709783,22
1,1467709764,1467709767,3
1,1467709775,1467709783,8
1,1467709792,1467709795,3
4,1467709799,1467709818,19
1,1467709801,1467709804,3
1,1467709811,1467709814,3
1,1467709818,1467709822,4
1,1467709830,1467709838,8
4,1467709846,1467709851,5
1,1467709853,1467709874,21
4,1467709885,1467709911,26
1,1467709891,1467709901,10
1,1467709904,1467709909,5
1,1467709913,1467709922,9
4,1467709923,1467709928,5
4,1467709930,1467709934,4
4,1467709934,1467709937,3
4,1467709940,1467709942,2
4,1467709942,1467709956,14
1,1467709943,1467709981,38
1,1467709984,1467709988,4
1,1467709993,1467709997,4
1,1467710013,1467710035,22
1,1467710043,1467710046,3
4,1467710055,1467710082,27
1,1467710060,1467710068,8
1,1467710074,1467710076,2
1,1467710082,1467710114,32
4,1467710082,1467710089,7
4,1467710089,1467710112,23
4,1467710112,1467710204,92
1,1467710118,1467710123,5
1,1467710137,1467710143,6
1,1467710194,1467710201,7
4,1467710204,1467710211,7
1,1467710204,1467710208,4
4,1467710211,1467710218,7
1,1467710212,1467710215,3
4,1467710218,1467710229,11
1,1467710218,1467710225,7
1,1467710228,1467710233,5
4,1467710229,1467710236,7
4,1467710236,1467710246,10
1,1467710237,1467710240,3
1,1467710245,1467710251,6
4,1467710246,1467710269,23
1,1467710255,1467710266,11
4,1467710269,1467710280,11
1,1467710271,1467710274,3
1,1467710283,1467710288,5
4,1467710295,1467710306,11
1,1467710298,1467710303,5
1,1467710307,1467710311,4
1,1467710316,1467710322,6
4,1467710327,1467710339,12
1,1467710329,1467710335,6
1,1467710338,1467710344,6
4,1467710339,1467710366,27
1,1467710349,1467710354,5
1,1467710358,1467710363,5
4,1467710366,1467710381,15
1,1467710366,1467710371,5
1,1467710375,1467710378,3
1,1467710384,1467710388,4
4,1467710392,1467710398,6
1,1467710393,1467710398,5
1,1467710403,1467710408,5
4,1467710404,1467710475,71
1,1467710414,1467710425,11
1,1467710429,1467710434,5
1,1467710457,1467710458,1
4,1467710475,1467713089,2614
1,1467710481,1467710483,2
1,1467710493,1467710507,14
1,1467710512,1467710516,4
1,1467710747,1467710750,3
1,1467711027,1467711029,2
1,1467711650,1467711653,3
1,1467712502,1467712505,3
1,1467712650,1467712653,3
4,1467713089,1467714549,1460
1,1467714362,1467714373,11
1,1467714543,1467714544,1
4,1467714549,1467714720,171
1,1467714551,1467714554,3
1,1467714574,1467714579,5
1,1467714588,1467714593,5
1,1467714596,1467714598,2
1,1467714603,1467714605,2
1,1467714615,1467714621,6
1,1467714700,1467714703,3
1,1467714707,1467714719,12
4,1467714720,1467714722,2
4,1467714722,1467714725,3
10,1467714724,1467714725,1
4,1467714725,1467714733,8
1,1467714729,1467714732,3
4,1467714733,1467714735,2
4,1467714735,1467714738,3
4,1467714738,1467714740,2
4,1467714740,1467714756,16
10,1467714743,1467714744,1
10,1467714745,1467714751,6
10,1467714756,1467714758,2
4,1467714760,1467722860,8100
1,1467714774,1467714785,11
1,1467714790,1467714791,1
1,1467714807,1467714814,7
1,1467714831,1467714863,32
1,1467714875,1467714885,10
1,1467715153,1467715155,2
1,1467715611,1467715615,4
1,1467715658,1467715659,1
1,1467716859,1467716862,3
1,1467716998,1467716999,1
1,1467717483,1467717486,3
1,1467718220,1467718221,1
1,1467718668,1467718670,2
1,1467720598,1467720599,1
1,1467720603,1467720605,2
1,1467721000,1467721002,2
1,1467722369,1467722372,3
1,1467722713,1467722715,2
4,1467722860,1467722862,2
4,1467722862,1467722967,105
1,1467722945,1467722958,13
4,1467722967,1467722986,19
1,1467722971,1467722973,2
4,1467722986,1467722994,8
1,1467722992,1467722994,2
4,1467722995,1467724764,1769
1,1467722998,1467723001,3
1,1467723512,1467723520,8
1,1467724755,1467724762,7
1,1467724765,1467724780,15
4,1467724769,1467724782,13
1,1467724785,1467724789,4
1,1467724793,1467724813,20
4,1467724805,1467724816,11
4,1467724816,1467724828,12
1,1467724822,1467724857,35
4,1467724835,1467724837,2
4,1467724838,1467724842,4
4,1467724842,1467724848,6
10,1467724844,1467724846,2
4,1467724848,1467724854,6
4,1467724854,1467724858,4
4,1467724858,1467724873,15
1,1467724868,1467724872,4
4,1467724874,1467724879,5
1,1467724878,1467724887,9
4,1467724879,1467724889,10
4,1467724889,1467724891,2
4,1467724892,1467724895,3
4,1467724895,1467724898,3
4,1467724898,1467724901,3
4,1467724901,1467724909,8
1,1467724905,1467724911,6
4,1467724912,1467724921,9
1,1467724916,1467724919,3
1,1467724927,1467724953,26
4,1467724959,1467724984,25
1,1467724962,1467724977,15
1,1467724983,1467724984,1
4,1467724984,1467725000,16
1,1467724991,1467724996,5
4,1467725000,1467725004,4
1,1467725002,1467725004,2
1,1467725008,1467725011,3
1,1467725016,1467725027,11
4,1467725029,1467725033,4
4,1467725033,1467725039,6
1,1467725033,1467725038,5
4,1467725041,1467738933,13892
1,1467725041,1467725047,6
1,1467725054,1467725059,5
1,1467725062,1467725071,9
1,1467725075,1467725088,13
1,1467725092,1467725095,3
1,1467725102,1467725132,30
1,1467725137,1467725141,4
1,1467725149,1467725165,16
1,1467725206,1467725207,1
1,1467725235,1467725238,3
1,1467725372,1467725374,2
1,1467725392,1467725394,2
1,1467725536,1467725538,2
1,1467725719,1467725721,2
1,1467726192,1467726194,2
1,1467726200,1467726202,2
1,1467726234,1467726235,1
1,1467726697,1467726701,4
1,1467727694,1467727698,4
1,1467728043,1467728045,2
1,1467728442,1467728444,2
1,1467728722,1467728725,3
1,1467728924,1467728926,2
1,1467729373,1467729375,2
1,1467729855,1467729858,3
1,1467729993,1467729994,1
1,1467730498,1467730499,1
1,1467737862,1467737863,1
1,1467737898,1467737902,4
4,1467738933,1467750834,11901
1,1467750808,1467750816,8
1,1467750828,1467750833,5
4,1467750836,1467754180,3344
1,1467750839,1467750840,1
1,1467750864,1467750868,4
1,1467754115,1467754116,1
1,1467754157,1467754159,2
1,1467754164,1467754187,23
4,1467754182,1467754196,14
1,1467754193,1467754194,1
1,1467754435,1467754436,1
1,1467754441,1467754443,2
1,1467754454,1467754465,11
4,1467754466,1467754468,2
4,1467754472,1467754481,9
1,1467754474,1467754484,10
4,1467754484,1467754490,6
4,1467754490,1467754493,3
1,1467754490,1467754492,2
1,1467754497,1467754506,9
4,1467754504,1467754510,6
4,1467754510,1467754531,21
1,1467754520,1467754531,11
4,1467754533,1467754536,3
4,1467754536,1467754546,10
1,1467754538,1467754546,8
4,1467754548,1467754551,3
4,1467754551,1467754555,4
1,1467754558,1467754565,7
4,1467754565,1467754570,5
4,1467754570,1467754595,25
1,1467754572,1467754579,7
1,1467754583,1467754586,3
1,1467754591,1467754594,3
4,1467754596,1467754616,20
1,1467754606,1467754616,10
4,1467754620,1467754623,3
4,1467754623,1467754638,15
1,1467754625,1467754636,11
4,1467754638,1467754640,2
4,1467754640,1467754646,6
4,1467754650,1467754666,16
4,1467754666,1467754672,6
4,1467754672,1467754698,26
1,1467754674,1467754684,10
1,1467754687,1467754697,10
4,1467754698,1467754703,5
10,1467754701,1467754703,2
10,1467754703,1467754705,2
4,1467754705,1467754707,2
4,1467754709,1467754717,8
1,1467754714,1467754717,3
4,1467754720,1467754737,17
1,1467754722,1467754727,5
1,1467754734,1467754737,3
10,1467754740,1467754769,29
4,1467754769,1467754777,8
1,1467754772,1467754775,3
4,1467754777,1467754781,4
4,1467754781,1467754821,40
1,1467754785,1467754788,3
1,1467754821,1467754840,19
4,1467754821,1467754848,27
1,1467754844,1467754845,1
4,1467754848,1467754968,120
1,1467754851,1467754857,6
1,1467754864,1467754875,11
1,1467754878,1467754885,7
1,1467754889,1467754892,3
1,1467754896,1467754904,8
1,1467754921,1467754933,12
1,1467754937,1467754940,3
1,1467754946,1467754965,19
4,1467754968,1467754973,5
4,1467754975,1467754978,3
10,1467754977,1467754980,3
4,1467754979,1467754983,4
4,1467754983,1467754989,6
1,1467754986,1467754988,2
4,1467754990,1467754995,5
1,1467754991,1467754993,2
4,1467754995,1467755023,28
1,1467754997,1467755022,25
4,1467755023,1467755028,5
10,1467755024,1467755026,2
4,1467755029,1467755031,2
4,1467755031,1467755033,2
4,1467755034,1467755036,2
4,1467755038,1467755044,6
10,1467755039,1467755041,2
4,1467755047,1467755050,3
4,1467755057,1467755062,5
10,1467755058,1467755062,4
4,1467755062,1467755077,15
1,1467755065,1467755073,8
1,1467755079,1467755083,4
4,1467755084,1467755086,2
4,1467755088,1467755109,21
10,1467755089,1467755090,1
1,1467755092,1467755110,18
4,1467755111,1467755139,28
1,1467755129,1467755137,8
4,1467755140,1467755143,3
4,1467755143,1467755149,6
4,1467755149,1467755173,24
1,1467755155,1467755160,5
1,1467755166,1467755172,6
4,1467755173,1467755178,5
10,1467755175,1467755176,1
1,1467755176,1467755178,2
4,1467755183,1467755186,3
4,1467755187,1467755190,3
4,1467755190,1467755195,5
4,1467755195,1467755197,2
4,1467755197,1467755225,28
1,1467755207,1467755230,23
4,1467755225,1467755231,6
4,1467755231,1467755283,52
1,1467755235,1467755282,47
10,1467755235,1467755236,1
4,1467755283,1467755290,7
4,1467755290,1467755295,5
4,1467755295,1467755301,6
10,1467755297,1467755301,4
4,1467755301,1467755323,22
1,1467755313,1467755322,9
4,1467755324,1467755327,3
4,1467755327,1467755329,2
4,1467755331,1467755338,7
10,1467755332,1467755333,1
1,1467755335,1467755336,1
4,1467755338,1467755363,25
1,1467755341,1467755345,4
1,1467755349,1467755354,5
4,1467755363,1467755377,14
10,1467755364,1467755366,2
1,1467755367,1467755374,7
4,1467755378,1467755426,48
1,1467755381,1467755382,1
1,1467755401,1467755408,7
1,1467755421,1467755424,3
4,1467755429,1467755435,6
4,1467755435,1467755444,9
1,1467755440,1467755444,4
4,1467755446,1467755448,2
1,1467755447,1467755453,6
4,1467755451,1467755454,3
10,1467755452,1467755453,1
4,1467755455,1467755458,3
4,1467755458,1467755461,3
4,1467755461,1467755464,3
4,1467755464,1467755467,3
4,1467755467,1467755472,5
10,1467755467,1467755469,2
4,1467755472,1467755527,55
1,1467755482,1467755489,7
1,1467755512,1467755516,4
1,1467755524,1467755525,1
4,1467755528,1467755530,2
4,1467755531,1467755536,5
4,1467755536,1467755539,3
4,1467755539,1467755541,2
4,1467755541,1467755543,2
4,1467755544,1467755546,2
1,1467755591,1467755593,2
1,1467755599,1467755603,4
4,1467755604,1467755611,7
1,1467755608,1467755612,4
4,1467755614,1467755619,5
4,1467755620,1467755627,7
1,1467755623,1467755626,3
4,1467755627,1467755629,2
4,1467755629,1467755632,3
4,1467755632,1467755635,3
1,1467755633,1467755635,2
4,1467755636,1467755640,4
10,1467755637,1467755638,1
4,1467755641,1467755644,3
4,1467755644,1467755646,2
4,1467755646,1467755652,6
1,1467755650,1467755657,7
4,1467755652,1467755655,3
4,1467755655,1467755658,3
4,1467755659,1467755662,3
10,1467755660,1467755662,2
4,1467755662,1467755667,5
1,1467755669,1467755673,4
1,1467755680,1467755683,3
1,1467755718,1467755721,3
1,1467755724,1467755729,5
1,1467755757,1467755763,6
4,1467755764,1467755770,6
10,1467755766,1467755767,1
1,1467755767,1467755777,10
4,1467755771,1467755774,3
4,1467755778,1467755780,2
4,1467755780,1467755782,2
10,1467755781,1467755782,1
4,1467755782,1467755785,3
4,1467755785,1467755789,4
1,1467755787,1467755800,13
4,1467755792,1467755797,5
4,1467755797,1467755801,4
4,1467755801,1467755927,126
1,1467755920,1467755927,7
4,1467755930,1467755932,2
1,1467755935,1467755942,7
4,1467755943,1467755946,3
1,1467755953,1467755960,7
4,1467755961,1467755971,10
1,1467755965,1467755970,5
1,1467755991,1467756001,10
1,1467756005,1467756009,4
4,1467756009,1467756011,2
4,1467756011,1467756014,3
4,1467756014,1467756052,38
1,1467756017,1467756066,49
1,1467756069,1467756074,5
1,1467756087,1467756136,49
1,1467756140,1467756145,5
1,1467756160,1467756191,31
4,1467756192,1467756195,3
4,1467756195,1467756197,2
4,1467756197,1467756270,73
1,1467756200,1467756249,49
1,1467756252,1467756257,5
1,1467756268,1467756269,1
4,1467756270,1467756275,5
4,1467756275,1467756302,27
1,1467756279,1467756281,2
5,1467756285,1467756288,3
1,1467756298,1467756301,3
4,1467756302,1467756309,7
1,1467756307,1467756309,2
4,1467756309,1467756341,32
1,1467756321,1467756329,8
1,1467756339,1467756352,13
4,1467756353,1467756356,3
4,1467756358,1467756360,2
1,1467756362,1467756376,14
4,1467756366,1467756372,6
4,1467756376,1467756466,90
10,1467756380,1467756382,2
1,1467756393,1467756401,8
1,1467756407,1467756415,8
1,1467756420,1467756423,3
1,1467756429,1467756445,16
1,1467756449,1467756459,10
4,1467756466,1467756475,9
1,1467756467,1467756474,7
1,1467756477,1467756487,10
4,1467756484,1467756487,3
10,1467756485,1467756486,1
4,1467756487,1467756510,23
1,1467756495,1467756532,37
4,1467756510,1467756549,39
1,1467756536,1467756543,7
1,1467756548,1467756556,8
4,1467756549,1467756566,17
4,1467756566,1467756578,12
1,1467756575,1467756576,1
4,1467756578,1467756596,18
1,1467756579,1467756592,13
4,1467756596,1467756711,115
1,1467756615,1467756616,1
1,1467756622,1467756624,2
1,1467756632,1467756636,4
1,1467756643,1467756645,2
1,1467756692,1467756704,12
1,1467756708,1467756720,12
4,1467756711,1467756809,98
1,1467756796,1467756801,5
4,1467756809,1467756871,62
1,1467756861,1467756865,4
4,1467756871,1467757219,348
1,1467756873,1467756877,4
1,1467756883,1467756896,13
1,1467756906,1467756907,1
1,1467757163,1467757177,14
1,1467757185,1467757207,22
1,1467757210,1467757218,8
1,1467757257,1467757269,12
1,1467757278,1467757292,14
1,1467757311,1467757317,6
1,1467757320,1467757325,5
1,1467757328,1467757346,18
4,1467757347,1467757349,2
4,1467757353,1467757357,4
4,1467757361,1467757387,26
1,1467757364,1467757409,45
1,1467757437,1467757460,23
4,1467757453,1467757461,8
4,1467757462,1467757465,3
4,1467757465,1467757467,2
1,1467757470,1467757529,59
4,1467757484,1467757488,4
10,1467757486,1467757489,3
4,1467757522,1467757524,2
4,1467757525,1467757530,5
4,1467757530,1467757536,6
1,1467757534,1467757535,1
4,1467757536,1467757539,3
4,1467757539,1467757546,7
1,1467757540,1467757544,4
4,1467757547,1467757561,14
1,1467757550,1467757560,10
4,1467757561,1467757563,2
10,1467757563,1467757565,2
4,1467757565,1467757570,5
1,1467757570,1467757584,14
4,1467757570,1467757602,32
1,1467757594,1467757599,5
4,1467757602,1467757759,157
1,1467757603,1467757611,8
1,1467757614,1467757616,2
1,1467757621,1467757629,8
1,1467757685,1467757710,25
1,1467757714,1467757715,1
1,1467757730,1467757735,5
1,1467757750,1467757765,15
4,1467757766,1467757776,10
10,1467757772,1467757776,4
4,1467757800,1467757853,53
1,1467757804,1467757807,3
1,1467757818,1467757825,7
1,1467757831,1467757838,7
1,1467757842,1467757847,5
1,1467757854,1467757855,1
1,1467757858,1467757863,5
1,1467757867,1467757873,6
4,1467757876,1467757896,20
1,1467757889,1467757895,6
1,1467757901,1467757918,17
1,1467757921,1467757928,7
4,1467757923,1467757932,9
1,1467757932,1467757950,18
4,1467757932,1467757944,12
4,1467757944,1467757956,12
1,1467757955,1467757961,6
4,1467757956,1467758014,58
1,1467757965,1467757972,7
1,1467757976,1467757981,5
1,1467757985,1467757989,4
1,1467757992,1467757998,6
1,1467758004,1467758012,8
4,1467758014,1467758019,5
1,1467758028,1467758031,3
4,1467758032,1467758038,6
1,1467758035,1467758036,1
1,1467758039,1467758062,23
4,1467758050,1467758067,17
1,1467758067,1467758080,13
4,1467758067,1467758086,19
1,1467758084,1467758085,1
1,1467758090,1467758093,3
1,1467758097,1467758101,4
1,1467758106,1467758109,3
1,1467758112,1467758116,4
1,1467758123,1467758126,3
1,1467758130,1467758135,5
1,1467758140,1467758143,3
1,1467758147,1467758150,3
1,1467758154,1467758155,1
4,1467758154,1467758166,12
1,1467758160,1467758163,3
4,1467758166,1467758171,5
1,1467758167,1467758170,3
1,1467758173,1467758185,12
1,1467758189,1467758194,5
1,1467758201,1467758205,4
1,1467758209,1467758215,6
1,1467758219,1467758234,15
1,1467758239,1467758246,7
1,1467758249,1467758251,2
1,1467758254,1467758257,3
1,1467758262,1467758269,7
4,1467758272,1467758336,64
1,1467758273,1467758277,4
1,1467758280,1467758285,5
1,1467758288,1467758294,6
1,1467758297,1467758301,4
1,1467758305,1467758310,5
1,1467758315,1467758322,7
1,1467758328,1467758331,3
4,1467758336,1467758344,8
1,1467758338,1467758341,3
1,1467758344,1467758349,5
4,1467758344,1467758384,40
1,1467758352,1467758358,6
1,1467758361,1467758367,6
1,1467758371,1467758375,4
1,1467758380,1467758383,3
1,1467758387,1467758402,15
4,1467758405,1467758438,33
1,1467758405,1467758409,4
1,1467758413,1467758418,5
1,1467758422,1467758427,5
1,1467758431,1467758435,4
4,1467758438,1467758447,9
1,1467758440,1467758444,4
4,1467758447,1467758471,24
1,1467758447,1467758453,6
1,1467758457,1467758461,4
1,1467758465,1467758468,3
4,1467758471,1467758480,9
1,1467758471,1467758475,4
1,1467758479,1467758488,9
4,1467758481,1467758492,11
4,1467758492,1467758504,12
1,1467758493,1467758498,5
4,1467758504,1467758515,11
1,1467758505,1467758511,6
1,1467758515,1467758522,7
4,1467758515,1467758568,53
1,1467758526,1467758537,11
1,1467758541,1467758545,4
1,1467758549,1467758555,6
1,1467758559,1467758565,6
4,1467758568,1467758576,8
1,1467758569,1467758573,4
4,1467758576,1467758608,32
1,1467758577,1467758581,4
1,1467758586,1467758590,4
1,1467758595,1467758601,6
1,1467758605,1467758607,2
4,1467758609,1467758611,2
4,1467758611,1467758613,2
4,1467758613,1467758616,3
4,1467758616,1467758663,47
1,1467758623,1467758630,7
1,1467758641,1467758643,2
1,1467758646,1467758648,2
1,1467758657,1467758660,3
1,1467758663,1467758668,5
4,1467758663,1467758683,20
1,1467758673,1467758678,5
1,1467758682,1467758699,17
4,1467758683,1467758719,36
1,1467758703,1467758707,4
1,1467758710,1467758714,4
1,1467758717,1467758735,18
1,1467758739,1467758743,4
1,1467758747,1467758750,3
4,1467758758,1467758802,44
1,1467758759,1467758762,3
1,1467758766,1467758772,6
1,1467758776,1467758780,4
1,1467758784,1467758791,7
1,1467758794,1467758799,5
4,1467758802,1467758830,28
1,1467758803,1467758808,5
1,1467758811,1467758816,5
1,1467758819,1467758829,10
1,1467758833,1467758851,18
4,1467758841,1467758871,30
1,1467758854,1467758859,5
1,1467758862,1467758867,5
1,1467758870,1467758877,7
1,1467758881,1467758885,4
4,1467758888,1467758898,10
1,1467758891,1467758894,3
4,1467758898,1467758906,8
1,1467758898,1467758903,5
1,1467758907,1467758913,6
1,1467758917,1467758929,12
4,1467758921,1467758930,9
4,1467758933,1467758981,48
1,1467758938,1467758941,3
1,1467758944,1467758950,6
1,1467758954,1467758958,4
1,1467758962,1467758968,6
1,1467758972,1467758976,4
1,1467758980,1467758986,6
4,1467758981,1467758991,10
1,1467758989,1467758992,3
4,1467758991,1467758993,2
4,1467758993,1467759015,22
1,1467758997,1467759002,5
1,1467759006,1467759011,5
1,1467759014,1467759023,9
4,1467759015,1467759025,10
4,1467759028,1467759052,24
1,1467759028,1467759046,18
1,1467759050,1467759060,10
4,1467759052,1467759074,22
1,1467759063,1467759071,8
4,1467759074,1467759102,28
1,1467759075,1467759081,6
1,1467759085,1467759089,4
1,1467759093,1467759099,6
4,1467759102,1467759111,9
1,1467759103,1467759110,7
4,1467759111,1467759116,5
1,1467759115,1467759130,15
4,1467759116,1467759147,31
1,1467759135,1467759141,6
4,1467759147,1467759158,11
1,1467759148,1467759152,4
1,1467759157,1467759165,8
4,1467759159,1467759180,21
1,1467759183,1467759190,7
1,1467759195,1467759199,4
1,1467759202,1467759250,48
1,1467759254,1467759259,5
1,1467759271,1467759282,11
1,1467759285,1467759289,4
4,1467759292,1467759324,32
1,1467759293,1467759297,4
1,1467759301,1467759305,4
1,1467759309,1467759313,4
1,1467759317,1467759321,4
4,1467759324,1467759344,20
1,1467759325,1467759340,15
4,1467759344,1467816131,56787
1,1467759345,1467759352,7
1,1467759511,1467759529,18
1,1467816122,1467816131,9
5,1467816129,1467816131,2
1,1467816135,1467816138,3
4,1467816141,1467816147,6
1,1467816143,1467816145,2
4,1467816147,1467816150,3
4,1467816150,1467816155,5
4,1467816156,1467816159,3
4,1467816159,1467816165,6
10,1467816159,1467816164,5
4,1467816165,1467816177,12
1,1467816173,1467816186,13
1,1467816249,1467816250,1
6,1467816262,1467816263,1
1,1467816268,1467816278,10
1,1467816281,1467816323,42
1,1467816327,1467816332,5
1,1467816344,1467816367,23
4,1467816375,1467816430,55
1,1467816377,1467816402,25
1,1467816411,1467816420,9
1,1467816423,1467816429,6
4,1467816430,1467816679,249
1,1467816444,1467816482,38
1,1467816502,1467816509,7
1,1467816553,1467816559,6
1,1467816588,1467816594,6
1,1467816624,1467816632,8
1,1467816660,1467816661,1
1,1467816674,1467816677,3
4,1467816679,1467816681,2
4,1467816681,1467816684,3
4,1467816684,1467841820,25136
1,1467816685,1467816727,42
1,1467816771,1467816773,2
1,1467816786,1467816806,20
1,1467816812,1467816813,1
1,1467816823,1467816825,2
1,1467816856,1467816857,1
1,1467817019,1467817026,7
1,1467841800,1467841814,14
1,1467841853,1467841875,22
1,1467841887,1467841910,23
4,1467841913,1467841916,3
1,1467841913,1467841924,11
4,1467841918,1467842006,88
1,1467841942,1467841959,17
1,1467841977,1467841984,7
1,1467841988,1467842005,17
4,1467842006,1467842012,6
10,1467842007,1467842010,3
1,1467842009,1467842010,1
4,1467842012,1467842018,6
10,1467842012,1467842014,2
1,1467842013,1467842017,4
4,1467842018,1467842030,12
10,1467842019,1467842020,1
1,1467842021,1467842029,8
4,1467842031,1467842060,29
10,1467842031,1467842032,1
1,1467842033,1467842041,8
1,1467842049,1467842053,4
1,1467842057,1467842058,1
4,1467842061,1467842065,4
4,1467842065,1467842069,4
4,1467842069,1467842082,13
1,1467842074,1467842084,10
4,1467842083,1467842107,24
1,1467842097,1467842100,3
1,1467842104,1467842106,2
4,1467842108,1467842110,2
4,1467842110,1467842120,10
10,1467842110,1467842112,2
1,1467842111,1467842145,34
1,1467842149,1467842157,8
4,1467842158,1467842194,36
10,1467842159,1467842161,2
1,1467842164,1467842193,29
4,1467842194,1467842197,3
10,1467842195,1467842197,2
4,1467842197,1467842214,17
1,1467842208,1467842212,4
4,1467842214,1467842226,12
1,1467842218,1467842225,7
4,1467842226,1467842236,10
10,1467842227,1467842228,1
1,1467842230,1467842236,6
4,1467842237,1467842246,9
10,1467842238,1467842239,1
1,1467842241,1467842246,5
4,1467842247,1467842281,34
10,1467842248,1467842249,1
1,1467842251,1467842257,6
1,1467842266,1467842271,5
1,1467842276,1467842280,4
4,1467842281,1467842286,5
1,1467842285,1467842290,5
4,1467842290,1467842293,3
10,1467842291,1467842292,1
4,1467842294,1467842307,13
1,1467842301,1467842302,1
1,1467842306,1467842314,8
4,1467842307,1467842346,39
1,1467842320,1467842334,14
1,1467842338,1467842344,6
4,1467842346,1467842348,2
4,1467842348,1467842353,5
1,1467842353,1467842357,4
4,1467842353,1467842357,4
4,1467842358,1467842364,6
1,1467842365,1467842380,15
4,1467842389,1467842441,52
1,1467842397,1467842403,6
1,1467842408,1467842414,6
1,1467842423,1467842440,17
4,1467842441,1467842444,3
4,1467842444,1467842447,3
4,1467842447,1467842450,3
4,1467842450,1467842457,7
1,1467842450,1467842456,6
4,1467842457,1467842461,4
4,1467842461,1467842465,4
10,1467842461,1467842463,2
4,1467842465,1467842511,46
1,1467842467,1467842470,3
1,1467842479,1467842482,3
1,1467842485,1467842510,25
4,1467842512,1467842515,3
4,1467842515,1467842518,3
4,1467842519,1467842546,27
1,1467842527,1467842541,14
4,1467842548,1467842551,3
4,1467842558,1467842565,7
4,1467842567,1467842570,3
4,1467842571,1467842574,3
1,1467842579,1467842594,15
4,1467842595,1467842597,2
4,1467842598,1467842604,6
1,1467842599,1467842603,4
4,1467842604,1467842606,2
4,1467842607,1467842610,3
4,1467842610,1467842612,2
4,1467842615,1467842622,7
1,1467842616,1467842621,5
4,1467842625,1467842666,41
1,1467842662,1467842685,23
1,1467842691,1467842695,4
1,1467842699,1467842704,5
1,1467842716,1467842725,9
1,1467842733,1467842738,5
4,1467842744,1467842747,3
10,1467842744,1467842746,2
10,1467842747,1467842748,1
1,1467842771,1467842774,3
1,1467842779,1467842783,4
1,1467842787,1467842788,1
4,1467842789,1467842796,7
10,1467842791,1467842794,3
4,1467842796,1467842955,159
10,1467842796,1467842797,1
1,1467842800,1467842806,6
1,1467842818,1467842820,2
1,1467842827,1467842828,1
1,1467842831,1467842845,14
1,1467842851,1467842864,13
1,1467842868,1467842877,9
1,1467842901,1467842909,8
1,1467842947,1467842954,7
4,1467842955,1467842966,11
1,1467842959,1467842970,11
4,1467842972,1467842976,4
1,1467842978,1467842987,9
4,1467842992,1467842997,5
1,1467842993,1467842997,4
4,1467842997,1467843001,4
10,1467842998,1467843002,4
4,1467843002,1467843004,2
4,1467843004,1467843021,17
10,1467843004,1467843005,1
1,1467843006,1467843008,2
1,1467843011,1467843019,8
4,1467843021,1467843030,9
1,1467843024,1467843027,3
4,1467843031,1467843033,2
4,1467843033,1467843037,4
1,1467843034,1467843038,4
4,1467843037,1467843126,89
1,1467843045,1467843048,3
1,1467843053,1467843058,5
1,1467843082,1467843083,1
1,1467843090,1467843098,8
1,1467843103,1467843106,3
1,1467843111,1467843114,3
4,1467843126,1467843129,3
10,1467843129,1467843131,2
1,1467843143,1467843146,3
4,1467843150,1467843174,24
1,1467843152,1467843170,18
4,1467843174,1467843179,5
4,1467843179,1467843199,20
10,1467843180,1467843182,2
1,1467843192,1467843198,6
4,1467843199,1467843201,2
4,1467843201,1467843206,5
4,1467843206,1467843208,2
1,1467843251,1467843252,1
1,1467843256,1467843261,5
1,1467843277,1467843284,7
4,1467843286,1467843288,2
10,1467843287,1467843288,1
4,1467843289,1467843296,7
1,1467843292,1467843295,3
4,1467843298,1467843335,37
1,1467843304,1467843322,18
1,1467843325,1467843334,9
1,1467843339,1467843341,2
4,1467843343,1467843348,5
4,1467843349,1467843357,8
1,1467843351,1467843355,4
4,1467843358,1467843360,2
4,1467843360,1467843363,3
4,1467843364,1467843366,2
10,1467843365,1467843366,1
4,1467843366,1467843369,3
4,1467843369,1467843372,3
4,1467843372,1467843375,3
10,1467843374,1467843375,1
1,1467843374,1467843380,6
4,1467843376,1467843382,6
10,1467843378,1467843379,1
4,1467843383,1467843386,3
10,1467843383,1467843384,1
4,1467843387,1467843389,2
4,1467843391,1467843393,2
4,1467843393,1467843396,3
1,1467843395,1467843396,1
4,1467843397,1467843402,5
10,1467843398,1467843402,4
4,1467843402,1467843405,3
4,1467843407,1467843409,2
10,1467843407,1467843409,2
1,1467843411,1467843416,5
4,1467843413,1467843425,12
10,1467843415,1467843416,1
1,1467843420,1467843423,3
4,1467843425,1467843439,14
10,1467843426,1467843430,4
1,1467843429,1467843438,9
4,1467843439,1467843445,6
1,1467843447,1467843460,13
4,1467843458,1467843461,3
4,1467843461,1467843465,4
4,1467843465,1467843468,3
4,1467843469,1467843471,2
4,1467843471,1467843476,5
10,1467843473,1467843474,1
4,1467843476,1467843479,3
4,1467843479,1467843481,2
4,1467843481,1467843485,4
4,1467843485,1467843488,3
10,1467843486,1467843488,2
4,1467843488,1467843490,2
4,1467843490,1467843493,3
1,1467843494,1467843499,5
4,1467843502,1467843513,11
1,1467843502,1467843511,9
4,1467843514,1467843517,3
10,1467843514,1467843517,3
4,1467843517,1467843519,2
4,1467843519,1467843521,2
1,1467843523,1467843529,6
4,1467843525,1467843541,16
4,1467843541,1467843547,6
1,1467843544,1467843546,2
4,1467843548,1467843555,7
1,1467843550,1467843552,2
4,1467843555,1467843561,6
1,1467843555,1467843563,8
4,1467843561,1467843564,3
4,1467843564,1467843566,2
4,1467843566,1467843569,3
10,1467843568,1467843571,3
1,1467843570,1467843573,3
4,1467843575,1467843579,4
4,1467843579,1467843581,2
4,1467843581,1467843584,3
10,1467843583,1467843584,1
4,1467843584,1467843586,2
4,1467843586,1467843591,5
4,1467843593,1467843595,2
4,1467843595,1467843600,5
1,1467843599,1467843604,5
1,1467843614,1467843618,4
4,1467843621,1467843640,19
1,1467843622,1467843637,15
4,1467843640,1467843643,3
1,1467843645,1467843650,5
4,1467843651,1467843666,15
1,1467843657,1467843671,14
4,1467843673,1467843681,8
1,1467843674,1467843690,16
4,1467843687,1467843698,11
4,1467843698,1467843740,42
1,1467843699,1467843705,6
1,1467843730,1467843739,9
4,1467843740,1467843743,3
4,1467843750,1467843765,15
1,1467843752,1467843776,24
4,1467843779,1467843782,3
10,1467843779,1467843780,1
4,1467843784,1467843789,5
10,1467843786,1467843787,1
4,1467843790,1467843794,4
1,1467843791,1467843793,2
4,1467843795,1467843797,2
4,1467843797,1467843799,2
1,1467843801,1467843817,16
4,1467843811,1467843813,2
10,1467843814,1467843815,1
4,1467843819,1467843824,5
10,1467843820,1467843821,1
1,1467843821,1467843823,2
4,1467843824,1467843829,5
10,1467843825,1467843826,1
4,1467843829,1467843857,28
1,1467843832,1467843841,9
1,1467843846,1467843856,10
4,1467843857,1467843859,2
4,1467843860,1467843863,3
1,1467843864,1467843870,6
4,1467843871,1467843888,17
1,1467843873,1467843887,14
4,1467843889,1467843892,3
4,1467843892,1467843905,13
1,1467843894,1467843904,10
4,1467843906,1467843908,2
4,1467843908,1467843912,4
4,1467843912,1467843917,5
1,1467843914,1467843915,1
4,1467843917,1467843919,2
4,1467843919,1467843921,2
4,1467843921,1467843924,3
4,1467843924,1467843927,3
10,1467843924,1467843926,2
1,1467843925,1467843940,15
4,1467843928,1467843931,3
10,1467843929,1467843931,2
4,1467843931,1467843941,10
4,1467843941,1467843947,6
4,1467843947,1467843951,4
1,1467843948,1467843950,2
4,1467843951,1467843954,3
4,1467843954,1467843957,3
4,1467843957,1467843960,3
10,1467843959,1467843960,1
10,1467843960,1467843962,2
4,1467843964,1467843969,5
4,1467843969,1467843985,16
1,1467843973,1467844005,32
4,1467843985,1467844007,22
4,1467844007,1467844010,3
1,1467844010,1467844020,10
4,1467844013,1467844021,8
4,1467844022,1467844033,11
1,1467844025,1467844031,6
4,1467844033,1467844043,10
1,1467844036,1467844043,7
4,1467844043,1467844051,8
1,1467844046,1467844059,13
4,1467844051,1467844059,8
4,1467844060,1467844108,48
1,1467844065,1467844076,11
1,1467844092,1467844113,21
4,1467844114,1467844119,5
4,1467844119,1467844122,3
4,1467844124,1467844130,6
1,1467844125,1467844129,4
4,1467844130,1467844137,7
1,1467844133,1467844136,3
4,1467844137,1467844147,10
1,1467844141,1467844147,6
4,1467844148,1467844154,6
10,1467844149,1467844150,1
1,1467844151,1467844154,3
4,1467844155,1467844163,8
1,1467844158,1467844162,4
4,1467844163,1467844166,3
4,1467844166,1467844170,4
10,1467844167,1467844168,1
1,1467844168,1467844186,18
1,1467844215,1467844226,11
4,1467844227,1467844231,4
10,1467844229,1467844230,1
4,1467844231,1467844235,4
1,1467844236,1467844239,3
4,1467844240,1467844245,5
10,1467844241,1467844242,1
4,1467844248,1467844265,17
1,1467844249,1467844264,15
4,1467844266,1467844268,2
4,1467844268,1467844271,3
4,1467844272,1467844275,3
4,1467844275,1467844279,4
1,1467844276,1467844291,15
4,1467844298,1467844309,11
1,1467844300,1467844308,8
4,1467844309,1467844314,5
4,1467844314,1467844316,2
4,1467844316,1467844324,8
4,1467844324,1467844329,5
1,1467844325,1467844327,2
1,1467844330,1467844339,9
1,1467844345,1467844348,3
1,1467844354,1467844370,16
4,1467844371,1467844375,4
4,1467844375,1467844383,8
1,1467844377,1467844380,3
1,1467844385,1467844388,3
4,1467844391,1467844394,3
10,1467844392,1467844394,2
4,1467844394,1467844400,6
1,1467844395,1467844399,4
4,1467844400,1467844403,3
4,1467844403,1467844411,8
1,1467844405,1467844409,4
4,1467844411,1467844414,3
4,1467844414,1467844416,2
4,1467844417,1467844419,2
10,1467844418,1467844419,1
4,1467844419,1467844424,5
1,1467844420,1467844423,3
4,1467844425,1467844474,49
1,1467844431,1467844441,10
1,1467844463,1467844471,8
1,1467844475,1467844480,5
4,1467844481,1467844484,3
4,1467844486,1467844496,10
1,1467844489,1467844495,6
4,1467844496,1467844505,9
1,1467844499,1467844505,6
4,1467844507,1467844512,5
1,1467844509,1467844517,8
4,1467844518,1467844527,9
1,1467844520,1467844546,26
4,1467844533,1467844539,6
4,1467844539,1467844547,8
4,1467844547,1467844551,4
4,1467844551,1467844605,54
1,1467844554,1467844558,4
1,1467844591,1467844603,12
4,1467844605,1467844608,3
4,1467844610,1467844618,8
1,1467844611,1467844615,4
1,1467844620,1467844626,6
4,1467844627,1467844631,4
4,1467844631,1467844640,9
1,1467844634,1467844645,11
4,1467844651,1467844679,28
1,1467844657,1467844665,8
1,1467844669,1467844678,9
4,1467844679,1467844682,3
10,1467844680,1467844682,2
4,1467844682,1467844689,7
1,1467844684,1467844688,4
4,1467844690,1467844735,45
1,1467844695,1467844707,12
1,1467844726,1467844734,8
4,1467844735,1467844737,2
1,1467844738,1467844739,1
4,1467844741,1467844753,12
1,1467844743,1467844752,9
4,1467844753,1467844756,3
1,1467844757,1467844761,4
4,1467844762,1467844769,7
1,1467844764,1467844767,3
4,1467844769,1467844772,3
4,1467844772,1467844784,12
1,1467844773,1467844783,10
4,1467844784,1467844787,3
10,1467844785,1467844787,2
4,1467844788,1467844801,13
1,1467844796,1467844800,4
4,1467844801,1467844803,2
4,1467844803,1467844816,13
1,1467844807,1467844828,21
4,1467844818,1467844821,3
4,1467844826,1467844845,19
1,1467844832,1467844844,12
4,1467844845,1467844848,3
4,1467844848,1467844850,2
4,1467844851,1467844859,8
1,1467844855,1467844857,2
1,1467844860,1467844867,7
4,1467844868,1467844887,19
1,1467844873,1467844884,11
1,1467844892,1467844907,15
4,1467844908,1467844910,2
4,1467844911,1467844915,4
1,1467844917,1467844929,12
4,1467844924,1467844930,6
4,1467844930,1467844943,13
1,1467844933,1467844942,9
4,1467844943,1467844946,3
4,1467844946,1467844954,8
1,1467844947,1467844953,6
4,1467844954,1467844956,2
4,1467844956,1467844963,7
1,1467844958,1467844962,4
4,1467844964,1467844984,20
1,1467844973,1467844982,9
1,1467844985,1467844988,3
4,1467844989,1467844992,3
10,1467844990,1467844992,2
4,1467844993,1467845007,14
1,1467844997,1467845061,64
4,1467845013,1467845015,2
4,1467845019,1467845024,5
4,1467845032,1467845036,4
4,1467845041,1467845044,3
4,1467845050,1467845055,5
4,1467845055,1467845060,5
4,1467845060,1467845068,8
1,1467845065,1467845067,2
4,1467845068,1467845074,6
10,1467845068,1467845070,2
1,1467845072,1467845079,7
4,1467845074,1467845090,16
10,1467845074,1467845080,6
10,1467845081,1467845090,9
4,1467845090,1467845093,3
4,1467845093,1467845095,2
4,1467845095,1467845133,38
10,1467845096,1467845127,31
1,1467845126,1467845129,3
4,1467845133,1467845161,28
1,1467845134,1467845158,24
4,1467845161,1467845163,2
4,1467845164,1467845174,10
1,1467845167,1467845173,6
4,1467845174,1467845180,6
10,1467845176,1467845178,2
1,1467845177,1467845179,2
4,1467845180,1467845194,14
10,1467845182,1467845186,4
1,1467845186,1467845193,7
4,1467845194,1467845197,3
10,1467845195,1467845197,2
4,1467845197,1467845201,4
10,1467845199,1467845201,2
4,1467845201,1467845210,9
4,1467845210,1467845215,5
1,1467845211,1467845214,3
4,1467845215,1467845225,10
10,1467845217,1467845218,1
1,1467845219,1467845222,3
1,1467845226,1467845231,5
4,1467845232,1467845236,4
4,1467845236,1467845245,9
1,1467845239,1467845244,5
4,1467845245,1467845255,10
10,1467845247,1467845248,1
1,1467845247,1467845263,16
4,1467845255,1467845261,6
4,1467845261,1467845263,2
4,1467845264,1467845266,2
10,1467845264,1467845266,2
1,1467845267,1467845274,7
4,1467845273,1467845275,2
4,1467845275,1467845282,7
1,1467845278,1467845283,5
4,1467845284,1467845290,6
1,1467845287,1467845289,2
4,1467845291,1467845296,5
1,1467845293,1467845294,1
4,1467845296,1467845304,8
1,1467845299,1467845302,3
4,1467845305,1467845307,2
4,1467845307,1467845312,5
1,1467845308,1467845310,2
4,1467845312,1467845318,6
1,1467845314,1467845316,2
4,1467845318,1467845327,9
1,1467845321,1467845325,4
4,1467845328,1467845331,3
4,1467845331,1467845336,5
1,1467845332,1467845334,2
4,1467845337,1467845340,3
10,1467845337,1467845339,2
4,1467845340,1467845346,6
1,1467845341,1467845344,3
4,1467845346,1467845349,3
4,1467845349,1467845356,7
1,1467845350,1467845354,4
4,1467845356,1467845364,8
1,1467845359,1467845362,3
4,1467845364,1467845371,7
1,1467845367,1467845369,2
4,1467845371,1467845378,7
1,1467845374,1467845377,3
4,1467845378,1467845385,7
1,1467845381,1467845383,2
4,1467845385,1467845391,6
1,1467845388,1467845389,1
4,1467845391,1467845397,6
1,1467845393,1467845395,2
4,1467845398,1467845404,6
1,1467845400,1467845402,2
4,1467845404,1467845411,7
1,1467845407,1467845409,2
4,1467845411,1467845417,6
1,1467845413,1467845415,2
4,1467845417,1467845424,7
1,1467845420,1467845422,2
4,1467845424,1467845431,7
1,1467845427,1467845430,3
4,1467845431,1467845438,7
1,1467845434,1467845436,2
4,1467845438,1467845443,5
10,1467845440,1467845441,1
1,1467845440,1467845441,1
4,1467845443,1467845446,3
4,1467845446,1467845451,5
4,1467845451,1467845462,11
1,1467845457,1467845466,9
4,1467845462,1467845467,5
10,1467845467,1467845468,1
4,1467845468,1467845518,50
1,1467845474,1467845486,12
1,1467845494,1467845503,9
1,1467845511,1467845517,6
4,1467845518,1467845523,5
10,1467845520,1467845523,3
4,1467845523,1467845546,23
10,1467845524,1467845538,14
1,1467845538,1467845544,6
1,1467845549,1467845563,14
4,1467845567,1467845602,35
1,1467845568,1467845571,3
1,1467845593,1467845601,8
4,1467845602,1467845605,3
4,1467845605,1467845608,3
4,1467845610,1467845615,5
1,1467845611,1467845618,7
4,1467845620,1467845622,2
4,1467845622,1467845627,5
1,1467845623,1467845626,3
4,1467845627,1467845629,2
4,1467845629,1467845643,14
1,1467845630,1467845632,2
1,1467845637,1467845642,5
4,1467845644,1467845646,2
10,1467845644,1467845646,2
4,1467845646,1467845650,4
4,1467845650,1467845657,7
1,1467845652,1467845655,3
4,1467845657,1467845661,4
4,1467845661,1467845681,20
1,1467845670,1467845680,10
4,1467845681,1467845684,3
10,1467845682,1467845683,1
4,1467845684,1467845686,2
4,1467845687,1467845689,2
4,1467845689,1467845696,7
1,1467845692,1467845694,2
4,1467845696,1467845702,6
10,1467845697,1467845699,2
1,1467845698,1467845712,14
4,1467845714,1467845717,3
4,1467845717,1467845789,72
1,1467845718,1467845727,9
1,1467845777,1467845789,12
4,1467845789,1467845791,2
4,1467845791,1467845794,3
1,1467845802,1467845804,2
1,1467845811,1467845817,6
4,1467845818,1467845821,3
1,1467845822,1467845824,2
4,1467845825,1467845839,14
1,1467845831,1467845837,6
1,1467845840,1467845847,7
4,1467845848,1467845850,2
1,1467845852,1467845869,17
4,1467845859,1467845864,5
4,1467845870,1467845878,8
1,1467845872,1467845877,5
4,1467845878,1467845881,3
4,1467845881,1467845889,8
10,1467845881,1467845883,2
1,1467845882,1467845888,6
4,1467845889,1467845893,4
10,1467845890,1467845891,1
4,1467845893,1467845905,12
10,1467845895,1467845896,1
1,1467845899,1467845903,4
4,1467845905,1467845913,8
1,1467845908,1467845911,3
4,1467845913,1467845944,31
1,1467845921,1467845943,22
4,1467845944,1467845950,6
10,1467845946,1467845947,1
4,1467845950,1467845952,2
1,1467845953,1467845980,27
4,1467845961,1467845966,5
4,1467845969,1467845972,3
4,1467845975,1467845983,8
4,1467845983,1467845986,3
1,1467845984,1467845991,7
4,1467845993,1467845995,2
10,1467845994,1467845995,1
4,1467845995,1467845997,2
4,1467845997,1467846001,4
1,1467845998,1467845999,1
4,1467846001,1467846007,6
4,1467846007,1467846025,18
1,1467846012,1467846032,20
4,1467846034,1467846037,3
1,1467846041,1467846054,13
1,1467846080,1467846099,19
4,1467846100,1467846103,3
1,1467846104,1467846115,11
4,1467846116,1467846120,4
4,1467846121,1467846131,10
1,1467846121,1467846158,37
4,1467846134,1467846142,8
4,1467846142,1467846150,8
4,1467846158,1467846160,2
4,1467846161,1467846164,3
10,1467846163,1467846164,1
4,1467846164,1467846170,6
1,1467846166,1467846169,3
4,1467846170,1467846173,3
4,1467846173,1467846181,8
1,1467846174,1467846180,6
4,1467846181,1467846184,3
4,1467846184,1467846244,60
1,1467846185,1467846193,8
1,1467846197,1467846201,4
10,1467846207,1467846215,8
1,1467846216,1467846219,3
10,1467846220,1467846238,18
1,1467846230,1467846237,7
1,1467846240,1467846243,3
10,1467846244,1467846247,3
1,1467846246,1467846249,3
1,1467846268,1467846275,7
4,1467846270,1467846280,10
4,1467846281,1467846283,2
4,1467846286,1467846288,2
4,1467846288,1467846291,3
1,1467846292,1467846296,4
1,1467846302,1467846304,2
4,1467846306,1467846375,69
1,1467846307,1467846311,4
1,1467846322,1467846326,4
1,1467846330,1467846336,6
1,1467846362,1467846373,11
4,1467846375,1467846384,9
10,1467846376,1467846377,1
10,1467846380,1467846384,4
4,1467846385,1467846396,11
1,1467846389,1467846393,4
1,1467846398,1467846402,4
4,1467846409,1467846417,8
1,1467846412,1467846415,3
4,1467846417,1467846422,5
10,1467846419,1467846420,1
1,1467846419,1467846422,3
4,1467846423,1467846428,5
10,1467846425,1467846426,1
1,1467846425,1467846427,2
4,1467846428,1467846431,3
4,1467846431,1467846437,6
1,1467846432,1467846435,3
4,1467846437,1467846442,5
4,1467846442,1467846447,5
4,1467846447,1467846455,8
1,1467846450,1467846452,2
4,1467846455,1467846457,2
4,1467846459,1467846462,3
4,1467846462,1467846468,6
1,1467846464,1467846466,2
4,1467846468,1467846475,7
10,1467846469,1467846471,2
1,1467846470,1467846473,3
4,1467846476,1467846484,8
10,1467846477,1467846479,2
1,1467846479,1467846482,3
4,1467846485,1467846487,2
4,1467846487,1467846489,2
4,1467846489,1467846496,7
10,1467846490,1467846491,1
1,1467846492,1467846495,3
4,1467846497,1467846500,3
4,1467846501,1467846505,4
1,1467846502,1467846504,2
4,1467846506,1467846508,2
4,1467846508,1467846511,3
10,1467846511,1467846512,1
4,1467846512,1467846521,9
1,1467846515,1467846519,4
4,1467846522,1467846524,2
4,1467846524,1467846529,5
1,1467846526,1467846527,1
4,1467846529,1467846531,2
4,1467846531,1467846537,6
1,1467846532,1467846535,3
4,1467846537,1467846544,7
1,1467846539,1467846542,3
4,1467846545,1467846571,26
10,1467846546,1467846547,1
1,1467846552,1467846570,18
4,1467846571,1467846574,3
1,1467846577,1467846583,6
4,1467846584,1467846591,7
10,1467846585,1467846587,2
1,1467846587,1467846595,8
4,1467846596,1467846598,2
10,1467846597,1467846598,1
4,1467846599,1467846605,6
4,1467846606,1467846612,6
10,1467846607,1467846608,1
1,1467846608,1467846611,3
4,1467846612,1467846619,7
10,1467846613,1467846619,6
1,1467846617,1467846618,1
4,1467846619,1467846624,5
4,1467846625,1467846627,2
4,1467846627,1467846629,2
4,1467846630,1467846635,5
1,1467846631,1467846634,3
4,1467846635,1467846637,2
4,1467846638,1467846640,2
4,1467846640,1467846648,8
1,1467846641,1467846645,4
4,1467846648,1467846650,2
4,1467846650,1467846656,6
1,1467846651,1467846654,3
4,1467846656,1467846661,5
4,1467846662,1467846671,9
1,1467846664,1467846669,5
4,1467846672,1467846678,6
1,1467846674,1467846676,2
4,1467846678,1467846704,26
1,1467846685,1467846687,2
1,1467846690,1467846702,12
4,1467846704,1467846707,3
4,1467846709,1467846715,6
1,1467846710,1467846713,3
1,1467846717,1467846723,6
4,1467846725,1467846728,3
4,1467846728,1467846732,4
1,1467846729,1467846731,2
4,1467846732,1467846735,3
10,1467846732,1467846734,2
4,1467846735,1467846737,2
1,1467846736,1467846737,1
4,1467846738,1467846746,8
1,1467846740,1467846744,4
4,1467846746,1467846770,24
1,1467846763,1467846770,7
4,1467846771,1467846773,2
10,1467846774,1467846776,2
10,1467846777,1467846778,1
4,1467846778,1467846785,7
10,1467846780,1467846783,3
4,1467846787,1467846795,8
10,1467846787,1467846789,2
10,1467846789,1467846793,4
1,1467846801,1467846809,8
1,1467846812,1467846822,10
4,1467846822,1467846825,3
10,1467846826,1467846845,19
1,1467846827,1467846847,20
4,1467846845,1467846852,7
4,1467846859,1467846956,97
1,1467846862,1467846866,4
1,1467846874,1467846885,11
1,1467846892,1467846909,17
1,1467846914,1467846917,3
1,1467846951,1467846955,4
4,1467846957,1467846959,2
4,1467846959,1467846967,8
10,1467846960,1467846966,6
1,1467846969,1467846983,14
1,1467846989,1467846996,7
4,1467846998,1467847087,89
1,1467847001,1467847005,4
1,1467847042,1467847049,7
5,1467847049,1467847064,15
1,1467847063,1467847064,1
1,1467847078,1467847085,7
4,1467847087,1467847099,12
10,1467847089,1467847091,2
1,1467847092,1467847096,4
4,1467847099,1467847103,4
4,1467847103,1467847215,112
1,1467847109,1467847119,10
1,1467847149,1467847152,3
1,1467847155,1467847159,4
1,1467847164,1467847171,7
1,1467847205,1467847214,9
4,1467847215,1467847218,3
1,1467847219,1467847221,2
4,1467847222,1467847231,9
1,1467847225,1467847231,6
4,1467847231,1467847234,3
10,1467847233,1467847234,1
4,1467847234,1467847237,3
4,1467847237,1467847239,2
4,1467847240,1467847244,4
4,1467847245,1467847249,4
10,1467847248,1467847249,1
4,1467847250,1467847254,4
10,1467847250,1467847252,2
10,1467847253,1467847254,1
4,1467847255,1467847262,7
1,1467847257,1467847260,3
4,1467847262,1467847269,7
1,1467847265,1467847267,2
4,1467847269,1467847274,5
10,1467847270,1467847272,2
4,1467847274,1467847280,6
1,1467847276,1467847279,3
4,1467847281,1467847285,4
4,1467847285,1467847292,7
1,1467847289,1467847290,1
4,1467847292,1467847297,5
4,1467847297,1467847317,20
1,1467847303,1467847316,13
4,1467847317,1467847319,2
4,1467847321,1467847328,7
1,1467847322,1467847325,3
1,1467847329,1467847333,4
4,1467847336,1467847342,6
1,1467847337,1467847341,4
4,1467847343,1467847345,2
10,1467847343,1467847345,2
4,1467847347,1467847351,4
4,1467847355,1467847360,5
1,1467847356,1467847361,5
4,1467847363,1467847365,2
4,1467847365,1467847367,2
4,1467847367,1467847369,2
4,1467847371,1467847379,8
10,1467847371,1467847373,2
1,1467847372,1467847377,5
1,1467847381,1467847385,4
4,1467847386,1467847392,6
10,1467847388,1467847390,2
4,1467847392,1467847395,3
1,1467847393,1467847397,4
10,1467847396,1467847397,1
4,1467847398,1467847400,2
4,1467847400,1467847403,3
4,1467847403,1467847406,3
4,1467847407,1467847420,13
1,1467847413,1467847418,5
4,1467847420,1467847425,5
4,1467847426,1467847431,5
1,1467847428,1467847429,1
4,1467847431,1467847439,8
1,1467847434,1467847437,3
4,1467847439,1467847445,6
1,1467847441,1467847443,2
4,1467847445,1467847461,16
1,1467847448,1467847471,23
4,1467847463,1467847465,2
4,1467847465,1467847469,4
4,1467847472,1467847484,12
10,1467847472,1467847474,2
1,1467847474,1467847483,9
4,1467847484,1467879158,31674
1,1467847494,1467847497,3
1,1467847518,1467847526,8
1,1467879102,1467879119,17
1,1467879131,1467879135,4
1,1467879141,1467879157,16
4,1467879158,1467879162,4
10,1467879160,1467879162,2
4,1467879163,1467879173,10
10,1467879165,1467879166,1
1,1467879167,1467879183,16
4,1467879184,1467879186,2
4,1467879187,1467879189,2
4,1467879190,1467879194,4
1,1467879192,1467879194,2
4,1467879195,1467879203,8
10,1467879197,1467879200,3
1,1467879198,1467879202,4
4,1467879203,1467879205,2
4,1467879205,1467879212,7
1,1467879207,1467879211,4
4,1467879212,1467879218,6
10,1467879214,1467879215,1
1,1467879215,1467879218,3
4,1467879219,1467879226,7
1,1467879222,1467879225,3
4,1467879226,1467879235,9
1,1467879229,1467879234,5
4,1467879235,1467879241,6
10,1467879237,1467879239,2
1,1467879237,1467879241,4
4,1467879242,1467879244,2
4,1467879245,1467879251,6
1,1467879248,1467879250,2
4,1467879251,1467879260,9
1,1467879256,1467879259,3
4,1467879260,1467879266,6
10,1467879261,1467879263,2
1,1467879262,1467879265,3
4,1467879266,1467879273,7
1,1467879269,1467879272,3
10,1467879269,1467879270,1
4,1467879273,1467879281,8
10,1467879275,1467879278,3
1,1467879275,1467879280,5
4,1467879281,1467879293,12
1,1467879285,1467879290,5
4,1467879293,1467879295,2
4,1467879295,1467879316,21
1,1467879305,1467879315,10
4,1467879316,1467879319,3
10,1467879316,1467879319,3
4,1467879321,1467879323,2
10,1467879321,1467879323,2
4,1467879323,1467879331,8
1,1467879324,1467879335,11
4,1467879336,1467879338,2
4,1467879338,1467879346,8
1,1467879340,1467879345,5
4,1467879346,1467879356,10
1,1467879350,1467879355,5
4,1467879356,1467879431,75
1,1467879365,1467879373,8
1,1467879407,1467879418,11
1,1467879422,1467879427,5
4,1467879431,1467879436,5
10,1467879432,1467879433,1
1,1467879434,1467879435,1
4,1467879436,1467879449,13
10,1467879436,1467879438,2
1,1467879443,1467879456,13
4,1467879458,1467879460,2
4,1467879461,1467879463,2
1,1467879488,1467879496,8
4,1467879497,1467879501,4
10,1467879504,1467879506,2
4,1467879506,1467879513,7
1,1467879509,1467879519,10
4,1467879521,1467879537,16
10,1467879524,1467879525,1
1,1467879534,1467879536,2
4,1467879537,1467879542,5
4,1467879542,1467879563,21
10,1467879543,1467879546,3
1,1467879547,1467879574,27
4,1467879570,1467879575,5
4,1467879582,1467879600,18
1,1467879593,1467879598,5
4,1467879600,1467879604,4
4,1467879604,1467879608,4
1,1467879604,1467879606,2
4,1467879608,1467879615,7
10,1467879610,1467879612,2
1,1467879611,1467879613,2
4,1467879615,1467879631,16
10,1467879618,1467879620,2
1,1467879619,1467879628,9
4,1467879631,1467879642,11
10,1467879634,1467879636,2
1,1467879634,1467879641,7
4,1467879643,1467879650,7
1,1467879645,1467879648,3
4,1467879650,1467879653,3
4,1467879653,1467879662,9
1,1467879659,1467879666,7
4,1467879666,1467879669,3
4,1467879669,1467879675,6
1,1467879670,1467879674,4
4,1467879675,1467879677,2
4,1467879677,1467879682,5
10,1467879678,1467879680,2
1,1467879679,1467879681,2
4,1467879682,1467879685,3
10,1467879684,1467879685,1
4,1467879685,1467879687,2
4,1467879688,1467879691,3
4,1467879691,1467879699,8
10,1467879695,1467879699,4
1,1467879698,1467879708,10
4,1467879711,1467879713,2
4,1467879713,1467879715,2
4,1467879719,1467879726,7
4,1467879726,1467879728,2
4,1467879730,1467879791,61
1,1467879753,1467879763,10
1,1467879783,1467879790,7
4,1467879792,1467879796,4
1,1467879798,1467879814,16
4,1467879805,1467879810,5
4,1467879814,1467879825,11
4,1467879825,1467879841,16
1,1467879825,1467879840,15
1,1467879848,1467879856,8
4,1467879857,1467879866,9
1,1467879862,1467879870,8
4,1467879867,1467879870,3
1,1467879873,1467879877,4
4,1467879877,1467879883,6
1,1467879880,1467879889,9
4,1467879885,1467879887,2
4,1467879892,1467879899,7
1,1467879893,1467879896,3
4,1467879899,1467879901,2
4,1467879901,1467879906,5
10,1467879903,1467879904,1
1,1467879903,1467879905,2
4,1467879906,1467879908,2
4,1467879909,1467879912,3
4,1467879912,1467879914,2
4,1467879915,1467879917,2
4,1467879917,1467879933,16
1,1467879924,1467879932,8
4,1467879933,1467879940,7
1,1467879937,1467879966,29
4,1467879941,1467879944,3
4,1467879948,1467879958,10
4,1467879962,1467879965,3
1,1467879971,1467879972,1
4,1467879973,1467879978,5
4,1467879978,1467879980,2
10,1467879979,1467879980,1
4,1467879980,1467879983,3
4,1467879984,1467879986,2
4,1467879986,1467879988,2
4,1467879988,1467879992,4
1,1467879990,1467879992,2
4,1467879994,1467879996,2
4,1467879999,1467880006,7
4,1467880006,1467880017,11
1,1467880009,1467880050,41
4,1467880021,1467880034,13
4,1467880042,1467880045,3
4,1467880045,1467880051,6
4,1467880051,1467880054,3
4,1467880054,1467880060,6
1,1467880064,1467880078,14
4,1467880065,1467880075,10
4,1467880077,1467880093,16
1,1467880085,1467880095,10
4,1467880093,1467880096,3
4,1467880096,1467880100,4
4,1467880100,1467880102,2
4,1467880102,1467880109,7
1,1467880108,1467880120,12
1,1467880150,1467880163,13
4,1467880164,1467880183,19
1,1467880172,1467880182,10
4,1467880183,1467880185,2
1,1467880187,1467880198,11
4,1467880193,1467880198,5
4,1467880198,1467880204,6
1,1467880202,1467880204,2
4,1467880206,1467880211,5
4,1467880212,1467880220,8
1,1467880212,1467880231,19
4,1467880221,1467880228,7
4,1467880231,1467880262,31
1,1467880237,1467880242,5
1,1467880246,1467880248,2
1,1467880252,1467880261,9
4,1467880262,1467880266,4
4,1467880266,1467880269,3
1,1467880271,1467880297,26
4,1467880277,1467880283,6
4,1467880283,1467880290,7
4,1467880295,1467880297,2
4,1467880299,1467880306,7
1,1467880300,1467880327,27
4,1467880314,1467880334,20
1,1467880331,1467880332,1
4,1467880335,1467880344,9
1,1467880338,1467880343,5
4,1467880345,1467880348,3
1,1467880347,1467880357,10
4,1467880348,1467880352,4
4,1467880356,1467880381,25
1,1467880363,1467880393,30
4,1467880386,1467880394,8
4,1467880394,1467880397,3
4,1467880397,1467880399,2
4,1467880399,1467880404,5
1,1467880400,1467880419,19
4,1467880404,1467880413,9
4,1467880420,1467880423,3
4,1467880423,1467880428,5
1,1467880424,1467880427,3
4,1467880428,1467880430,2
10,1467880430,1467880432,2
4,1467880432,1467880444,12
1,1467880433,1467880443,10
4,1467880444,1467880450,6
10,1467880446,1467880448,2
1,1467880447,1467880449,2
4,1467880450,1467880477,27
10,1467880453,1467880458,5
1,1467880457,1467880477,20
4,1467880478,1467880480,2
4,1467880480,1467880483,3
10,1467880481,1467880483,2
1,1467880484,1467880507,23
4,1467880490,1467880493,3
4,1467880501,1467880507,6
4,1467880508,1467880515,7
10,1467880510,1467880512,2
1,1467880511,1467880519,8
4,1467880517,1467880589,72
1,1467880522,1467880523,1
1,1467880530,1467880538,8
1,1467880563,1467880566,3
1,1467880569,1467880574,5
1,1467880584,1467880590,6
1,1467880594,1467880597,3
1,1467880607,1467880609,2
1,1467880650,1467880672,22
4,1467880664,1467880669,5
4,1467880669,1467880673,4
4,1467880673,1467880682,9
1,1467880675,1467880680,5
4,1467880682,1467880702,20
1,1467880699,1467880700,1
1,1467880704,1467880710,6
1,1467880723,1467880736,13
4,1467880727,1467880731,4
4,1467880734,1467880740,6
4,1467880740,1467880754,14
1,1467880743,1467880747,4
1,1467880750,1467880758,8
4,1467880756,1467880761,5
4,1467880761,1467880787,26
1,1467880765,1467880776,11
4,1467880787,1467880790,3
10,1467880790,1467880793,3
4,1467880793,1467880799,6
1,1467880796,1467880803,7
10,1467880799,1467880800,1
1,1467880806,1467880808,2
1,1467880823,1467880827,4
4,1467880825,1467880828,3
4,1467880828,1467880831,3
1,1467880832,1467880853,21
4,1467880834,1467880856,22
4,1467880856,1467880858,2
4,1467880859,1467880862,3
4,1467880865,1467880870,5
4,1467880870,1467880874,4
4,1467880875,1467880877,2
4,1467880877,1467880880,3
4,1467880883,1467880887,4
4,1467880888,1467880890,2
10,1467880890,1467880892,2
1,1467880898,1467880901,3
1,1467880905,1467880907,2
4,1467880909,1467880911,2
4,1467880911,1467880931,20
1,1467880914,1467880927,13
4,1467880931,1467881034,103
1,1467880932,1467880933,1
1,1467880943,1467880947,4
1,1467880970,1467880973,3
1,1467880976,1467881001,25
1,1467881005,1467881010,5
1,1467881030,1467881037,7
4,1467881034,1467881038,4
4,1467881038,1467881070,32
1,1467881051,1467881069,18
4,1467881070,1467881174,104
1,1467881167,1467881172,5
4,1467881174,1467881177,3
4,1467881177,1467881186,9
4,1467881186,1467881233,47
1,1467881192,1467881202,10
1,1467881207,1467881222,15
1,1467881228,1467881230,2
4,1467881238,1467881249,11
1,1467881239,1467881240,1
4,1467881252,1467881501,249
1,1467881254,1467881278,24
1,1467881281,1467881289,8
1,1467881293,1467881295,2
1,1467881304,1467881307,3
1,1467881313,1467881317,4
1,1467881329,1467881338,9
1,1467881345,1467881351,6
1,1467881359,1467881367,8
1,1467881377,1467881380,3
1,1467881397,1467881406,9
1,1467881441,1467881443,2
1,1467881449,1467881458,9
1,1467881466,1467881480,14
1,1467881486,1467881499,13
1,1467881502,1467881519,17
4,1467881510,1467881513,3
4,1467881513,1467881524,11
1,1467881524,1467881532,8
4,1467881524,1467881616,92
1,1467881558,1467881565,7
1,1467881570,1467881578,8
1,1467881583,1467881623,40
10,1467881632,1467881637,5
1,1467881638,1467881641,3
1,1467881645,1467881652,7
1,1467881656,1467881666,10
1,1467881670,1467881676,6
1,1467881693,1467881697,4
1,1467881705,1467881706,1
1,1467881711,1467881724,13
4,1467881719,1467881850,131
1,1467881730,1467881749,19
1,1467881753,1467881800,47
1,1467881805,1467881813,8
1,1467881823,1467881825,2
1,1467881828,1467881835,7
1,1467881838,1467881864,26
4,1467881851,1467881853,2
4,1467881854,1467881857,3
4,1467881857,1467881946,89
1,1467881867,1467881873,6
1,1467881879,1467881882,3
1,1467881886,1467881921,35
1,1467881928,1467881936,8
1,1467881940,1467881949,9
4,1467881946,1467881949,3
4,1467881949,1467881951,2
4,1467881951,1467881962,11
1,1467881954,1467881976,22
4,1467881962,1467881964,2
4,1467881966,1467882110,144
1,1467881983,1467882015,32
1,1467882026,1467882028,2
1,1467882039,1467882085,46
1,1467882090,1467882109,19
1,1467882113,1467882115,2
1,1467882119,1467882133,14
1,1467882148,1467882163,15
1,1467882179,1467882198,19
5,1467882195,1467882196,1
4,1467882196,1467882361,165
1,1467882333,1467882338,5
1,1467882372,1467882382,10
4,1467882381,1467882389,8
1,1467882394,1467882402,8
1,1467882439,1467882444,5
5,1467882442,1467882443,1
4,1467882443,1467882532,89
1,1467882467,1467882469,2
1,1467882485,1467882500,15
4,1467882532,1467882540,8
1,1467882550,1467882553,3
1,1467882574,1467882601,27
5,1467882595,1467882597,2
1,1467882672,1467882677,5
1,1467882740,1467882757,17
1,1467882761,1467882772,11
4,1467882769,1467882772,3
4,1467882772,1467882774,2
4,1467882774,1467882776,2
4,1467882776,1467882778,2
1,1467882777,1467882782,5
4,1467882779,1467882781,2
4,1467882781,1467882785,4
1,1467882785,1467882804,19
4,1467882799,1467882805,6
4,1467882805,1467882807,2
4,1467882807,1467882813,6
1,1467882808,1467882818,10
4,1467882819,1467882831,12
1,1467882822,1467882834,12
4,1467882835,1467882838,3
4,1467882838,1467882843,5
10,1467882839,1467882841,2
1,1467882840,1467882847,7
4,1467882844,1467882853,9
1,1467882850,1467882867,17
4,1467882854,1467882857,3
4,1467882865,1467882868,3
4,1467882868,1467882870,2
4,1467882870,1467882874,4
1,1467882872,1467882881,9
4,1467882874,1467882882,8
10,1467882875,1467882877,2
4,1467882882,1467882885,3
4,1467882886,1467882888,2
4,1467882888,1467882891,3
4,1467882892,1467882901,9
1,1467882894,1467882895,1
1,1467882899,1467882904,5
4,1467882902,1467882906,4
4,1467882906,1467882908,2
4,1467882910,1467882921,11
1,1467882913,1467882923,10
4,1467882923,1467882925,2
4,1467882925,1467882933,8
1,1467882927,1467882943,16
4,1467882940,1467882946,6
4,1467882946,1467882948,2
1,1467882954,1467882991,37
4,1467882954,1467882980,26
4,1467882993,1467883004,11
1,1467882994,1467883002,8
4,1467883004,1467883006,2
4,1467883007,1467883009,2
1,1467883008,1467883013,5
4,1467883014,1467883048,34
1,1467883017,1467883018,1
1,1467883025,1467883032,7
1,1467883039,1467883074,35
4,1467883048,1467883067,19
4,1467883068,1467883103,35
1,1467883095,1467883112,17
4,1467883103,1467883113,10
4,1467883113,1467883131,18
1,1467883115,1467883131,16
4,1467883132,1467883158,26
1,1467883136,1467883137,1
1,1467883143,1467883163,20
4,1467883158,1467883193,35
1,1467883166,1467883170,4
1,1467883173,1467883184,11
1,1467883188,1467883241,53
4,1467883193,1467883204,11
4,1467883205,1467883210,5
4,1467883210,1467883213,3
4,1467883214,1467883217,3
4,1467883217,1467883223,6
4,1467883223,1467883229,6
4,1467883229,1467883235,6
4,1467883235,1467883240,5
4,1467883240,1467883295,55
1,1467883260,1467883267,7
1,1467883288,1467883297,9
4,1467883295,1467883307,12
1,1467883300,1467883307,7
4,1467883307,1467883322,15
1,1467883311,1467883324,13
4,1467883322,1467883324,2
4,1467883324,1467883338,14
1,1467883327,1467883337,10
4,1467883338,1467883349,11
1,1467883341,1467883348,7
4,1467883349,1467883362,13
1,1467883352,1467883362,10
4,1467883363,1467883373,10
1,1467883366,1467883386,20
4,1467883373,1467883376,3
4,1467883376,1467883380,4
4,1467883380,1467883382,2
4,1467883382,1467883386,4
4,1467883386,1467883411,25
1,1467883391,1467883393,2
1,1467883406,1467883410,4
4,1467883411,1467883428,17
1,1467883414,1467883428,14
4,1467883428,1467883578,150
1,1467883432,1467883442,10
1,1467883573,1467883579,6
4,1467883578,1467883720,142
1,1467883583,1467883592,9
1,1467883610,1467883620,10
1,1467883684,1467883694,10
1,1467883710,1467883722,12
4,1467883720,1467883733,13
1,1467883726,1467883728,2
1,1467883731,1467883733,2
4,1467883734,1467883736,2
4,1467883736,1467883738,2
4,1467883738,1467883740,2
4,1467883741,1467883768,27
1,1467883744,1467883750,6
1,1467883764,1467883767,3
5,1467883767,1467883768,1
1,1467883893,1467883897,4
4,1467883924,1467883932,8
1,1467883933,1467883948,15
1,1467883984,1467883992,8
1,1467884015,1467884016,1
1,1467884021,1467884031,10
1,1467884034,1467884043,9
1,1467884047,1467884055,8
4,1467884060,1467884062,2
4,1467884062,1467884064,2
4,1467884064,1467884066,2
1,1467884068,1467884079,11
1,1467884083,1467884087,4
4,1467884087,1467884089,2
4,1467884089,1467884106,17
1,1467884090,1467884100,10
1,1467884103,1467884106,3
4,1467884106,1467884108,2
4,1467884108,1467884110,2
4,1467884110,1467884112,2
4,1467884112,1467884115,3
4,1467884115,1467884117,2
4,1467884117,1467884119,2
4,1467884119,1467884156,37
1,1467884121,1467884137,16
1,1467884148,1467884151,3
4,1467884156,1467884158,2
4,1467884158,1467884160,2
4,1467884160,1467884162,2
4,1467884162,1467884184,22
1,1467884165,1467884184,19
4,1467884184,1467884186,2
4,1467884186,1467884188,2
4,1467884188,1467884191,3
1,1467884193,1467884209,16
1,1467884212,1467884217,5
4,1467884217,1467884220,3
4,1467884220,1467884222,2
1,1467884222,1467884238,16
4,1467884238,1467884240,2
4,1467884240,1467884260,20
1,1467884242,1467884295,53
4,1467884265,1467884323,58
1,1467884307,1467884314,7
1,1467884317,1467884322,5
4,1467884323,1467884325,2
4,1467884325,1467884338,13
1,1467884326,1467884336,10
1,1467884339,1467884348,9
4,1467884343,1467884352,9
1,1467884352,1467884371,19
4,1467884352,1467884368,16
4,1467884372,1467884374,2
4,1467884374,1467884377,3
4,1467884378,1467884381,3
10,1467884380,1467884381,1
1,1467884387,1467884389,2
1,1467884397,1467884402,5
1,1467884408,1467884415,7
1,1467884422,1467884432,10
1,1467884436,1467884439,3
10,1467884439,1467884441,2
4,1467884441,1467884447,6
1,1467884447,1467884472,25
4,1467884464,1467884469,5
4,1467884477,1467884479,2
1,1467884485,1467884508,23
4,1467884509,1467884518,9
10,1467884512,1467884514,2
10,1467884515,1467884517,2
4,1467884521,1467884545,24
1,1467884524,1467884527,3
1,1467884533,1467884544,11
4,1467884545,1467884548,3
4,1467884553,1467884561,8
1,1467884559,1467884600,41
1,1467884608,1467884626,18
4,1467884627,1467884629,2
4,1467884629,1467884631,2
1,1467884631,1467884642,11
4,1467884646,1467884660,14
1,1467884647,1467884657,10
4,1467884664,1467884674,10
1,1467884665,1467884684,19
10,1467884668,1467884669,1
4,1467884678,1467884685,7
4,1467884685,1467884688,3
10,1467884687,1467884688,1
4,1467884689,1467884692,3
1,1467884690,1467884691,1
4,1467884692,1467884722,30
1,1467884699,1467884703,4
1,1467884706,1467884716,10
10,1467884708,1467884711,3
1,1467884721,1467884738,17
4,1467884722,1467884741,19
10,1467884739,1467884741,2
4,1467884750,1467884792,42
1,1467884753,1467884761,8
1,1467884774,1467884791,17
1,1467884797,1467884807,10
4,1467884798,1467884824,26
1,1467884812,1467884826,14
1,1467884831,1467884847,16
4,1467884833,1467884848,15
4,1467884852,1467884870,18
1,1467884859,1467884870,11
4,1467884870,1467884872,2
10,1467884873,1467884874,1
1,1467884874,1467884879,5
4,1467884885,1467884904,19
1,1467884886,1467884909,23
4,1467884913,1467884931,18
1,1467884918,1467884936,18
4,1467884944,1467884961,17
1,1467884946,1467884964,18
10,1467884957,1467884961,4
1,1467884968,1467884983,15
4,1467884970,1467884990,20
1,1467884986,1467884989,3
1,1467884995,1467885000,5
4,1467884996,1467885021,25
1,1467885011,1467885023,12
1,1467885029,1467885047,18
4,1467885030,1467885044,14
4,1467885051,1467885063,12
1,1467885052,1467885065,13
1,1467885069,1467885098,29
4,1467885070,1467885085,15
4,1467885093,1467885099,6
4,1467885099,1467885103,4
4,1467885103,1467885109,6
4,1467885109,1467885113,4
1,1467885111,1467885116,5
4,1467885113,1467885124,11
4,1467885124,1467885147,23
1,1467885129,1467885130,1
1,1467885143,1467885153,10
1,1467885157,1467885160,3
1,1467885166,1467885171,5
1,1467885180,1467885200,20
4,1467885191,1467885202,11
4,1467885202,1467885205,3
1,1467885205,1467885222,17
4,1467885215,1467885334,119
1,1467885254,1467885255,1
1,1467885313,1467885326,13
1,1467885329,1467885332,3
4,1467885334,1467885336,2
4,1467885336,1467885342,6
4,1467885342,1467885350,8
1,1467885345,1467885352,7
10,1467885345,1467885346,1
4,1467885356,1467885359,3
4,1467885359,1467885364,5
1,1467885362,1467885364,2
4,1467885364,1467885367,3
4,1467885367,1467885370,3
4,1467885370,1467885374,4
4,1467885374,1467885383,9
1,1467885375,1467885376,1
1,1467885379,1467885385,6
4,1467885386,1467885392,6
4,1467885392,1467885431,39
1,1467885429,1467885430,1
4,1467885431,1467885434,3
4,1467885434,1467885439,5
1,1467885436,1467885441,5
4,1467885442,1467885444,2
1,1467885445,1467885469,24
4,1467885451,1467885466,15
4,1467885467,1467885472,5
1,1467885473,1467885478,5
4,1467885473,1467885478,5
4,1467885478,1467885487,9
1,1467885482,1467885489,7
1,1467885493,1467885510,17
4,1467885499,1467885505,6
4,1467885508,1467885560,52
1,1467885516,1467885517,1
1,1467885521,1467885528,7
1,1467885537,1467885544,7
1,1467885548,1467885563,15
4,1467885566,1467885579,13
1,1467885568,1467885576,8
1,1467885581,1467885585,4
4,1467885586,1467885597,11
1,1467885592,1467885623,31
4,1467885597,1467885615,18
1,1467885638,1467885657,19
4,1467885641,1467885653,12
4,1467885659,1467885663,4
1,1467885661,1467885665,4
4,1467885673,1467885690,17
1,1467885676,1467885693,17
1,1467885698,1467885715,17
4,1467885699,1467885713,14
1,1467885720,1467885744,24
4,1467885722,1467885738,16
4,1467885749,1467887043,1294
1,1467887025,1467887045,20
4,1467887050,1467887061,11
1,1467887050,1467887064,14
1,1467887069,1467887079,10
4,1467887070,1467887088,18
1,1467887083,1467887087,4
4,1467887089,1467887095,6
4,1467887099,1467887102,3
1,1467887107,1467887126,19
4,1467887109,1467887122,13
4,1467887130,1467887141,11
1,1467887130,1467887137,7
1,1467887141,1467887157,16
4,1467887151,1467887174,23
1,1467887161,1467887172,11
4,1467887175,1467887179,4
1,1467887178,1467887180,2
4,1467887181,1467887184,3
10,1467887183,1467887184,1
1,1467887183,1467887210,27
4,1467887195,1467887199,4
4,1467887211,1467887216,5
10,1467887214,1467887216,2
4,1467887219,1467887221,2
10,1467887221,1467887222,1
4,1467887223,1467887229,6
4,1467887229,1467887236,7
1,1467887229,1467887239,10
4,1467887240,1467887242,2
10,1467887245,1467887247,2
4,1467887247,1467887308,61
1,1467887250,1467887253,3
1,1467887266,1467887359,93
10,1467887315,1467887318,3
4,1467887318,1467887385,67
1,1467887363,1467887391,28
4,1467887388,1467887392,4
4,1467887392,1467887398,6
1,1467887395,1467887411,16
1,1467887424,1467887429,5
4,1467887429,1467887431,2
4,1467887431,1467887433,2
4,1467887433,1467887436,3
4,1467887436,1467887438,2
4,1467887438,1467887454,16
1,1467887441,1467887459,18
4,1467887460,1467887477,17
1,1467887465,1467887477,12
4,1467887482,1467887492,10
1,1467887483,1467887491,8
1,1467887499,1467887524,25
4,1467887499,1467887518,19
4,1467887525,1467887529,4
1,1467887528,1467887535,7
4,1467887529,1467887537,8
1,1467887540,1467887558,18
4,1467887542,1467887547,5
4,1467887558,1467887560,2
1,1467887561,1467887570,9
10,1467887562,1467887566,4
4,1467887566,1467887590,24
1,1467887574,1467887581,7
1,1467887585,1467887589,4
10,1467887591,1467887594,3
1,1467887593,1467887608,15
4,1467887601,1467887606,5
4,1467887608,1467887615,7
10,1467887611,1467887612,1
1,1467887613,1467887614,1
1,1467887617,1467887648,31
10,1467887619,1467887621,2
4,1467887621,1467887623,2
4,1467887623,1467887630,7
10,1467887633,1467887635,2
4,1467887641,1467887663,22
10,1467887643,1467887645,2
1,1467887652,1467887653,1
1,1467887656,1467887660,4
4,1467887663,1467887673,10
1,1467887665,1467887674,9
1,1467887678,1467887726,48
4,1467887679,1467887691,12
4,1467887700,1467887706,6
4,1467887711,1467887719,8
4,1467887721,1467887727,6
4,1467887734,1467887795,61
1,1467887737,1467887746,9
1,1467887750,1467887753,3
1,1467887782,1467887783,1
1,1467887786,1467887817,31
4,1467887817,1467887819,2
4,1467887819,1467887822,3
4,1467887822,1467887824,2
4,1467887824,1467887835,11
1,1467887827,1467887833,6
1,1467887836,1467887857,21
4,1467887842,1467887849,7
10,1467887850,1467887855,5
4,1467887854,1467887864,10
1,1467887863,1467887867,4
1,1467887871,1467887886,15
4,1467887887,1467887895,8
10,1467887889,1467887892,3
1,1467887893,1467887895,2
1,1467887898,1467887934,36
4,1467887922,1467887925,3
10,1467887927,1467887933,6
4,1467887932,1467887940,8
1,1467887939,1467887951,12
1,1467887954,1467887964,10
4,1467887955,1467887967,12
1,1467887967,1467887979,12
4,1467887967,1467887977,10
4,1467887983,1467887998,15
1,1467887983,1467887995,12
1,1467887998,1467888003,5
1,1467888006,1467888019,13
4,1467888014,1467888023,9
1,1467888023,1467888036,13
4,1467888032,1467888037,5
1,1467888041,1467888049,8
4,1467888041,1467888050,9
1,1467888052,1467888065,13
4,1467888054,1467888068,14
4,1467888068,1467888071,3
1,1467888073,1467888115,42
4,1467888079,1467888082,3
10,1467888080,1467888082,2
4,1467888082,1467888089,7
4,1467888096,1467888107,11
4,1467888108,1467888118,10
1,1467888118,1467888124,6
4,1467888126,1467888160,34
1,1467888132,1467888173,41
4,1467888163,1467888174,11
10,1467888164,1467888166,2
4,1467888174,1467888178,4
10,1467888176,1467888178,2
4,1467888178,1467888188,10
1,1467888179,1467888199,20
4,1467888189,1467888194,5
1,1467888203,1467888207,4
4,1467888205,1467888207,2
4,1467888207,1467888222,15
1,1467888211,1467888226,15
4,1467888223,1467888227,4
4,1467888227,1467888256,29
1,1467888231,1467888237,6
1,1467888243,1467888251,8
1,1467888254,1467888277,23
4,1467888267,1467888272,5
4,1467888272,1467888291,19
1,1467888280,1467888291,11
1,1467888295,1467888304,9
4,1467888295,1467888305,10
1,1467888309,1467888312,3
4,1467888314,1467888326,12
10,1467888316,1467888318,2
1,1467888316,1467888318,2
1,1467888321,1467888331,10
4,1467888332,1467888334,2
4,1467888334,1467888340,6
4,1467888340,1467888347,7
1,1467888341,1467888355,14
4,1467888351,1467888356,5
4,1467888356,1467888361,5
10,1467888359,1467888361,2
4,1467888361,1467888365,4
1,1467888363,1467888364,1
4,1467888365,1467888367,2
4,1467888367,1467888370,3
4,1467888370,1467888372,2
4,1467888372,1467888376,4
10,1467888375,1467888376,1
1,1467888380,1467888400,20
4,1467888388,1467888390,2
4,1467888395,1467888398,3
1,1467888405,1467888410,5
1,1467888416,1467888417,1
1,1467888421,1467888426,5
4,1467888427,1467888486,59
1,1467888430,1467888435,5
10,1467888431,1467888435,4
1,1467888444,1467888461,17
1,1467888473,1467888486,13
4,1467888490,1467888492,2
1,1467888490,1467888491,1
1,1467888496,1467888499,3
1,1467888503,1467888510,7
4,1467888504,1467888508,4
1,1467888514,1467888549,35
4,1467888514,1467888526,12
4,1467888530,1467888542,12
10,1467888543,1467888549,6
4,1467888548,1467888557,9
1,1467888556,1467888560,4
1,1467888563,1467888566,3
4,1467888569,1467888578,9
1,1467888570,1467888580,10
4,1467888581,1467888585,4
1,1467888585,1467888591,6
4,1467888592,1467888603,11
1,1467888596,1467888599,3
1,1467888603,1467888629,26
4,1467888604,1467888613,9
4,1467888622,1467888626,4
4,1467888628,1467888634,6
1,1467888633,1467888640,7
1,1467888644,1467888650,6
4,1467888654,1467888668,14
1,1467888655,1467888671,16
4,1467888675,1467888692,17
1,1467888675,1467888712,37
4,1467888699,1467888717,18
4,1467888717,1467888743,26
1,1467888717,1467888747,30
1,1467888750,1467888764,14
4,1467888751,1467888763,12
4,1467888769,1467888784,15
1,1467888770,1467888800,30
4,1467888789,1467888793,4
10,1467888790,1467888791,1
10,1467888795,1467888798,3
4,1467888798,1467888803,5
4,1467888803,1467888813,10
1,1467888804,1467888818,14
4,1467888816,1467888823,7
4,1467888823,1467888835,12
1,1467888824,1467888835,11
1,1467888840,1467888853,13
4,1467888841,1467888851,10
1,1467888858,1467888911,53
4,1467888858,1467888871,13
10,1467888873,1467888876,3
4,1467888877,1467888894,17
10,1467888878,1467888883,5
10,1467888891,1467888894,3
4,1467888907,1467888912,5
10,1467888908,1467888910,2
10,1467888913,1467888916,3
1,1467888914,1467888917,3
1,1467888922,1467888928,6
10,1467888928,1467888932,4
4,1467888932,1467888962,30
1,1467888936,1467888937,1
1,1467888946,1467888952,6
1,1467888957,1467888966,9
10,1467888964,1467888965,1
4,1467888965,1467888968,3
4,1467888969,1467888974,5
1,1467888970,1467888977,7
10,1467888975,1467888977,2
1,1467888982,1467889014,32
1,1467889019,1467889042,23
4,1467889035,1467889043,8
1,1467889048,1467889065,17
4,1467889050,1467889062,12
10,1467889063,1467889070,7
1,1467889068,1467889084,16
4,1467889072,1467889080,8
10,1467889073,1467889074,1
10,1467889081,1467889084,3
1,1467889089,1467889092,3
4,1467889094,1467889122,28
1,1467889101,1467889112,11
1,1467889117,1467889128,11
10,1467889124,1467889126,2
4,1467889126,1467889137,11
4,1467889137,1467889163,26
1,1467889139,1467889158,19
1,1467889162,1467889171,9
4,1467889171,1467889176,5
1,1467889176,1467889188,12
1,1467889192,1467889198,6
4,1467889199,1467889202,3
4,1467889202,1467889235,33
1,1467889204,1467889208,4
1,1467889212,1467889230,18
1,1467889236,1467889239,3
1,1467889245,1467889247,2
1,1467889251,1467889252,1
4,1467889254,1467889268,14
1,1467889256,1467889275,19
4,1467889276,1467889282,6
10,1467889278,1467889282,4
10,1467889282,1467889284,2
10,1467889286,1467889288,2
4,1467889288,1467889298,10
1,1467889290,1467889297,7
4,1467889298,1467889300,2
4,1467889300,1467889311,11
1,1467889301,1467889316,15
4,1467889314,1467889318,4
1,1467889324,1467889384,60
4,1467889351,1467889359,8
4,1467889370,1467889376,6
4,1467889385,1467889387,2
4,1467889387,1467889392,5
10,1467889388,1467889391,3
4,1467889392,1467889400,8
1,1467889394,1467889402,8
1,1467889405,1467889453,48
4,1467889430,1467889437,7
4,1467889445,1467889455,10
4,1467889455,1467889457,2
4,1467889458,1467889460,2
4,1467889460,1467889466,6
1,1467889463,1467889469,6
4,1467889469,1467889477,8
1,1467889476,1467889480,4
4,1467889477,1467889492,15
1,1467889488,1467889496,8
4,1467889494,1467889497,3
1,1467889503,1467889550,47
4,1467889504,1467889518,14
4,1467889525,1467889544,19
4,1467889552,1467889561,9
1,1467889554,1467889563,9
4,1467889564,1467889589,25
1,1467889567,1467889574,7
1,1467889581,1467889592,11
4,1467889593,1467890913,1320
1,1467889597,1467889607,10
1,1467889613,1467889620,7
1,1467890855,1467890857,2
1,1467890871,1467890882,11
1,1467890907,1467890917,10
4,1467890920,1467890929,9
1,1467890922,1467890929,7
4,1467890934,1467890944,10
1,1467890934,1467890944,10
4,1467890951,1467890958,7
1,1467890951,1467890958,7
4,1467890962,1467890972,10
1,1467890962,1467890997,35
4,1467890978,1467890990,12
4,1467890998,1467891037,39
1,1467891002,1467891007,5
1,1467891012,1467891027,15
1,1467891032,1467891037,5
4,1467891037,1467891039,2
4,1467891039,1467891068,29
1,1467891045,1467891059,14
1,1467891067,1467891070,3
4,1467891068,1467891091,23
1,1467891077,1467891100,23
4,1467891101,1467891106,5
10,1467891103,1467891107,4
4,1467891107,1467891112,5
1,1467891108,1467891112,4
4,1467891116,1467891119,3
1,1467891120,1467891143,23
4,1467891127,1467891138,11
4,1467891139,1467891143,4
4,1467891144,1467891159,15
1,1467891147,1467891149,2
1,1467891153,1467891158,5
4,1467891159,1467891163,4
4,1467891163,1467891170,7
1,1467891167,1467891182,15
4,1467891171,1467891177,6
4,1467891183,1467891195,12
1,1467891187,1467891195,8
4,1467891195,1467891204,9
10,1467891201,1467891203,2
4,1467891204,1467891210,6
10,1467891208,1467891210,2
1,1467891211,1467891218,7
4,1467891220,1467891223,3
4,1467891224,1467891226,2
4,1467891226,1467891228,2
4,1467891228,1467891236,8
10,1467891230,1467891233,3
4,1467891237,1467891240,3
1,1467891238,1467891239,1
4,1467891241,1467891243,2
4,1467891243,1467891250,7
1,1467891244,1467891252,8
4,1467891253,1467891257,4
4,1467891257,1467891261,4
10,1467891260,1467891261,1
4,1467891261,1467891285,24
1,1467891263,1467891271,8
1,1467891278,1467891285,7
4,1467891289,1467891390,101
1,1467891292,1467891300,8
10,1467891292,1467891295,3
1,1467891314,1467891323,9
1,1467891329,1467891358,29
1,1467891364,1467891386,22
4,1467891394,1467891401,7
1,1467891395,1467891405,10
4,1467891406,1467891409,3
4,1467891409,1467891414,5
10,1467891412,1467891414,2
10,1467891414,1467891415,1
4,1467891415,1467891429,14
1,1467891417,1467891428,11
4,1467891430,1467891432,2
4,1467891432,1467891438,6
1,1467891433,1467891447,14
4,1467891444,1467891448,4
4,1467891449,1467891454,5
10,1467891450,1467891452,2
1,1467891451,1467891458,7
4,1467891465,1467891473,8
1,1467891467,1467891485,18
4,1467891478,1467891482,4
4,1467891486,1467891488,2
10,1467891490,1467891491,1
4,1467891492,1467891494,2
4,1467891494,1467891496,2
5,1467891497,1467891498,1
1,1467891498,1467891504,6
10,1467891499,1467891500,1
10,1467891500,1467891501,1
4,1467891506,1467891509,3
4,1467891510,1467891512,2
1,1467891515,1467891517,2
4,1467891524,1467891531,7
1,1467891528,1467891533,5
4,1467891534,1467891536,2
4,1467891536,1467891539,3
4,1467891540,1467891543,3
1,1467891540,1467891542,2
4,1467891543,1467891550,7
1,1467891547,1467891587,40
4,1467891557,1467891570,13
4,1467891570,1467891626,56
10,1467891574,1467891582,8
1,1467891605,1467891615,10
5,1467891615,1467891621,6
1,1467891622,1467891624,2
4,1467891626,1467891628,2
4,1467891629,1467891645,16
1,1467891630,1467891657,27
4,1467891651,1467891658,7
4,1467891659,1467891669,10
1,1467891661,1467891707,46
4,1467891675,1467891677,2
4,1467891681,1467891687,6
1,1467891710,1467891721,11
1,1467891735,1467891737,2
1,1467891757,1467891759,2
4,1467891760,1467891763,3
1,1467891764,1467891767,3
4,1467891769,1467891775,6
1,1467891771,1467891774,3
4,1467891777,1467891782,5
4,1467891782,1467891795,13
1,1467891784,1467891794,10
4,1467891795,1467891800,5
1,1467891797,1467891810,13
4,1467891805,1467891810,5
1,1467891813,1467891823,10
4,1467891827,1467891831,4
10,1467891830,1467891831,1
4,1467891831,1467891834,3
1,1467891835,1467891837,2
1,1467891841,1467891847,6
1,1467891854,1467891863,9
4,1467891864,1467891866,2
4,1467891868,1467891878,10
1,1467891870,1467891913,43
4,1467891879,1467891889,10
4,1467891892,1467891900,8
10,1467891896,1467891897,1
4,1467891901,1467891910,9
4,1467891914,1467891916,2
4,1467891917,1467891955,38
10,1467891917,1467891918,1
1,1467891917,1467891938,21
1,1467891952,1467891953,1
4,1467891955,1467891959,4
4,1467891959,1467891963,4
1,1467891960,1467891962,2
10,1467891960,1467891962,2
4,1467891963,1467891966,3
4,1467891966,1467891969,3
1,1467891967,1467891973,6
4,1467891969,1467891990,21
1,1467891980,1467891984,4
4,1467891990,1467891999,9
1,1467891995,1467892005,10
4,1467891999,1467892006,7
4,1467892006,1467892008,2
4,1467892009,1467892013,4
1,1467892011,1467892015,4
4,1467892013,1467892015,2
4,1467892016,1467892019,3
4,1467892020,1467892022,2
4,1467892022,1467892024,2
1,1467892025,1467892027,2
1,1467892030,1467892064,34
10,1467892050,1467892052,2
4,1467892052,1467892065,13
4,1467892065,1467892067,2
4,1467892067,1467892072,5
4,1467892072,1467892105,33
1,1467892075,1467892079,4
1,1467892083,1467892108,25
4,1467892106,1467892108,2
4,1467892108,1467892111,3
4,1467892111,1467892114,3
4,1467892115,1467892125,10
1,1467892121,1467892122,1
4,1467892125,1467892142,17
1,1467892127,1467892149,22
4,1467892150,1467892153,3
4,1467892154,1467892156,2
4,1467892157,1467892163,6
1,1467892159,1467892177,18
4,1467892166,1467892206,40
1,1467892181,1467892182,1
1,1467892186,1467892214,28
4,1467892215,1467892217,2
4,1467892217,1467892223,6
10,1467892219,1467892220,1
4,1467892224,1467892227,3
4,1467892227,1467892229,2
4,1467892229,1467892232,3
4,1467892232,1467892235,3
4,1467892235,1467892237,2
4,1467892237,1467892242,5
1,1467892240,1467892241,1
4,1467892242,1467892245,3
4,1467892245,1467892263,18
1,1467892247,1467892257,10
4,1467892263,1467892292,29
1,1467892263,1467892275,12
1,1467892279,1467892300,21
4,1467892303,1467892305,2
10,1467892305,1467892307,2
1,1467892307,1467892324,17
4,1467892319,1467892327,8
4,1467892327,1467892347,20
1,1467892330,1467892335,5
10,1467892343,1467892347,4
1,1467892349,1467892363,14
4,1467892353,1467892355,2
4,1467892364,1467892366,2
4,1467892366,1467892375,9
1,1467892369,1467892374,5
4,1467892375,1467892377,2
4,1467892378,1467892382,4
1,1467892379,1467892388,9
4,1467892389,1467892393,4
10,1467892392,1467892393,1
1,1467892395,1467892409,14
4,1467892400,1467892421,21
10,1467892401,1467892406,5
1,1467892413,1467892436,23
4,1467892438,1467892440,2
4,1467892440,1467892453,13
1,1467892442,1467892448,6
10,1467892449,1467892453,4
1,1467892454,1467892458,4
4,1467892459,1467892466,7
1,1467892462,1467892463,1
1,1467892467,1467892483,16
4,1467892483,1467892485,2
4,1467892486,1467892503,17
1,1467892487,1467892534,47
4,1467892507,1467892509,2
4,1467892517,1467892521,4
4,1467892528,1467892545,17
1,1467892538,1467892547,9
4,1467892548,1467892565,17
1,1467892552,1467892556,4
1,1467892559,1467892579,20
4,1467892565,1467892569,4
4,1467892579,1467892581,2
1,1467892583,1467892585,2
1,1467892589,1467892621,32
4,1467892608,1467892616,8
4,1467892622,1467892640,18
1,1467892626,1467892629,3
1,1467892633,1467892641,8
1,1467892655,1467892660,5
4,1467892662,1467892664,2
4,1467892664,1467892676,12
10,1467892666,1467892667,1
1,1467892667,1467892672,5
4,1467892676,1467892703,27
1,1467892676,1467892681,5
1,1467892692,1467892696,4
1,1467892702,1467892709,7
4,1467892703,1467892719,16
1,1467892712,1467892726,14
4,1467892726,1467892729,3
4,1467892729,1467892736,7
1,1467892731,1467892741,10
1,1467892744,1467892747,3
1,1467892804,1467892821,17
4,1467892817,1467892822,5
1,1467892825,1467892846,21
4,1467892836,1467892846,10
4,1467892847,1467892872,25
1,1467892850,1467892878,28
4,1467892881,1467892897,16
1,1467892886,1467892909,23
4,1467892910,1467892925,15
1,1467892913,1467892928,15
4,1467892929,1467892949,20
1,1467892932,1467892944,12
1,1467892948,1467892977,29
4,1467892962,1467892972,10
4,1467892978,1467892980,2
4,1467892980,1467892992,12
1,1467892981,1467893014,33
4,1467892997,1467893002,5
4,1467893012,1467893017,5
1,1467893018,1467893037,19
4,1467893022,1467893027,5
4,1467893032,1467893037,5
1,1467893041,1467893063,22
4,1467893056,1467893063,7
1,1467893067,1467893082,15
4,1467893077,1467893083,6
1,1467893087,1467893123,36
4,1467893101,1467893107,6
4,1467893107,1467893119,12
1,1467893130,1467893133,3
1,1467893143,1467893186,43
4,1467893148,1467893155,7
4,1467893161,1467893172,11
4,1467893174,1467893182,8
4,1467893186,1467893189,3
10,1467893188,1467893189,1
1,1467893190,1467893203,13
4,1467893194,1467893205,11
1,1467893214,1467893224,10
4,1467893220,1467893225,5
4,1467893226,1467893230,4
10,1467893228,1467893230,2
1,1467893231,1467893244,13
4,1467893236,1467893244,8
4,1467893245,1467893251,6
1,1467893251,1467893255,4
4,1467893251,1467905791,12540
1,1467893260,1467893268,8
1,1467893271,1467893274,3
1,1467893278,1467893296,18
1,1467893299,1467893313,14
1,1467893346,1467893348,2
1,1467893893,1467893895,2
1,1467900128,1467900131,3
1,1467901785,1467901789,4
1,1467901794,1467901805,11
1,1467901825,1467901828,3
1,1467901845,1467901850,5
1,1467901853,1467901860,7
1,1467902986,1467902988,2
1,1467903801,1467903806,5
1,1467903933,1467903936,3
1,1467906606,1467906616,10
1,1467906628,1467906645,17
4,1467906643,1467906647,4
1,1467906650,1467906660,10
4,1467906662,1467906665,3
4,1467906667,1467906687,20
1,1467906673,1467906695,22
4,1467906697,1467906712,15
1,1467906710,1467906723,13
10,1467906713,1467906714,1
4,1467906716,1467906726,10
10,1467906717,1467906718,1
4,1467906728,1467906739,11
1,1467906730,1467906737,7
4,1467906739,1467906741,2
1,1467906742,1467906744,2
1,1467906751,1467906759,8
4,1467906761,1467906763,2
1,1467906767,1467906771,4
4,1467906772,1467906777,5
1,1467906779,1467906806,27
4,1467906784,1467906788,4
4,1467906788,1467906804,16
4,1467906809,1467906822,13
1,1467906811,1467906818,7
4,1467906822,1467906830,8
1,1467906825,1467906841,16
4,1467906830,1467906841,11
4,1467906842,1467906875,33
1,1467906845,1467906881,36
4,1467906882,1467906900,18
1,1467906885,1467906904,19
4,1467906906,1467906913,7
1,1467906907,1467906918,11
4,1467906919,1467906923,4
4,1467906924,1467906926,2
1,1467906928,1467906939,11
1,1467906942,1467906952,10
4,1467906947,1467906967,20
1,1467906960,1467906965,5
4,1467906971,1467906976,5
1,1467906974,1467906981,7
4,1467906981,1467906984,3
4,1467906984,1467906988,4
1,1467906986,1467907016,30
4,1467906989,1467906993,4
4,1467906993,1467906999,6
4,1467907001,1467907008,7
4,1467907017,1467907019,2
4,1467907019,1467907026,7
1,1467907020,1467907028,8
4,1467907028,1467907043,15
1,1467907031,1467907039,8
10,1467907031,1467907033,2
4,1467907043,1467907045,2
4,1467907045,1467907060,15
1,1467907050,1467907060,10
4,1467907060,1467907064,4
10,1467907062,1467907064,2
4,1467907066,1467907068,2
4,1467907068,1467907079,11
1,1467907070,1467907077,7
10,1467907071,1467907072,1
4,1467907079,1467907084,5
1,1467907080,1467907087,7
4,1467907088,1467907092,4
4,1467907093,1467907099,6
1,1467907094,1467907098,4
4,1467907099,1467907103,4
1,1467907101,1467907107,6
4,1467907108,1467907110,2
4,1467907111,1467907140,29
1,1467907116,1467907127,11
1,1467907130,1467907150,20
4,1467907147,1467907167,20
1,1467907154,1467907169,15
4,1467907172,1467907202,30
1,1467907172,1467907186,14
1,1467907191,1467907202,11
1,1467907205,1467907215,10
4,1467907211,1467907218,7
4,1467907218,1467907222,4
1,1467907223,1467907230,7
4,1467907231,1467907234,3
4,1467907234,1467907236,2
1,1467907237,1467907241,4
10,1467907237,1467907238,1
4,1467907241,1467907249,8
1,1467907245,1467907255,10
4,1467907256,1467907263,7
1,1467907259,1467907262,3
1,1467907266,1467907268,2
4,1467907268,1467907276,8
4,1467907276,1467907303,27
1,1467907278,1467907306,28
4,1467907309,1467907327,18
1,1467907310,1467907342,32
4,1467907334,1467907343,9
4,1467907343,1467907345,2
4,1467907345,1467907370,25
1,1467907364,1467907382,18
4,1467907378,1467907383,5
4,1467907384,1467907391,7
1,1467907387,1467907403,16
4,1467907397,1467907403,6
4,1467907404,1467907417,13
10,1467907406,1467907414,8
1,1467907407,1467907414,7
1,1467907419,1467907441,22
4,1467907421,1467907428,7
4,1467907438,1467907443,5
4,1467907444,1467907446,2
4,1467907446,1467907470,24
1,1467907448,1467907474,26
4,1467907471,1467907479,8
10,1467907473,1467907475,2
1,1467907477,1467907513,36
10,1467907481,1467907482,1
4,1467907483,1467907492,9
10,1467907486,1467907487,1
4,1467907498,1467907501,3
10,1467907503,1467907504,1
4,1467907513,1467907515,2
4,1467907517,1467907522,5
10,1467907518,1467907520,2
1,1467907520,1467907526,6
10,1467907523,1467907525,2
1,1467907530,1467907535,5
4,1467907536,1467907543,7
1,1467907538,1467907542,4
1,1467907546,1467907552,6
4,1467907553,1467907567,14
10,1467907556,1467907559,3
1,1467907560,1467907566,6
4,1467907567,1467907569,2
4,1467907570,1467907576,6
1,1467907573,1467907575,2
10,1467907577,1467907584,7
1,1467907578,1467907584,6
4,1467907585,1467907636,51
1,1467907588,1467907594,6
10,1467907589,1467907590,1
1,1467907611,1467907673,62
4,1467907644,1467907693,49
1,1467907678,1467907682,4
1,1467907687,1467907691,4
4,1467907693,1467907699,6
1,1467907695,1467907701,6
4,1467907705,1467907766,61
1,1467907714,1467907716,2
1,1467907741,1467907743,2
1,1467907746,1467907747,1
1,1467907751,1467907773,22
4,1467907774,1467907776,2
4,1467907777,1467907788,11
1,1467907780,1467907788,8
1,1467907801,1467907809,8
4,1467907810,1467907816,6
1,1467907813,1467907828,15
4,1467907822,1467907828,6
4,1467907829,1467907831,2
4,1467907831,1467907837,6
1,1467907832,1467907845,13
4,1467907846,1467907849,3
4,1467907849,1467907854,5
1,1467907850,1467907857,7
4,1467907855,1467907887,32
1,1467907882,1467907886,4
4,1467907887,1467907889,2
4,1467907889,1467907896,7
10,1467907890,1467907892,2
1,1467907891,1467907905,14
4,1467907900,1467907906,6
4,1467907906,1467907910,4
10,1467907909,1467907910,1
1,1467907912,1467907920,8
4,1467907921,1467907923,2
4,1467907924,1467907932,8
10,1467907925,1467907932,7
4,1467907932,1467907956,24
1,1467907948,1467907968,20
4,1467907956,1467907960,4
4,1467907963,1467907966,3
4,1467907966,1467907998,32
10,1467907967,1467907990,23
1,1467907990,1467907997,7
4,1467907998,1467908002,4
4,1467908002,1467908008,6
1,1467908003,1467908034,31
4,1467908014,1467908017,3
4,1467908021,1467908024,3
4,1467908030,1467908034,4
4,1467908035,1467908037,2
4,1467908037,1467908042,5
1,1467908038,1467908152,114
4,1467908046,1467908049,3
4,1467908051,1467908057,6
4,1467908057,1467908064,7
4,1467908066,1467908070,4
4,1467908074,1467908076,2
4,1467908080,1467908083,3
4,1467908086,1467908089,3
4,1467908095,1467908098,3
4,1467908098,1467908104,6
4,1467908113,1467908116,3
4,1467908123,1467908126,3
4,1467908127,1467908134,7
4,1467908136,1467908139,3
4,1467908141,1467908148,7
1,1467908156,1467908161,5
4,1467908158,1467908165,7
4,1467908165,1467908261,96
1,1467908166,1467908170,4
1,1467908256,1467908272,16
4,1467908265,1467908275,10
4,1467908275,1467908278,3
4,1467908278,1467908288,10
1,1467908279,1467908308,29
4,1467908293,1467908298,5
4,1467908301,1467908323,22
1,1467908311,1467908326,15
4,1467908327,1467908375,48
1,1467908368,1467908390,22
4,1467908393,1467908399,6
1,1467908395,1467908398,3
4,1467908399,1467908402,3
4,1467908402,1467908405,3
4,1467908405,1467908408,3
1,1467908405,1467908406,1
4,1467908408,1467908412,4
1,1467908409,1467908415,6
4,1467908412,1467908416,4
4,1467908416,1467908418,2
4,1467908419,1467908421,2
4,1467908421,1467908423,2
4,1467908424,1467908426,2
4,1467908426,1467908441,15
1,1467908428,1467908447,19
10,1467908429,1467908431,2
4,1467908448,1467908457,9
1,1467908451,1467908457,6
4,1467908458,1467908460,2
4,1467908460,1467908463,3
10,1467908462,1467908463,1
4,1467908464,1467914400,5936
1,1467908467,1467908482,15
10,1467908469,1467908475,6
1,1467914397,1467914401,4
1,1467914406,1467914414,8
1,1467914417,1467914419,2
4,1467914421,1467914434,13
1,1467914422,1467914442,20
4,1467914440,1467914468,28
1,1467914447,1467914483,36
4,1467914476,1467914484,8
4,1467914484,1467914494,10
1,1467914486,1467914506,20
10,1467914486,1467914492,6
4,1467914495,1467914499,4
4,1467914506,1467914508,2
4,1467914508,1467914537,29
1,1467914513,1467914517,4
1,1467914521,1467914548,27
4,1467914545,1467914552,7
4,1467914552,1467914566,14
1,1467914552,1467914576,24
4,1467914569,1467914577,8
4,1467914578,1467914581,3
1,1467914581,1467914587,6
4,1467914588,1467914590,2
4,1467914591,1467914599,8
1,1467914592,1467914598,6
4,1467914599,1467914601,2
4,1467914601,1467914631,30
1,1467914604,1467914610,6
1,1467914614,1467914629,15
4,1467914631,1467975297,60666
1,1467914636,1467914649,13
1,1467975244,1467975245,1
1,1467975249,1467975267,18
1,1467975271,1467975279,8
1,1467975284,1467975288,4
1,1467975293,1467975299,6
1,1467975320,1467975323,3
4,1467975323,1467975344,21
1,1467975330,1467975343,13
4,1467975348,1467975357,9
10,1467975348,1467975349,1
1,1467975351,1467975356,5
4,1467975357,1467975359,2
4,1467975359,1467975362,3
4,1467975363,1467975366,3
1,1467975365,1467975395,30
4,1467975370,1467975373,3
4,1467975373,1467975380,7
4,1467975384,1467975434,50
10,1467975387,1467975388,1
1,1467975399,1467975438,39
4,1467975434,1467975440,6
4,1467975440,1467975442,2
4,1467975442,1467975449,7
10,1467975443,1467975444,1
1,1467975443,1467975449,6
1,1467975483,1467975502,19
4,1467975505,1467975509,4
4,1467975509,1467975534,25
1,1467975513,1467975522,9
1,1467975526,1467975543,17
4,1467975534,1467975538,4
4,1467975540,1467975543,3
4,1467975544,1467975550,6
1,1467975546,1467975552,6
4,1467975550,1467975554,4
1,1467975557,1467975575,18
1,1467975579,1467975582,3
1,1467975587,1467975589,2
1,1467975595,1467975600,5
1,1467975604,1467975620,16
1,1467975633,1467975637,4
1,1467975678,1467975698,20
1,1467975710,1467975713,3
1,1467976037,1467976041,4
1,1467976355,1467976362,7
1,1467976370,1467976390,20
1,1467976397,1467976427,30
1,1467976430,1467976431,1
1,1467976446,1467976465,19
1,1467976469,1467976470,1
1,1467976572,1467976574,2
6,1467976600,1467976602,2
4,1467976660,1467976665,5
4,1467976673,1467978321,1648
1,1467978165,1467978172,7
1,1467978179,1467978186,7
1,1467978189,1467978199,10
1,1467978307,1467978320,13
4,1467978322,1467978326,4
10,1467978324,1467978326,2
4,1467978326,1467978346,20
1,1467978327,1467978358,31
4,1467978346,1467978349,3
4,1467978350,1467978353,3
4,1467978353,1467978357,4
4,1467978357,1467978360,3
4,1467978360,1467978382,22
1,1467978362,1467978428,66
4,1467978387,1467978394,7
4,1467978394,1467978401,7
4,1467978403,1467978407,4
4,1467978407,1467978412,5
4,1467978419,1467978422,3
1,1467978432,1467978453,21
1,1467980922,1467980926,4
1,1467980972,1467980978,6
4,1467980978,1467980981,3
10,1467980979,1467980980,1
1,1467980981,1467980986,5
4,1467980987,1467980991,4
4,1467980992,1467981005,13
1,1467980996,1467981012,16
4,1467981013,1467981018,5
4,1467981018,1467981070,52
1,1467981021,1467981031,10
1,1467981056,1467981075,19
10,1467981071,1467981072,1
4,1467981076,1467981078,2
4,1467981078,1467981083,5
4,1467981083,1467981088,5
1,1467981084,1467981087,3
4,1467981088,1467981090,2
4,1467981090,1467981092,2
4,1467981093,1467981103,10
10,1467981095,1467981096,1
1,1467981096,1467981109,13
4,1467981103,1467981106,3
4,1467981106,1467981110,4
4,1467981110,1467981115,5
10,1467981113,1467981115,2
1,1467981113,1467981149,36
4,1467981115,1467981122,7
4,1467981124,1467981135,11
4,1467981146,1467981149,3
4,1467981149,1467981152,3
4,1467981152,1467981154,2
4,1467981154,1467981160,6
1,1467981158,1467981162,4
4,1467981164,1467981170,6
1,1467981166,1467981169,3
4,1467981170,1467981174,4
4,1467981174,1467981176,2
4,1467981176,1467981186,10
1,1467981179,1467981191,12
4,1467981186,1467981189,3
1,1467981200,1467981201,1
1,1467981204,1467981213,9
4,1467981208,1467981211,3
4,1467981211,1467981261,50
1,1467981218,1467981219,1
1,1467981225,1467981227,2
1,1467981238,1467981251,13
1,1467981254,1467981268,14
4,1467981268,1467981270,2
1,1467981272,1467981282,10
4,1467981279,1467981283,4
10,1467981279,1467981281,2
10,1467981283,1467981284,1
1,1467981294,1467981301,7
4,1467981298,1467981302,4
10,1467981298,1467981300,2
4,1467981302,1467981304,2
4,1467981304,1467981307,3
1,1467981306,1467981309,3
10,1467981308,1467981309,1
4,1467981312,1467981316,4
1,1467981313,1467981316,3
4,1467981317,1467981319,2
4,1467981319,1467981322,3
4,1467981322,1467981324,2
4,1467981324,1467981331,7
10,1467981325,1467981326,1
1,1467981327,1467981351,24
4,1467981338,1467981340,2
4,1467981344,1467981352,8
4,1467981352,1467981354,2
4,1467981354,1467981380,26
1,1467981356,1467981394,38
4,1467981380,1467981384,4
4,1467981385,1467981389,4
4,1467981389,1467981393,4
4,1467981393,1467981395,2
4,1467981395,1467981399,4
4,1467981399,1467981409,10
1,1467981400,1467981423,23
4,1467981409,1467981430,21
1,1467981427,1467981440,13
4,1467981441,1467981443,2
4,1467981443,1467981456,13
4,1467981456,1467981465,9
1,1467981457,1467981466,9
4,1467981467,1467981469,2
4,1467981470,1467981472,2
4,1467981472,1467981480,8
10,1467981474,1467981475,1
1,1467981474,1467981498,24
4,1467981481,1467981489,8
1,1467981505,1467981552,47
4,1467981511,1467981526,15
4,1467981526,1467981529,3
4,1467981531,1467981535,4
4,1467981535,1467981540,5
4,1467981540,1467981545,5
4,1467981545,1467981612,67
1,1467981556,1467981562,6
1,1467981565,1467981570,5
1,1467981576,1467981588,12
1,1467981593,1467981611,18
4,1467981613,1467981621,8
4,1467981621,1467981623,2
4,1467981624,1467981627,3
4,1467981628,1467981630,2
4,1467981630,1467981632,2
4,1467981633,1467981635,2
4,1467981636,1467981651,15
1,1467981643,1467981652,9
10,1467981647,1467981651,4
1,1467981655,1467981658,3
1,1467981662,1467981678,16
1,1467981786,1467981805,19
4,1467981794,1467981798,4
10,1467981795,1467981797,2
10,1467981800,1467981801,1
1,1467981809,1467981811,2
1,1467981815,1467981825,10
4,1467981826,1467981828,2
10,1467981829,1467981830,1
1,1467981830,1467981866,36
4,1467981846,1467981856,10
10,1467981848,1467981849,1
1,1467981877,1467981880,3
1,1467981884,1467981886,2
4,1467981887,1467981893,6
4,1467981893,1467981895,2
4,1467981896,1467981901,5
1,1467981902,1467981910,8
1,1467981914,1467981922,8
4,1467981924,1467981926,2
4,1467981926,1467981930,4
4,1467981930,1467981933,3
4,1467981935,1467981939,4
4,1467981939,1467981942,3
4,1467981942,1467981945,3
4,1467981947,1467981953,6
4,1467981953,1467981965,12
1,1467981955,1467981965,10
4,1467981965,1467981973,8
1,1467981968,1467981972,4
4,1467981973,1467981976,3
4,1467981977,1467981983,6
1,1467981981,1467981984,3
1,1467981990,1467982010,20
4,1467982002,1467982011,9
4,1467982012,1467982018,6
1,1467982014,1467982016,2
4,1467982018,1467982041,23
1,1467982021,1467982025,4
1,1467982029,1467982039,10
4,1467982042,1467982044,2
4,1467982044,1467982048,4
4,1467982048,1467982050,2
4,1467982050,1467982052,2
4,1467982052,1467982064,12
1,1467982054,1467982063,9
4,1467982064,1467982077,13
10,1467982066,1467982068,2
1,1467982067,1467982076,9
4,1467982080,1467982085,5
10,1467982085,1467982087,2
1,1467982098,1467982100,2
1,1467982105,1467982106,1
4,1467982107,1467982110,3
4,1467982110,1467982112,2
4,1467982113,1467982115,2
10,1467982113,1467982115,2
4,1467982116,1467982118,2
4,1467982118,1467982120,2
4,1467982120,1467982131,11
1,1467982122,1467982158,36
4,1467982135,1467982142,7
4,1467982146,1467982149,3
10,1467982150,1467982151,1
4,1467982153,1467982159,6
10,1467982154,1467982155,1
4,1467982159,1467982161,2
4,1467982161,1467982171,10
10,1467982162,1467982171,9
4,1467982171,1467982175,4
4,1467982176,1467982178,2
4,1467982178,1467982200,22
1,1467982181,1467982184,3
1,1467982189,1467982191,2
1,1467982194,1467982199,5
4,1467982200,1467982204,4
4,1467982204,1467982207,3
4,1467982207,1467982211,4
4,1467982211,1467982213,2
10,1467982214,1467982215,1
4,1467982217,1467982221,4
4,1467982221,1467982223,2
4,1467982225,1467982233,8
1,1467982227,1467982232,5
4,1467982234,1467982243,9
1,1467982236,1467982249,13
4,1467982243,1467982250,7
4,1467982251,1467982257,6
10,1467982253,1467982254,1
1,1467982253,1467982256,3
4,1467982257,1467982273,16
1,1467982260,1467982272,12
4,1467982273,1467982275,2
4,1467982276,1467982282,6
1,1467982278,1467982290,12
1,1467982303,1467982309,6
1,1467982312,1467982315,3
1,1467982324,1467982332,8
1,1467982336,1467982350,14
4,1467982343,1467982347,4
10,1467982344,1467982345,1
10,1467982348,1467982350,2
1,1467982358,1467982359,1
4,1467982360,1467982362,2
4,1467982362,1467982367,5
10,1467982364,1467982367,3
10,1467982367,1467982369,2
4,1467982369,1467982371,2
4,1467982371,1467982373,2
4,1467982373,1467982376,3
4,1467982376,1467982378,2
4,1467982378,1467982381,3
10,1467982380,1467982381,1
4,1467982383,1467982390,7
1,1467982384,1467982395,11
1,1467982400,1467982405,5
4,1467982405,1467982408,3
4,1467982408,1467982414,6
10,1467982410,1467982412,2
4,1467982414,1467982416,2
4,1467982416,1467982419,3
4,1467982419,1467982422,3
4,1467982422,1467982431,9
4,1467982431,1467982434,3
4,1467982436,1467982444,8
1,1467982437,1467982455,18
4,1467982447,1467982452,5
4,1467982456,1467982458,2
4,1467982458,1467982460,2
4,1467982461,1467982463,2
10,1467982461,1467982463,2
10,1467982463,1467982465,2
4,1467982465,1467982472,7
10,1467982467,1467982472,5
4,1467982472,1467982474,2
4,1467982474,1467982478,4
10,1467982476,1467982478,2
4,1467982480,1467982482,2
4,1467982483,1467982485,2
4,1467982485,1467982487,2
4,1467982488,1467982494,6
4,1467982494,1467982497,3
4,1467982497,1467982502,5
1,1467982500,1467982501,1
4,1467982502,1467982505,3
10,1467982503,1467982505,2
4,1467982505,1467982507,2
4,1467982507,1467982516,9
1,1467982510,1467982516,6
1,1467982522,1467982526,4
1,1467982531,1467982533,2
1,1467982536,1467982543,7
4,1467982544,1467982547,3
4,1467982549,1467982552,3
4,1467982552,1467982556,4
1,1467982555,1467982585,30
4,1467982556,1467982577,21
10,1467982557,1467982558,1
10,1467982578,1467982580,2
4,1467982581,1467982590,9
10,1467982582,1467982583,1
1,1467982592,1467982598,6
1,1467982602,1467982619,17
4,1467982620,1467982622,2
4,1467982622,1467982624,2
4,1467982624,1467982627,3
4,1467982627,1467982631,4
1,1467982629,1467982634,5
4,1467982631,1467982656,25
1,1467982641,1467982646,5
1,1467982650,1467982655,5
4,1467982656,1467982658,2
4,1467982658,1467982663,5
1,1467982660,1467982662,2
4,1467982663,1467982665,2
4,1467982665,1467982669,4
1,1467982666,1467982669,3
4,1467982669,1467982672,3
4,1467982672,1467982674,2
4,1467982674,1467982677,3
10,1467982674,1467982676,2
1,1467982675,1467982685,10
10,1467982677,1467982681,4
4,1467982686,1467982688,2
4,1467982688,1467982696,8
10,1467982690,1467982691,1
1,1467982691,1467982736,45
4,1467982701,1467982718,17
10,1467982718,1467982720,2
4,1467982736,1467982744,8
10,1467982739,1467982742,3
1,1467982739,1467982743,4
4,1467982745,1467982769,24
1,1467982749,1467982769,20
4,1467982770,1467982772,2
4,1467982772,1467982776,4
10,1467982773,1467982775,2
1,1467982773,1467982774,1
4,1467982776,1467982798,22
1,1467982777,1467982803,26
1,1467982807,1467982811,4
1,1467982839,1467982865,26
4,1467982860,1467982866,6
4,1467982866,1467982930,64
10,1467982868,1467982870,2
1,1467982868,1467982881,13
1,1467982894,1467982895,1
1,1467982900,1467982912,12
1,1467982917,1467982929,12
4,1467982931,1467982933,2
4,1467982933,1467982935,2
4,1467982937,1467982940,3
4,1467982940,1467982942,2
4,1467982942,1467982951,9
1,1467982945,1467982972,27
10,1467982952,1467982954,2
4,1467982956,1467982960,4
4,1467982963,1467982967,4
10,1467982964,1467982965,1
4,1467982972,1467982975,3
4,1467982975,1467982978,3
10,1467982976,1467982978,2
10,1467982979,1467982981,2
4,1467982981,1467982985,4
4,1467982985,1467982991,6
10,1467982986,1467982987,1
4,1467982991,1467983006,15
1,1467982992,1467982997,5
1,1467983003,1467983006,3
4,1467983007,1467983011,4
1,1467983009,1467983011,2
4,1467983011,1467983014,3
4,1467983015,1467983017,2
4,1467983017,1467983021,4
1,1467983018,1467983020,2
4,1467983021,1467983023,2
4,1467983023,1467983025,2
10,1467983024,1467983025,1
4,1467983025,1467983028,3
10,1467983029,1467983033,4
4,1467983033,1467983035,2
4,1467983037,1467983039,2
4,1467983040,1467983053,13
1,1467983042,1467983065,23
4,1467983060,1467983065,5
4,1467983066,1467983068,2
4,1467983068,1467983090,22
1,1467983069,1467983079,10
1,1467983084,1467983109,25
4,1467983090,1467983094,4
4,1467983097,1467983100,3
4,1467983107,1467983109,2
4,1467983109,1467983112,3
4,1467983112,1467983140,28
1,1467983115,1467983118,3
1,1467983122,1467983123,1
1,1467983128,1467983143,15
1,1467983148,1467983152,4
1,1467983158,1467983179,21
4,1467983168,1467983172,4
10,1467983169,1467983170,1
10,1467983173,1467983174,1
4,1467983179,1467983181,2
4,1467983181,1467983184,3
4,1467983184,1467983199,15
1,1467983187,1467983210,23
4,1467983212,1467983214,2
4,1467983214,1467983217,3
1,1467983216,1467983221,5
1,1467983234,1467983245,11
4,1467983247,1467983250,3
4,1467983250,1467983253,3
4,1467983253,1467983255,2
4,1467983255,1467983259,4
4,1467983259,1467983261,2
4,1467983262,1467983268,6
4,1467983268,1467983271,3
1,1467983272,1467983316,44
4,1467983275,1467983311,36
4,1467983318,1467983320,2
4,1467983321,1467983326,5
1,1467983323,1467983324,1
1,1467983331,1467983350,19
4,1467983335,1467983348,13
4,1467983351,1467983354,3
10,1467983352,1467983354,2
1,1467983357,1467983359,2
1,1467983364,1467983370,6
4,1467983371,1467983393,22
1,1467983380,1467983381,1
1,1467983385,1467983401,16
4,1467983397,1467983408,11
10,1467983398,1467983400,2
1,1467983406,1467983461,55
4,1467983410,1467983414,4
10,1467983415,1467983417,2
4,1467983420,1467983445,25
10,1467983421,1467983422,1
4,1467983445,1467983464,19
10,1467983460,1467983464,4
1,1467983466,1467983473,7
1,1467983492,1467983498,6
1,1467983534,1467983542,8
4,1467983544,1467983547,3
4,1467983547,1467983549,2
4,1467983552,1467983554,2
4,1467983554,1467983556,2
4,1467983556,1467983560,4
10,1467983558,1467983560,2
4,1467983560,1467983563,3
4,1467983563,1467983565,2
4,1467983565,1467983569,4
10,1467983566,1467983567,1
4,1467983569,1467983574,5
4,1467983574,1467983606,32
1,1467983575,1467983583,8
1,1467983596,1467983602,6
4,1467983606,1467983661,55
1,1467983607,1467983620,13
1,1467983636,1467983647,11
1,1467983651,1467983659,8
1,1467983666,1467983668,2
4,1467983669,1467983671,2
4,1467983671,1467983673,2
4,1467983673,1467983675,2
4,1467983676,1467983679,3
10,1467983676,1467983678,2
10,1467983680,1467983683,3
4,1467983683,1467983690,7
1,1467983688,1467983689,1
4,1467983690,1467983693,3
4,1467983693,1467983696,3
4,1467983696,1467983698,2
4,1467983698,1467983719,21
1,1467983703,1467983710,7
1,1467983713,1467983717,4
1,1467983720,1467983724,4
4,1467983724,1467983726,2
4,1467983726,1467983731,5
1,1467983733,1467983736,3
1,1467983763,1467983764,1
1,1467983806,1467983811,5
1,1467984699,1467984706,7
1,1467984724,1467984739,15
4,1467984728,1467984730,2
10,1467984728,1467984730,2
4,1467984735,1467984754,19
10,1467984735,1467984736,1
1,1467984752,1467984753,1
4,1467984758,1467984834,76
1,1467984763,1467984764,1
1,1467984803,1467984833,30
4,1467984834,1467984837,3
1,1467984839,1467984856,17
4,1467984846,1467984850,4
10,1467984846,1467984848,2
10,1467984850,1467984851,1
4,1467984857,1467984865,8
1,1467984859,1467984865,6
4,1467984866,1467984925,59
1,1467984880,1467984884,4
1,1467984888,1467984896,8
1,1467984913,1467984933,20
10,1467984926,1467984928,2
4,1467984928,1467984934,6
1,1467984938,1467984941,3
1,1467985085,1467985100,15
4,1467985095,1467985098,3
10,1467985096,1467985098,2
4,1467985101,1467985106,5
1,1467985104,1467985140,36
4,1467985116,1467985125,9
10,1467985116,1467985117,1
4,1467985128,1467985131,3
10,1467985128,1467985130,2
10,1467985132,1467985134,2
4,1467985143,1467985180,37
1,1467985144,1467985150,6
1,1467985154,1467985156,2
1,1467985165,1467985167,2
1,1467985171,1467985194,23
10,1467985181,1467985183,2
10,1467985187,1467985190,3
4,1467985190,1467985194,4
4,1467985195,1467985199,4
1,1467985198,1467985200,2
4,1467985207,1467985252,45
1,1467985208,1467985212,4
1,1467985243,1467985344,101
10,1467985253,1467985255,2
4,1467985255,1467985258,3
10,1467985259,1467985260,1
10,1467985263,1467985266,3
4,1467985268,1467985274,6
4,1467985274,1467985294,20
10,1467985294,1467985296,2
4,1467985296,1467985303,7
10,1467985303,1467985305,2
4,1467985308,1467985322,14
10,1467985323,1467985325,2
4,1467985325,1467985332,7
10,1467985327,1467985328,1
1,1467985360,1467985389,29
4,1467985370,1467985372,2
10,1467985370,1467985372,2
4,1467985379,1467985390,11
10,1467985390,1467985391,1
1,1467985392,1467985405,13
10,1467985399,1467985401,2
4,1467985403,1467985408,5
4,1467985408,1467985478,70
1,1467985408,1467985425,17
1,1467985428,1467985445,17
1,1467985469,1467985477,8
10,1467985478,1467985481,3
1,1467985480,1467985486,6
4,1467985481,1467985488,7
1,1467985489,1467985501,12
1,1467985521,1467985538,17
4,1467985533,1467985535,2
10,1467985533,1467985535,2
4,1467985542,1467986151,609
1,1467985543,1467985545,2
1,1467985549,1467985571,22
1,1467985628,1467985641,13
1,1467986128,1467986166,38
10,1467986152,1467986153,1
4,1467986153,1467986156,3
1,1467986220,1467986232,12
4,1467986226,1467986231,5
1,1467986235,1467986246,11
1,1467986249,1467986252,3
1,1467986276,1467986278,2
1,1467986312,1467986326,14
1,1467986361,1467986366,5
1,1467986374,1467986384,10
1,1467986408,1467986415,7
1,1467986474,1467986477,3
1,1467986481,1467986488,7
4,1467986483,1467986486,3
4,1467986486,1467986489,3
4,1467986489,1467986492,3
4,1467986492,1467986494,2
4,1467986495,1467986497,2
4,1467986498,1467986501,3
1,1467986557,1467986564,7
1,1467986568,1467986590,22
4,1467986574,1467986579,5
4,1467986588,1467986597,9
1,1467986595,1467986611,16
4,1467986604,1467986612,8
4,1467986612,1467986616,4
1,1467986615,1467986621,6
1,1467986625,1467986629,4
4,1467986632,1467986639,7
1,1467986633,1467986639,6
4,1467986640,1467986642,2
10,1467986642,1467986698,56
1,1467986703,1467986709,6
1,1467986818,1467986838,20
4,1467986832,1467986839,7
4,1467986839,1467986842,3
1,1467986843,1467986864,21
4,1467986852,1467986855,3
4,1467986865,1467986867,2
1,1467986871,1467986887,16
1,1467986927,1467986936,9
4,1467986931,1467986938,7
4,1467986938,1467986949,11
1,1467986941,1467986968,27
4,1467986953,1467986958,5
10,1467986955,1467986956,1
4,1467986959,1467986968,9
10,1467986960,1467986967,7
1,1467986972,1467986980,8
4,1467986981,1467986984,3
1,1467986985,1467986989,4
4,1467986990,1467986994,4
1,1467986993,1467987000,7
4,1467987001,1467987003,2
4,1467987003,1467987010,7
1,1467987005,1467987010,5
4,1467987011,1467987017,6
1,1467987013,1467987017,4
4,1467987017,1467987019,2
4,1467987019,1467987027,8
1,1467987021,1467987033,12
4,1467987034,1467987041,7
1,1467987036,1467987040,4
4,1467987041,1467987049,8
1,1467987044,1467987048,4
4,1467987049,1467987051,2
4,1467987051,1467987067,16
1,1467987056,1467987064,8
1,1467987068,1467987076,8
4,1467987078,1467987082,4
4,1467987086,1467987091,5
4,1467987092,1467987094,2
4,1467987097,1467987115,18
1,1467987099,1467987102,3
1,1467987106,1467987135,29
4,1467987126,1467987132,6
10,1467987126,1467987132,6
4,1467987136,1467987139,3
4,1467987140,1467987150,10
1,1467987142,1467987149,7
1,1467987154,1467987185,31
4,1467987167,1467987178,11
1,1467987237,1467987240,3
4,1467987239,1467987852,613
1,1467987591,1467987594,3
1,1467987597,1467987598,1
1,1467987812,1467987814,2
1,1467987819,1467987840,21
1,1467987843,1467987845,2
1,1467988270,1467988273,3
1,1467988484,1467988495,11
4,1467988490,1467988496,6
4,1467988496,1467988499,3
4,1467988499,1467988501,2
10,1467988500,1467988501,1
4,1467988501,1467988504,3
4,1467988505,1467988523,18
1,1467988508,1467988521,13
4,1467988524,1467988526,2
4,1467988527,1467988547,20
10,1467988528,1467988529,1
1,1467988531,1467988552,21
4,1467988553,1467988556,3
10,1467988553,1467988556,3
4,1467988556,1467988559,3
10,1467988557,1467988560,3
4,1467988560,1467988562,2
4,1467988562,1467988566,4
4,1467988567,1467988574,7
1,1467988568,1467988576,8
4,1467988576,1467988621,45
1,1467988588,1467988596,8
1,1467988606,1467988620,14
4,1467988621,1467988625,4
10,1467988622,1467988625,3
4,1467988626,1467988628,2
1,1467988634,1467988651,17
4,1467988646,1467988652,6
4,1467988652,1467988656,4
10,1467988653,1467988655,2
4,1467988656,1467988659,3
4,1467988659,1467988670,11
1,1467988662,1467988670,8
10,1467988671,1467988681,10
4,1467988681,1467988685,4
1,1467988683,1467988735,52
4,1467988689,1467988697,8
4,1467988697,1467988721,24
4,1467988733,1467988736,3
4,1467988736,1467988738,2
1,1467988765,1467988767,2
1,1467988821,1467988839,18
1,1467988844,1467988871,27
4,1467988846,1467988849,3
4,1467988853,1467988865,12
4,1467988865,1467988867,2
4,1467988867,1467988870,3
4,1467988872,1467988874,2
1,1467988887,1467988889,2
1,1467988908,1467988919,11
4,1467988914,1467988921,7
4,1467988921,1467988924,3
10,1467988922,1467988924,2
4,1467988924,1467988929,5
10,1467988924,1467988929,5
4,1467988929,1467988931,2
4,1467988931,1467988938,7
10,1467988932,1467988933,1
1,1467988934,1467988935,1
4,1467988939,1467988942,3
1,1467988939,1467988941,2
4,1467988943,1467988946,3
10,1467988944,1467988946,2
4,1467988946,1467988949,3
1,1467988947,1467988949,2
4,1467988949,1467988952,3
4,1467988952,1467988954,2
4,1467988955,1467988957,2
4,1467988962,1467988964,2
4,1467988964,1467988967,3
4,1467988967,1467988972,5
1,1467988968,1467988978,10
4,1467988972,1467988979,7
10,1467988974,1467988978,4
4,1467988980,1467988982,2
4,1467988982,1467988985,3
4,1467988985,1467988996,11
1,1467988987,1467988999,12
4,1467988997,1467989000,3
4,1467989000,1467989003,3
1,1467989004,1467989012,8
4,1467989005,1467989012,7
10,1467989011,1467989012,1
4,1467989012,1467989022,10
1,1467989017,1467989029,12
4,1467989022,1467989024,2
4,1467989024,1467989029,5
10,1467989026,1467989027,1
4,1467989030,1467989043,13
10,1467989031,1467989032,1
1,1467989032,1467989042,10
10,1467989036,1467989037,1
4,1467989043,1467989066,23
1,1467989050,1467989065,15
4,1467989066,1467989090,24
1,1467989071,1467989094,23
4,1467989090,1467989093,3
4,1467989096,1467989102,6
4,1467989102,1467989105,3
4,1467989106,1467989109,3
1,1467989332,1467989389,57
1,1467989604,1467989637,33
1,1467989640,1467989653,13
1,1467989657,1467989661,4
1,1467989665,1467989677,12
1,1467989690,1467989703,13
1,1467989709,1467989712,3
1,1467989717,1467989728,11
1,1467989731,1467989736,5
1,1467989744,1467989765,21
1,1467989769,1467989771,2
1,1467989785,1467989848,63
5,1467989818,1467989819,1
4,1467989847,1467989852,5
1,1467989855,1467989858,3
1,1467989864,1467989902,38
1,1467989905,1467989912,7
1,1467992425,1467992427,2
1,1467995125,1467995137,12
1,1467995868,1467995872,4
1,1467995891,1467995911,20
4,1467995893,1467995903,10
1,1467995917,1467995946,29
4,1467995945,1467995948,3
1,1467995950,1467995951,1
4,1467995952,1467995960,8
1,1467995955,1467995961,6
4,1467995960,1467995962,2
4,1467995963,1467995969,6
1,1467995966,1467995971,5
1,1467995975,1467996002,27
4,1467995982,1467995985,3
4,1467995987,1467995989,2
4,1467995989,1467995993,4
4,1467995993,1467995998,5
4,1467995998,1467996005,7
1,1467996017,1467996021,4
1,1467996026,1467996038,12
4,1467996035,1467996040,5
1,1467996043,1467996063,20
4,1467996046,1467996086,40
1,1467996066,1467996068,2
1,1467996082,1467996096,14
4,1467996086,1467996091,5
1,1467996157,1467996180,23
5,1467996177,1467996179,2
1,1467996183,1467996193,10
1,1467996198,1467996272,74
5,1467996219,1467996221,2
5,1467996231,1467996233,2
1,1467996276,1467996289,13
1,1467996299,1467996319,20
1,1467996367,1467996400,33
4,1467996369,1467996403,34
4,1467996403,1467996468,65
1,1467996408,1467996409,1
1,1467996425,1467996428,3
1,1467996433,1467996449,16
1,1467996454,1467996457,3
4,1467996468,1467996472,4
4,1467996472,1467996588,116
1,1467996486,1467996489,3
1,1467996521,1467996523,2
1,1467996536,1467996542,6
1,1467996586,1467996587,1
4,1467996589,1467996591,2
10,1467996591,1467996592,1
10,1467996593,1467996597,4
4,1467996597,1467996615,18
1,1467996612,1467996617,5
4,1467996625,1467996632,7
1,1467996627,1467996631,4
4,1467996632,1467996636,4
1,1467996635,1467996637,2
1,1467996655,1467996658,3
1,1467996667,1467996673,6
4,1467996676,1467996683,7
4,1467996683,1467996686,3
1,1467996683,1467996685,2
4,1467996687,1467996701,14
1,1467996688,1467996696,8
4,1467996701,1467996811,110
1,1467996701,1467996711,10
1,1467996719,1467996727,8
1,1467996733,1467996735,2
1,1467996740,1467996745,5
1,1467996750,1467996752,2
1,1467996777,1467996786,9
1,1467996791,1467996834,43
5,1467996831,1467996833,2
1,1467996838,1467996849,11
1,1467996867,1467996881,14
4,1467996882,1467996892,10
1,1467996885,1467996890,5
1,1467996895,1467996965,70
4,1467996908,1467996924,16
5,1467996964,1467996980,16
1,1467996977,1467996984,7
1,1467996994,1467996999,5
5,1467996998,1467997003,5
1,1467997005,1467997017,12
4,1467997013,1467997018,5
4,1467997018,1467997022,4
10,1467997020,1467997022,2
4,1467997022,1467997024,2
4,1467997024,1467997026,2
4,1467997026,1467997028,2
4,1467997028,1467997033,5
4,1467997033,1467997039,6
4,1467997039,1467997041,2
4,1467997041,1467997043,2
10,1467997041,1467997042,1
4,1467997043,1467997048,5
1,1467997046,1467997056,10
10,1467997049,1467997050,1
4,1467997054,1467997058,4
4,1467997058,1467997068,10
1,1467997059,1467997067,8
4,1467997071,1467997075,4
1,1467997071,1467997074,3
1,1467997208,1467997211,3
4,1467997222,1467997257,35
1,1467997251,1467997279,28
4,1467997257,1467997260,3
4,1467997260,1467997262,2
4,1467997262,1467997264,2
4,1467997264,1467997268,4
4,1467997268,1467997276,8
1,1467997305,1467997335,30
4,1467997338,1467997540,202
1,1467997343,1467997357,14
1,1467997364,1467997367,3
1,1467997401,1467997424,23
1,1467997428,1467997430,2
1,1467997435,1467997439,4
1,1467997443,1467997446,3
1,1467997460,1467997470,10
1,1467997482,1467997488,6
1,1467997492,1467997501,9
1,1467997509,1467997533,24
1,1467997537,1467997539,2
1,1467997544,1467997550,6
4,1467997553,1467997558,5
1,1467997554,1467997569,15
4,1467997558,1467997563,5
4,1467997563,1467997570,7
4,1467997572,1467997578,6
1,1467997573,1467997577,4
4,1467997580,1467997593,13
1,1467997580,1467997598,18
4,1467997593,1467997599,6
4,1467997601,1467997608,7
1,1467997602,1467997606,4
4,1467997608,1467997646,38
1,1467997610,1467997611,1
1,1467997616,1467997617,1
1,1467997629,1467997652,23
1,1467997668,1467997671,3
1,1467997674,1467997684,10
1,1467997690,1467997693,3
1,1467997779,1467997792,13
4,1467997789,1467997795,6
4,1467997795,1467997810,15
1,1467997796,1467997799,3
1,1467997804,1467997807,3
4,1467997810,1467997820,10
1,1467997811,1467997813,2
1,1467997816,1467997845,29
4,1467997820,1467997825,5
4,1467997825,1467997830,5
4,1467997830,1467997834,4
4,1467997834,1467997838,4
4,1467997838,1467997933,95
1,1467997910,1467997912,2
1,1467997916,1467997931,15
4,1467997934,1467997936,2
4,1467997936,1467997938,2
4,1467997939,1467997941,2
4,1467997941,1467997943,2
4,1467997943,1467997945,2
1,1467997962,1467997967,5
1,1467997970,1467998027,57
5,1467998027,1467998043,16
1,1467998044,1467998055,11
5,1467998055,1467998063,8
1,1467998064,1467998081,17
5,1467998082,1467998087,5
1,1467998088,1467998093,5
1,1467998129,1467998173,44
4,1467998140,1467998142,2
4,1467998150,1467998164,14
4,1467998164,1467998175,11
1,1467998176,1467998203,27
4,1467998188,1467998193,5
4,1467998195,1467998197,2
4,1467998205,1467998207,2
1,1467998208,1467998213,5
4,1467998215,1467998222,7
1,1467998218,1467998225,7
4,1467998224,1467998226,2
1,1467998229,1467998242,13
4,1467998244,1467998249,5
1,1467998245,1467998261,16
1,1467998271,1467998278,7
4,1467998275,1467998279,4
4,1467998279,1467998396,117
1,1467998352,1467998369,17
5,1467998369,1467998389,20
1,1467998392,1467998394,2
4,1467998396,1467998421,25
1,1467998399,1467998402,3
1,1467998410,1467998423,13
1,1467998427,1467998428,1
4,1467998430,1467998432,2
4,1467998432,1467998441,9
1,1467998433,1467998444,11
4,1467998441,1467998444,3
1,1468012341,1468012343,2
1,1468012497,1468012506,9
1,1468012516,1468012524,8
1,1468058311,1468058313,2
1,1468058320,1468058322,2
1,1468058328,1468058329,1
1,1468058333,1468058335,2
1,1468058339,1468058345,6
6,1468058346,1468058347,1
1,1468058362,1468058364,2
1,1468058383,1468058386,3
1,1468058391,1468058395,4
4,1468058398,1468058401,3
1,1468058399,1468058401,2
4,1468058402,1468058561,159
4,1468058561,1468058563,2
4,1468058565,1468058568,3
4,1468058568,1468058575,7
1,1468058576,1468058594,18
5,1468058592,1468058608,16
1,1468058610,1468058644,34
4,1468058620,1468058624,4
4,1468058624,1468058638,14
4,1468058645,1468058659,14
1,1468058647,1468058649,2
1,1468058655,1468058674,19
4,1468058659,1468058671,12
4,1468058673,1468058685,12
1,1468058679,1468058703,24
4,1468058692,1468058726,34
1,1468058707,1468058712,5
1,1468058716,1468058736,20
4,1468058733,1468058768,35
1,1468058758,1468058768,10
4,1468058768,1468058778,10
1,1468058774,1468058790,16
1,1468058793,1468058795,2
1,1468058803,1468058816,13
4,1468058808,1468058812,4
10,1468058808,1468058809,1
4,1468058817,1468058823,6
1,1468058819,1468058827,8
1,1468058831,1468058839,8
4,1468058841,1468058843,2
4,1468058843,1468058845,2
4,1468058845,1468058850,5
4,1468058850,1468058885,35
10,1468058851,1468058876,25
1,1468058883,1468058885,2
4,1468058886,1468058889,3
4,1468058889,1468058900,11
10,1468058889,1468058890,1
1,1468058892,1468058893,1
10,1468058900,1468058902,2
4,1468058902,1468058918,16
1,1468058912,1468058925,13
4,1468058928,1468058932,4
1,1468058928,1468058936,8
4,1468058933,1468058937,4
1,1468058941,1468058946,5
4,1468058942,1468058947,5
4,1468058947,1468058950,3
4,1468058950,1468058969,19
1,1468058957,1468058960,3
1,1468058963,1468058967,4
4,1468058970,1468058986,16
4,1468058986,1468058988,2
4,1468058989,1468058991,2
4,1468058991,1468058994,3
4,1468058994,1468058996,2
1,1468059000,1468059007,7
4,1468059008,1468059027,19
10,1468059009,1468059011,2
1,1468059012,1468059017,5
1,1468059024,1468059030,6
4,1468059028,1468059034,6
1,1468059034,1468059036,2
4,1468059035,1468059051,16
1,1468059039,1468059044,5
1,1468059048,1468059065,17
4,1468059051,1468059070,19
4,1468059070,1468059078,8
1,1468059073,1468059077,4
4,1468059078,1468059090,12
1,1468059080,1468059082,2
1,1468059086,1468059088,2
4,1468059090,1468059094,4
10,1468059090,1468059091,1
10,1468059092,1468059093,1
1,1468059134,1468059136,2
1,1468059147,1468059153,6
1,1468059157,1468059167,10
4,1468059170,1468059176,6
1,1468059197,1468059202,5
1,1468059208,1468059211,3
1,1468059222,1468059231,9
4,1468059234,1468059237,3
10,1468059235,1468059237,2
4,1468059237,1468059244,7
1,1468059240,1468059267,27
4,1468059244,1468059248,4
4,1468059264,1468059268,4
1,1468059273,1468059304,31
4,1468059286,1468059288,2
4,1468059291,1468059301,10
4,1468059301,1468059308,7
1,1468059307,1468059339,32
4,1468059308,1468059319,11
4,1468059321,1468059324,3
4,1468059329,1468059332,3
4,1468059336,1468059342,6
1,1468059348,1468059374,26
4,1468059359,1468059362,3
4,1468059364,1468059374,10
1,1468059380,1468059389,9
4,1468059390,1468059394,4
10,1468059392,1468059394,2
4,1468059394,1468059403,9
1,1468059396,1468059442,46
4,1468059405,1468059409,4
4,1468059419,1468059422,3
4,1468059425,1468059428,3
4,1468059432,1468059435,3
4,1468059435,1468059446,11
1,1468059446,1468059460,14
4,1468059446,1468059458,12
4,1468059461,1468059469,8
1,1468059468,1468059481,13
4,1468059491,1468059494,3
10,1468059492,1468059494,2
4,1468059494,1468059566,72
1,1468059515,1468059517,2
1,1468059521,1468059526,5
1,1468059529,1468059534,5
1,1468059538,1468059541,3
5,1468059540,1468059554,14
1,1468059558,1468059565,7
4,1468059567,1468059574,7
1,1468059572,1468059577,5
4,1468059578,1468059582,4
4,1468059582,1468059588,6
1,1468059584,1468059587,3
4,1468059588,1468059593,5
1,1468059590,1468059600,10
4,1468059601,1468059603,2
4,1468059603,1468059606,3
4,1468059606,1468059609,3
4,1468059609,1468059611,2
4,1468059611,1468059614,3
4,1468059614,1468059629,15
1,1468059618,1468059623,5
4,1468059629,1468059639,10
1,1468059631,1468059632,1
1,1468059637,1468059638,1
4,1468059639,1468059641,2
10,1468059640,1468059641,1
4,1468059643,1468059646,3
1,1468059650,1468059654,4
4,1468059655,1468059657,2
4,1468059658,1468059660,2
10,1468059658,1468059660,2
4,1468059660,1468059662,2
4,1468059662,1468059892,230
1,1468059664,1468059665,1
1,1468059675,1468059686,11
1,1468059692,1468059698,6
1,1468059742,1468059751,9
1,1468059755,1468059771,16
1,1468059786,1468059788,2
1,1468059791,1468059797,6
1,1468059836,1468059844,8
1,1468059853,1468059854,1
1,1468059858,1468059863,5
1,1468059867,1468059889,22
5,1468059882,1468059883,1
1,1468059895,1468059922,27
4,1468059910,1468059924,14
4,1468059924,1468059933,9
1,1468059927,1468059932,5
4,1468059935,1468059940,5
1,1468059937,1468059939,2
4,1468059941,1468059944,3
10,1468059941,1468059942,1
10,1468059942,1468059944,2
4,1468059944,1468059946,2
4,1468059946,1468059949,3
4,1468059949,1468059951,2
4,1468059951,1468059953,2
4,1468059953,1468059957,4
4,1468059957,1468059960,3
10,1468059958,1468059959,1
4,1468059960,1468059963,3
4,1468059964,1468059969,5
1,1468059965,1468059967,2
4,1468059969,1468059982,13
1,1468059971,1468060003,32
4,1468059987,1468059991,4
1,1468060009,1468060018,9
4,1468060021,1468060028,7
4,1468060029,1468060068,39
1,1468060042,1468060045,3
1,1468060054,1468060072,18
4,1468060076,1468060080,4
4,1468060080,1468060083,3
4,1468060086,1468060098,12
1,1468060089,1468060093,4
4,1468060098,1468060128,30
1,1468060099,1468060101,2
1,1468060114,1468060130,16
4,1468060134,1468060211,77
1,1468060145,1468060146,1
1,1468060149,1468060154,5
1,1468060217,1468060221,4
1,1468060227,1468060259,32
4,1468060233,1468060236,3
4,1468060240,1468060249,9
4,1468060260,1468060346,86
1,1468060330,1468060331,1
1,1468060339,1468060346,7
4,1468060346,1468060410,64
1,1468060350,1468060358,8
1,1468060406,1468060440,34
4,1468060414,1468060424,10
4,1468060439,1468060608,169
1,1468060445,1468060447,2
1,1468060459,1468060486,27
1,1468060572,1468060579,7
1,1468060583,1468060591,8
1,1468060597,1468060651,54
4,1468060608,1468060615,7
4,1468060615,1468060622,7
4,1468060622,1468060631,9
4,1468060631,1468060644,13
4,1468060644,1468060651,7
4,1468060651,1468060663,12
1,1468060654,1468060664,10
4,1468060663,1468060705,42
1,1468060690,1468060699,9
1,1468060705,1468060843,138
4,1468060718,1468060726,8
4,1468060734,1468060743,9
4,1468060743,1468060754,11
4,1468060754,1468060763,9
4,1468060773,1468060801,28
4,1468060801,1468060811,10
4,1468060811,1468060830,19
4,1468060830,1468060842,12
4,1468060842,1468060927,85
1,1468060848,1468060850,2
1,1468060857,1468060864,7
1,1468060868,1468060892,24
1,1468060906,1468060915,9
1,1468060920,1468060925,5
1,1468060929,1468060934,5
4,1468060935,1468060937,2
4,1468060937,1468060939,2
4,1468060939,1468060942,3
4,1468060942,1468060944,2
4,1468060944,1468060946,2
4,1468060946,1468060951,5
4,1468060951,1468060953,2
4,1468060953,1468060959,6
4,1468060959,1468060961,2
1,1468060963,1468060968,5
4,1468060966,1468060968,2
4,1468060969,1468060971,2
4,1468060973,1468060975,2
4,1468060975,1468060977,2
4,1468060978,1468060980,2
4,1468060980,1468060998,18
1,1468060982,1468060997,15
4,1468060998,1468061004,6
1,1468061001,1468061003,2
4,1468061004,1468061016,12
1,1468061013,1468061015,2
4,1468061017,1468061022,5
10,1468061018,1468061022,4
4,1468061022,1468061027,5
10,1468061022,1468061024,2
4,1468061028,1468061031,3
1,1468061034,1468061039,5
4,1468061039,1468061043,4
10,1468061040,1468061042,2
1,1468061051,1468061060,9
1,1468061124,1468061125,1
1,1468061134,1468061136,2
1,1468061141,1468061144,3
1,1468061153,1468061167,14
1,1468061172,1468061181,9
1,1468061197,1468061203,6
1,1468061206,1468061221,15
1,1468061225,1468061235,10
1,1468061241,1468061247,6
1,1468061251,1468061265,14
4,1468061255,1468061282,27
1,1468061279,1468061281,2
4,1468061283,1468061286,3
4,1468061286,1468061295,9
1,1468061289,1468061294,5
4,1468061295,1468061297,2
4,1468061297,1468061300,3
1,1468061299,1468061303,4
4,1468061301,1468061304,3
4,1468061304,1468061311,7
1,1468061307,1468061311,4
4,1468061312,1468061314,2
4,1468061314,1468061317,3
4,1468061317,1468061319,2
4,1468061320,1468061325,5
1,1468061321,1468061324,3
4,1468061325,1468061394,69
1,1468061329,1468061391,62
4,1468061394,1468061402,8
1,1468061394,1468061409,15
1,1468061413,1468061416,3
1,1468061420,1468061422,2
1,1468061425,1468061430,5
4,1468061426,1468061440,14
1,1468061435,1468061437,2
4,1468061440,1468061460,20
1,1468061441,1468061450,9
1,1468061453,1468061456,3
1,1468061460,1468061501,41
4,1468061460,1468061470,10
4,1468061495,1468061501,6
4,1468061502,1468061504,2
10,1468061505,1468061508,3
1,1468061506,1468061512,6
4,1468061513,1468061520,7
1,1468061516,1468061520,4
4,1468061521,1468061523,2
4,1468061524,1468061530,6
1,1468061526,1468061538,12
4,1468061531,1468061540,9
4,1468061540,1468061544,4
4,1468061544,1468061547,3
1,1468061545,1468061546,1
4,1468061547,1468061559,12
1,1468061550,1468061556,6
4,1468061560,1468061563,3
4,1468061564,1468061619,55
10,1468061567,1468061569,2
1,1468061608,1468061616,8
1,1468061624,1468061625,1
1,1468061630,1468061632,2
1,1468061649,1468061656,7
1,1468061660,1468061685,25
4,1468061687,1468061691,4
4,1468061691,1468061694,3
1,1468061695,1468061697,2
1,1468061701,1468061706,5
10,1468061701,1468061704,3
1,1468061710,1468061714,4
1,1468061718,1468061727,9
4,1468061727,1468061729,2
4,1468061730,1468061755,25
10,1468061731,1468061733,2
1,1468061732,1468061740,8
1,1468061744,1468061745,1
1,1468061751,1468061755,4
4,1468061756,1468061758,2
10,1468061760,1468061761,1
1,1468061760,1468061764,4
4,1468061764,1468061781,17
1,1468061777,1468061784,7
4,1468061781,1468061784,3
4,1468061785,1468061801,16
1,1468061788,1468061800,12
1,1468061804,1468061812,8
4,1468061813,1468061821,8
1,1468061816,1468061824,8
4,1468061821,1468061825,4
4,1468061825,1468061827,2
10,1468061826,1468061827,1
4,1468061827,1468061836,9
1,1468061830,1468061851,21
4,1468061838,1468061846,8
4,1468061847,1468061851,4
4,1468061852,1468061854,2
4,1468061855,1468061860,5
1,1468061855,1468061871,16
4,1468061861,1468061864,3
4,1468061867,1468061869,2
1,1468061874,1468061914,40
4,1468061878,1468061882,4
4,1468061883,1468061886,3
4,1468061888,1468061893,5
4,1468061893,1468061896,3
4,1468061896,1468061898,2
4,1468061898,1468061901,3
4,1468061901,1468061903,2
4,1468061903,1468061907,4
4,1468061907,1468061909,2
4,1468061909,1468061914,5
4,1468061915,1468061917,2
4,1468061918,1468061923,5
1,1468061919,1468061930,11
4,1468061923,1468061991,68
1,1468061934,1468061956,22
1,1468061959,1468061972,13
1,1468061976,1468061978,2
1,1468061986,1468061989,3
4,1468061991,1468061999,8
10,1468061992,1468061993,1
1,1468061993,1468061998,5
4,1468062000,1468062021,21
1,1468062003,1468062024,21
4,1468062022,1468062028,6
4,1468062028,1468062030,2
4,1468062032,1468062039,7
1,1468062034,1468062139,105
4,1468062039,1468062058,19
4,1468062063,1468062078,15
4,1468062081,1468062095,14
4,1468062099,1468062101,2
4,1468062110,1468062113,3
4,1468062116,1468062120,4
4,1468062141,1468062143,2
4,1468062143,1468062335,192
1,1468062146,1468062161,15
10,1468062149,1468062152,3
1,1468062165,1468062170,5
1,1468062174,1468062178,4
1,1468062187,1468062190,3
1,1468062197,1468062201,4
1,1468062204,1468062210,6
1,1468062231,1468062235,4
10,1468062236,1468062242,6
1,1468062243,1468062247,4
1,1468062308,1468062313,5
1,1468062325,1468062353,28
4,1468062335,1468062341,6
4,1468062345,1468062355,10
1,1468062357,1468062376,19
4,1468062360,1468062363,3
4,1468062363,1468062367,4
4,1468062367,1468062377,10
1,1468062379,1468062381,2
1,1468062392,1468062399,7
4,1468062400,1468062441,41
1,1468062424,1468062430,6
1,1468062435,1468062439,4
4,1468062441,1468062452,11
1,1468062443,1468062450,7
1,1468062455,1468062471,16
4,1468062472,1468062474,2
4,1468062474,1468062476,2
4,1468062477,1468062480,3
10,1468062477,1468062478,1
4,1468062480,1468062482,2
4,1468062482,1468062485,3
4,1468062485,1468062487,2
4,1468062487,1468062490,3
4,1468062490,1468062493,3
4,1468062494,1468062500,6
1,1468062506,1468062518,12
4,1468062521,1468062532,11
1,1468062528,1468062531,3
4,1468062532,1468062537,5
10,1468062532,1468062533,1
4,1468062537,1468062557,20
1,1468062541,1468062543,2
1,1468062546,1468062552,6
4,1468062559,1468062561,2
4,1468062561,1468062563,2
4,1468062563,1468062566,3
4,1468062566,1468062570,4
4,1468062570,1468062572,2
10,1468062571,1468062572,1
4,1468062572,1468062574,2
4,1468062576,1468062583,7
1,1468062581,1468062582,1
4,1468062583,1468062592,9
10,1468062584,1468062586,2
1,1468062586,1468062591,5
4,1468062595,1468062706,111
1,1468062607,1468062620,13
1,1468062626,1468062631,5
1,1468062696,1468062725,29
4,1468062726,1468062730,4
4,1468062730,1468062755,25
1,1468062732,1468062739,7
1,1468062743,1468062745,2
1,1468062752,1468062757,5
4,1468062757,1468062761,4
1,1468062760,1468062784,24
4,1468062761,1468062786,25
1,1468062787,1468062820,33
4,1468062790,1468062796,6
4,1468062802,1468062817,15
4,1468062821,1468062828,7
4,1468062828,1468062848,20
1,1468062829,1468062857,28
4,1468062849,1468062853,4
4,1468062855,1468062858,3
4,1468062859,1468062861,2
4,1468062861,1468062865,4
4,1468062866,1468062868,2
4,1468062868,1468062873,5
10,1468062871,1468062873,2
4,1468062873,1468062877,4
4,1468062877,1468062896,19
1,1468062879,1468062908,29
4,1468062896,1468062911,15
4,1468062912,1468062922,10
1,1468062913,1468062926,13
4,1468062927,1468062934,7
1,1468062929,1468062955,26
4,1468062948,1468062989,41
1,1468062965,1468062968,3
1,1468062975,1468063003,28
4,1468062989,1468062993,4
1,1468063006,1468063008,2
4,1468063008,1468063011,3
4,1468063011,1468063014,3
1,1468063011,1468063082,71
4,1468063016,1468063024,8
4,1468063029,1468063034,5
4,1468063042,1468063051,9
4,1468063055,1468063070,15
4,1468063070,1468063086,16
1,1468063087,1468063090,3
4,1468063091,1468063098,7
4,1468063098,1468063140,42
1,1468063100,1468063101,1
1,1468063105,1468063139,34
4,1468063140,1468063142,2
4,1468063142,1468063145,3
10,1468063143,1468063144,1
4,1468063145,1468063221,76
1,1468063149,1468063173,24
1,1468063177,1468063180,3
1,1468063183,1468063186,3
1,1468063189,1468063192,3
1,1468063195,1468063197,2
1,1468063200,1468063203,3
1,1468063206,1468063239,33
4,1468063221,1468063226,5
4,1468063226,1468063234,8
4,1468063236,1468063240,4
4,1468063240,1468063242,2
10,1468063243,1468063245,2
4,1468063245,1468063251,6
1,1468063248,1468063251,3
4,1468063251,1468063254,3
4,1468063254,1468063258,4
10,1468063256,1468063258,2
4,1468063258,1468063264,6
1,1468063259,1468063263,4
1,1468063267,1468063274,7
4,1468063267,1468063285,18
4,1468063286,1468063288,2
4,1468063288,1468063290,2
4,1468063291,1468063295,4
4,1468063296,1468063298,2
4,1468063298,1468063308,10
1,1468063302,1468063323,21
4,1468063310,1468063333,23
1,1468063328,1468063332,4
4,1468063333,1468063339,6
10,1468063335,1468063339,4
4,1468063339,1468063344,5
1,1468063341,1468063343,2
4,1468063344,1468063346,2
4,1468063346,1468063348,2
4,1468063349,1468063352,3
10,1468063351,1468063352,1
4,1468063352,1468063358,6
1,1468063354,1468063359,5
4,1468063362,1468063373,11
1,1468063363,1468063394,31
4,1468063373,1468063377,4
4,1468063380,1468063386,6
4,1468063388,1468063392,4
10,1468063389,1468063390,1
4,1468063392,1468063395,3
4,1468063395,1468063409,14
10,1468063397,1468063409,12
4,1468063409,1468063418,9
1,1468063411,1468063417,6
4,1468063418,1468063421,3
4,1468063421,1468063428,7
1,1468063424,1468063464,40
4,1468063428,1468063447,19
4,1468063447,1468063452,5
4,1468063455,1468063462,7
4,1468063466,1468063472,6
1,1468063468,1468063482,14
4,1468063472,1468063476,4
4,1468063476,1468063481,5
1,1468063487,1468063558,71
4,1468063507,1468063520,13
4,1468063520,1468063537,17
4,1468063538,1468063541,3
4,1468063541,1468063544,3
4,1468063549,1468063560,11
1,1468063562,1468063571,9
4,1468063570,1468063575,5
1,1468063575,1468063592,17
4,1468063593,1468063599,6
10,1468063594,1468063596,2
1,1468063596,1468063619,23
4,1468063599,1468063604,5
4,1468063605,1468063610,5
4,1468063610,1468063617,7
1,1468063626,1468063639,13
4,1468063631,1468063640,9
4,1468063640,1468063651,11
1,1468063643,1468063650,7
4,1468063651,1468063654,3
4,1468063654,1468063656,2
4,1468063656,1468063663,7
1,1468063660,1468063662,2
4,1468063663,1468063665,2
4,1468063666,1468063668,2
4,1468063668,1468063670,2
4,1468063671,1468063673,2
4,1468063673,1468063675,2
4,1468063676,1468063688,12
1,1468063679,1468063682,3
1,1468063687,1468063689,2
4,1468063688,1468063695,7
1,1468063693,1468063699,6
1,1468063707,1468063713,6
4,1468063715,1468063717,2
10,1468063716,1468063717,1
4,1468063717,1468063727,10
1,1468063719,1468063730,11
4,1468063735,1468063751,16
1,1468063735,1468063773,38
4,1468063754,1468063832,78
1,1468063790,1468063808,18
1,1468063824,1468063876,52
4,1468063845,1468063854,9
4,1468063854,1468063858,4
4,1468063861,1468063865,4
4,1468063873,1468063876,3
4,1468063876,1468063885,9
1,1468063880,1468063900,20
4,1468063885,1468063888,3
4,1468063888,1468063892,4
4,1468063893,1468063896,3
4,1468063896,1468063907,11
1,1468063904,1468063909,5
4,1468063907,1468063910,3
4,1468063910,1468063914,4
4,1468063914,1468063934,20
1,1468063920,1468063936,16
4,1468063939,1468063952,13
1,1468063942,1468063985,43
4,1468063952,1468063973,21
4,1468063973,1468063978,5
4,1468063978,1468063982,4
4,1468063986,1468063990,4
10,1468063987,1468063990,3
4,1468063990,1468063997,7
1,1468063991,1468064009,18
4,1468064003,1468064007,4
4,1468064010,1468064017,7
1,1468064016,1468064025,9
4,1468064017,1468064031,14
1,1468064029,1468064040,11
4,1468064031,1468064035,4
10,1468064032,1468064034,2
4,1468064035,1468064039,4
4,1468064041,1468064052,11
1,1468064045,1468064065,20
4,1468064057,1468064061,4
4,1468064066,1468064071,5
4,1468064071,1468064096,25
1,1468064071,1468064081,10
1,1468064085,1468064159,74
4,1468064096,1468064098,2
4,1468064098,1468064102,4
4,1468064102,1468064107,5
4,1468064116,1468064124,8
4,1468064136,1468064148,12
4,1468064148,1468064157,9
4,1468064162,1468064168,6
1,1468064167,1468064192,25
4,1468064168,1468064182,14
4,1468064182,1468064184,2
4,1468064184,1468064214,30
10,1468064185,1468064187,2
1,1468064197,1468064279,82
4,1468064219,1468064238,19
4,1468064238,1468064245,7
4,1468064245,1468064248,3
10,1468064246,1468064247,1
4,1468064248,1468064251,3
4,1468064251,1468064255,4
4,1468064261,1468064267,6
4,1468064273,1468064278,5
4,1468064282,1468064297,15
1,1468064282,1468064306,24
4,1468064297,1468064301,4
10,1468064298,1468064299,1
4,1468064301,1468064305,4
4,1468064307,1468064317,10
1,1468064309,1468064331,22
4,1468064319,1468064324,5
4,1468064328,1468064336,8
1,1468064337,1468064338,1
1,1468064343,1468064374,31
4,1468064343,1468064355,12
4,1468064364,1468064432,68
1,1468064416,1468064420,4
1,1468064424,1468064429,5
1,1468064433,1468064443,10
4,1468064435,1468064438,3
4,1468064438,1468064442,4
4,1468064444,1468064451,7
10,1468064445,1468064446,1
1,1468064447,1468064449,2
1,1468064452,1468064455,3
4,1468064460,1468064493,33
1,1468064460,1468064467,7
1,1468064477,1468064509,32
4,1468064500,1468064510,10
4,1468064510,1468064515,5
1,1468064513,1468064547,34
4,1468064515,1468064519,4
4,1468064523,1468064534,11
4,1468064545,1468064550,5
1,1468064550,1468064573,23
4,1468064550,1468064562,12
4,1468064563,1468064565,2
4,1468064565,1468064568,3
4,1468064568,1468064572,4
4,1468064574,1468064576,2
4,1468064576,1468064583,7
1,1468064578,1468064603,25
4,1468064587,1468064593,6
4,1468064603,1468064617,14
1,1468064613,1468064620,7
4,1468064617,1468064620,3
4,1468064621,1468064640,19
1,1468064632,1468064636,4
4,1468064640,1468064672,32
1,1468064655,1468064664,9
1,1468064670,1468064682,12
1,1468064687,1468064709,22
4,1468064693,1468064696,3
4,1468064710,1468064713,3
10,1468064712,1468064713,1
4,1468064713,1468064715,2
1,1468064717,1468064742,25
4,1468064723,1468065030,307
1,1468065017,1468065043,26
4,1468065031,1468065034,3
10,1468065031,1468065033,2
4,1468065034,1468065039,5
4,1468065039,1468065043,4
1,1468065046,1468065059,13
4,1468065052,1468065055,3
1,1468065065,1468065106,41
4,1468065068,1468065081,13
4,1468065082,1468065098,16
4,1468065104,1468065120,16
1,1468065116,1468065127,11
4,1468065120,1468065127,7
10,1468065121,1468065122,1
4,1468065128,1468065131,3
1,1468065130,1468065145,15
4,1468065131,1468065141,10
1,1468065155,1468065167,12
4,1468065158,1468065161,3
4,1468065162,1468065174,12
4,1468065174,1468065193,19
1,1468065174,1468065191,17
1,1468065198,1468065504,306
4,1468065210,1468065215,5
4,1468065215,1468065224,9
4,1468065224,1468065228,4
4,1468065232,1468065234,2
4,1468065238,1468065243,5
4,1468065246,1468065251,5
4,1468065256,1468065260,4
4,1468065267,1468065271,4
4,1468065271,1468065275,4
4,1468065275,1468065279,4
4,1468065284,1468065288,4
4,1468065288,1468065293,5
4,1468065293,1468065297,4
4,1468065307,1468065310,3
4,1468065310,1468065312,2
4,1468065313,1468065315,2
4,1468065315,1468065319,4
4,1468065319,1468065323,4
4,1468065323,1468065325,2
4,1468065325,1468065328,3
4,1468065328,1468065334,6
4,1468065334,1468065339,5
4,1468065339,1468065344,5
4,1468065344,1468065348,4
4,1468065349,1468065356,7
4,1468065356,1468065360,4
4,1468065360,1468065368,8
4,1468065369,1468065372,3
4,1468065372,1468065377,5
4,1468065386,1468065401,15
4,1468065408,1468065417,9
4,1468065428,1468065435,7
4,1468065435,1468065443,8
4,1468065443,1468065446,3
4,1468065446,1468065448,2
4,1468065449,1468065451,2
4,1468065451,1468065455,4
4,1468065456,1468065459,3
4,1468065459,1468065462,3
4,1468065462,1468065465,3
4,1468065465,1468065484,19
4,1468065485,1468065496,11
10,1468065485,1468065490,5
4,1468065496,1468065499,3
4,1468065499,1468065505,6
4,1468065505,1468065508,3
4,1468065509,1468065512,3
4,1468065512,1468065517,5
1,1468065514,1468065529,15
4,1468065520,1468065524,4
4,1468065526,1468065539,13
1,1468065533,1468065534,1
4,1468065539,1468065611,72
1,1468065540,1468065547,7
1,1468065571,1468065586,15
1,1468065592,1468065597,5
1,1468065609,1468065614,5
4,1468065611,1468065617,6
1,1468065617,1468065629,12
4,1468065631,1468065634,3
10,1468065632,1468065634,2
4,1468065634,1468065640,6
1,1468065638,1468065640,2
4,1468065641,1468065643,2
4,1468065643,1468065656,13
10,1468065645,1468065648,3
1,1468065646,1468065655,9
4,1468065656,1468065658,2
4,1468065658,1468065661,3
4,1468065662,1468065666,4
4,1468065666,1468065668,2
4,1468065670,1468065673,3
4,1468065673,1468065797,124
1,1468065677,1468065678,1
1,1468065784,1468065794,10
1,1468065798,1468065821,23
4,1468065802,1468065812,10
4,1468065812,1468065834,22
1,1468065828,1468065835,7
1,1468065839,1468065853,14
4,1468065851,1468065854,3
4,1468065854,1468065869,15
1,1468065858,1468065871,13
4,1468065871,1468065874,3
4,1468065874,1468065879,5
4,1468065879,1468065897,18
4,1468065897,1468065899,2
4,1468065899,1468065901,2
4,1468065902,1468065904,2
1,1468065905,1468065912,7
1,1468065944,1468065949,5
1,1468066105,1468066114,9
4,1468066116,1468066122,6
4,1468066123,1468066127,4
10,1468066124,1468066127,3
4,1468066128,1468066131,3
1,1468066133,1468066136,3
4,1468066137,1468066170,33
1,1468066145,1468066146,1
1,1468066156,1468066169,13
4,1468066171,1468066174,3
10,1468066175,1468066178,3
4,1468066178,1468066182,4
1,1468066179,1468066186,7
4,1468066187,1468066189,2
4,1468066189,1468066196,7
1,1468066194,1468066210,16
4,1468066214,1468066223,9
1,1468066216,1468066227,11
10,1468066221,1468066223,2
4,1468066228,1468066230,2
4,1468066230,1468066240,10
10,1468066240,1468066245,5
4,1468066245,1468066277,32
1,1468066280,1468066298,18
4,1468066301,1468066304,3
10,1468066301,1468066304,3
4,1468066306,1468066308,2
10,1468066307,1468066308,1
4,1468066308,1468066345,37
1,1468066311,1468066316,5
4,1468066345,1468066348,3
4,1468066348,1468066358,10
1,1468066353,1468066362,9
1,1468066367,1468066377,10
4,1468066378,1468066381,3
4,1468066381,1468066384,3
1,1468066385,1468066408,23
4,1468066388,1468066394,6
4,1468066398,1468066400,2
4,1468066403,1468066451,48
1,1468066441,1468066450,9
4,1468066451,1468066457,6
10,1468066453,1468066454,1
1,1468066455,1468066460,5
4,1468066457,1468066461,4
10,1468066458,1468066459,1
4,1468066462,1468066464,2
4,1468066465,1468066467,2
4,1468066467,1468066470,3
4,1468066471,1468066473,2
4,1468066473,1468066477,4
4,1468066477,1468066480,3
4,1468066480,1468066482,2
4,1468066482,1468396817,330335
1,1468066486,1468066496,10
1,1468067506,1468067509,3
1,1468396794,1468396806,12
1,1468396815,1468396824,9
4,1468396817,1468396823,6
10,1468396818,1468396820,2
4,1468396825,1468396830,5
10,1468396831,1468396834,3
4,1468396834,1468396863,29
1,1468396835,1468396846,11
1,1468396852,1468396866,14
4,1468396864,1468396867,3
4,1468396867,1468396874,7
1,1468396870,1468396873,3
4,1468396875,1468396879,4
4,1468396879,1468396882,3
4,1468396882,1468396885,3
10,1468396884,1468396885,1
4,1468396886,1468396910,24
1,1468396907,1468396913,6
4,1468396910,1468396918,8
4,1468396918,1468396927,9
1,1468396919,1468396924,5
4,1468396927,1468396955,28
1,1468396929,1468396930,1
1,1468396936,1468396938,2
1,1468396943,1468396958,15
4,1468396955,1468396961,6
1,1468396964,1468396966,2
1,1468396974,1468396981,7
1,1468396985,1468397024,39
4,1468396989,1468396993,4
10,1468396990,1468396991,1
4,1468396993,1468397015,22
4,1468397015,1468397019,4
10,1468397016,1468397018,2
4,1468397022,1468397024,2
4,1468397025,1468397031,6
1,1468397027,1468397058,31
4,1468397031,1468397033,2
4,1468397033,1468397036,3
4,1468397036,1468397040,4
4,1468397040,1468397044,4
10,1468397042,1468397043,1
4,1468397044,1468397047,3
4,1468397047,1468397050,3
10,1468397048,1468397049,1
4,1468397050,1468397053,3
4,1468397053,1468397059,6
10,1468397054,1468397056,2
4,1468397059,1468397061,2
4,1468397061,1468397064,3
1,1468397062,1468397075,13
4,1468397064,1468397077,13
1,1468397082,1468397103,21
4,1468397106,1468397109,3
1,1468397107,1468397116,9
4,1468397113,1468397117,4
10,1468397114,1468397116,2
4,1468397117,1468397123,6
1,1468397120,1468397164,44
4,1468397123,1468397126,3
10,1468397124,1468397125,1
4,1468397126,1468397129,3
4,1468397129,1468397131,2
4,1468397131,1468397135,4
10,1468397132,1468397134,2
4,1468397136,1468397138,2
10,1468397136,1468397137,1
4,1468397139,1468397175,36
1,1468397168,1468397187,19
4,1468397175,1468397185,10
4,1468397185,1468397187,2
4,1468397187,1468397487,300
1,1468397191,1468397194,3
1,1468397197,1468397248,51
1,1468397258,1468397259,1
1,1468397476,1468397490,14
4,1468397487,1468397490,3
10,1468397488,1468397489,1
4,1468397491,1468397503,12
1,1468397495,1468397510,15
4,1468397503,1468397506,3
10,1468397504,1468397505,1
4,1468397506,1468397528,22
1,1468397519,1468397520,1
1,1468397525,1468397527,2
4,1468397528,1468397532,4
4,1468397532,1468397535,3
10,1468397532,1468397534,2
4,1468397535,1468397540,5
4,1468397540,1468397547,7
1,1468397541,1468397552,11
4,1468397553,1468397559,6
1,1468397557,1468397558,1
4,1468397559,1468397563,4
4,1468397563,1468397570,7
1,1468397565,1468397569,4
4,1468397571,1468397583,12
1,1468397572,1468397585,13
1,1468397590,1468397615,25
4,1468397608,1468397613,5
10,1468397609,1468397610,1
4,1468397613,1468397636,23
1,1468397630,1468397660,30
4,1468397637,1468397640,3
10,1468397637,1468397638,1
4,1468397640,1468397643,3
4,1468397643,1468397646,3
4,1468397646,1468397649,3
10,1468397647,1468397648,1
4,1468397650,1468397652,2
4,1468397652,1468397662,10
1,1468397664,1468397729,65
4,1468397674,1468397677,3
10,1468397675,1468397676,1
4,1468397677,1468397681,4
4,1468397682,1468397685,3
10,1468397682,1468397683,1
4,1468397685,1468397712,27
4,1468397712,1468397724,12
4,1468397724,1468397727,3
4,1468397727,1468397730,3
4,1468397730,1468397732,2
4,1468397732,1468397734,2
1,1468397733,1468397749,16
4,1468397735,1468397741,6
4,1468397741,1468397748,7
4,1468397748,1468397766,18
1,1468397753,1468397755,2
1,1468397759,1468397769,10
4,1468397770,1468397790,20
1,1468397773,1468397777,4
1,1468397785,1468397787,2
1,1468397797,1468397877,80
4,1468397818,1468397827,9
10,1468397818,1468397820,2
4,1468397833,1468397838,5
4,1468397863,1468397866,3
4,1468397866,1468397869,3
4,1468397869,1468397872,3
4,1468397872,1468397914,42
1,1468397901,1468397903,2
1,1468397907,1468397940,33
4,1468397914,1468397916,2
4,1468397917,1468397920,3
4,1468397920,1468397922,2
4,1468397923,1468397932,9
10,1468397923,1468397925,2
4,1468397933,1468397935,2
4,1468397935,1468397960,25
1,1468397943,1468398005,62
4,1468397960,1468397963,3
10,1468397961,1468397962,1
4,1468397963,1468397969,6
4,1468397969,1468397972,3
10,1468397970,1468397971,1
4,1468397973,1468397977,4
4,1468397977,1468397980,3
10,1468397978,1468397979,1
4,1468397980,1468397983,3
4,1468397983,1468397986,3
4,1468397986,1468397995,9
4,1468397995,1468397998,3
10,1468397996,1468397997,1
4,1468397998,1468398003,5
4,1468398003,1468398007,4
10,1468398004,1468398005,1
4,1468398008,1468398029,21
1,1468398011,1468398013,2
1,1468398018,1468398049,31
4,1468398029,1468398032,3
10,1468398030,1468398031,1
4,1468398032,1468398036,4
4,1468398036,1468398038,2
4,1468398039,1468398045,6
4,1468398045,1468398050,5
10,1468398046,1468398047,1
4,1468398050,1468398093,43
1,1468398058,1468398065,7
1,1468398072,1468398095,23
4,1468398093,1468398107,14
10,1468398094,1468398098,4
10,1468398099,1468398107,8
10,1468398107,1468398110,3
1,1468398110,1468398131,21
4,1468398121,1468398127,6
4,1468398127,1468398136,9
1,1468398134,1468398163,29
4,1468398164,1468398167,3
10,1468398165,1468398167,2
4,1468398168,1468398174,6
1,1468398168,1468398184,16
4,1468398179,1468398182,3
1,1468398187,1468398202,15
4,1468398189,1468398203,14
4,1468398203,1468398210,7
10,1468398205,1468398206,1
1,1468398206,1468398213,7
1,1468398222,1468398227,5
1,1468398232,1468398233,1
4,1468398235,1468398463,228
1,1468398236,1468398239,3
1,1468398244,1468398254,10
1,1468398266,1468398267,1
1,1468398333,1468398339,6
1,1468398344,1468398385,41
1,1468398404,1468398415,11
1,1468398419,1468398426,7
1,1468398437,1468398444,7
5,1468398444,1468398449,5
1,1468398450,1468398466,16
4,1468398473,1468398502,29
1,1468398475,1468398488,13
1,1468398495,1468398519,24
4,1468398502,1468398508,6
4,1468398520,1468398522,2
4,1468398522,1468398525,3
4,1468398525,1468398533,8
10,1468398526,1468398528,2
1,1468398528,1468398540,12
4,1468398534,1468398540,6
10,1468398534,1468398537,3
10,1468398539,1468398540,1
4,1468398540,1468398542,2
4,1468398544,1468398583,39
1,1468398561,1468398563,2
1,1468398568,1468398573,5
1,1468398578,1468398598,20
4,1468398583,1468398587,4
4,1468398587,1468398593,6
1,1468398606,1468398615,9
4,1468398616,1468398620,4
4,1468398620,1468398623,3
4,1468398623,1468398637,14
1,1468398625,1468398641,16
1,1468398660,1468398665,5
1,1468398669,1468398679,10
1,1468398683,1468398689,6
1,1468398692,1468398713,21
4,1468398698,1468398704,6
4,1468398704,1468398754,50
1,1468398716,1468398718,2
1,1468398733,1468398736,3
1,1468398747,1468398754,7
4,1468398755,1468398761,6
1,1468398757,1468398795,38
4,1468398764,1468398774,10
4,1468398777,1468398781,4
10,1468398778,1468398779,1
4,1468398783,1468398807,24
1,1468398802,1468398813,11
4,1468398810,1468398814,4
4,1468398814,1468398822,8
1,1468398817,1468398826,9
1,1468398833,1468398840,7
4,1468398836,1468398840,4
1,1468398843,1468398857,14
4,1468398844,1468398851,7
1,1468398861,1468398863,2
1,1468398867,1468398887,20
4,1468398875,1468398884,9
1,1468398898,1468398901,3
1,1468398906,1468398909,3
1,1468398916,1468398925,9
1,1468398930,1468398935,5
4,1468398937,1468399039,102
4,1468399040,1468399042,2
4,1468399042,1468399044,2
4,1468399044,1468399047,3
4,1468399047,1468399050,3
1,1468399054,1468399055,1
4,1468399056,1468399062,6
1,1468399062,1468399074,12
4,1468399062,1468399126,64
4,1468399126,1468399128,2
4,1468399128,1468399130,2
4,1468399130,1468399132,2
4,1468399132,1468399134,2
10,1468399133,1468399134,1
4,1468399134,1468399138,4
1,1468399137,1468399142,5
4,1468399140,1468399153,13
1,1468399149,1468399152,3
4,1468399153,1468399155,2
4,1468399155,1468399157,2
10,1468399156,1468399158,2
4,1468399157,1468399160,3
4,1468399160,1468399162,2
4,1468399162,1468399165,3
4,1468399165,1468399167,2
4,1468399167,1468399170,3
10,1468399168,1468399170,2
4,1468399170,1468399173,3
4,1468399174,1468399177,3
10,1468399174,1468399177,3
4,1468399177,1468399186,9
1,1468399182,1468399184,2
4,1468399187,1468399189,2
10,1468399188,1468399189,1
4,1468399189,1468399210,21
1,1468399192,1468399197,5
1,1468399205,1468399209,4
4,1468399210,1468399224,14
10,1468399210,1468399211,1
1,1468399217,1468399222,5
4,1468399224,1468399234,10
1,1468399228,1468399232,4
4,1468399234,1468399243,9
1,1468399244,1468399263,19
4,1468399247,1468399256,9
4,1468399264,1468399281,17
1,1468399270,1468399271,1
4,1468399281,1468399459,178
1,1468399284,1468399295,11
1,1468399313,1468399320,7
1,1468399323,1468399327,4
1,1468399341,1468399358,17
1,1468399363,1468399373,10
1,1468399390,1468399392,2
1,1468399413,1468399437,24
1,1468399441,1468399449,8
1,1468399457,1468399458,1
4,1468399460,1468399462,2
4,1468399462,1468399464,2
4,1468399465,1468399467,2
4,1468399467,1468399479,12
1,1468399469,1468399476,7
4,1468399480,1468399485,5
10,1468399484,1468399485,1
4,1468399485,1468399488,3
4,1468399488,1468399493,5
1,1468399490,1468399493,3
4,1468399494,1468399496,2
10,1468399494,1468399496,2
4,1468399497,1468399499,2
4,1468399499,1468399501,2
4,1468399501,1468399504,3
10,1468399501,1468399504,3
4,1468399504,1468399523,19
10,1468399505,1468399506,1
1,1468399513,1468399516,3
1,1468399519,1468399522,3
4,1468399523,1468399526,3
1,1468399529,1468399543,14
1,1468399547,1468399550,3
1,1468399556,1468399565,9
4,1468399563,1468399577,14
1,1468399574,1468399586,12
4,1468399578,1468399589,11
4,1468399590,1468399597,7
1,1468399596,1468399610,14
4,1468399597,1468399611,14
4,1468399611,1468399616,5
4,1468399616,1468399619,3
4,1468399619,1468399621,2
4,1468399621,1468399671,50
1,1468399627,1468399628,1
1,1468399634,1468399642,8
1,1468399647,1468399648,1
1,1468399658,1468399662,4
1,1468399667,1468399671,4
4,1468399672,1468399674,2
4,1468399674,1468399676,2
4,1468399677,1468399750,73
10,1468399679,1468399680,1
1,1468399679,1468399691,12
1,1468399725,1468399731,6
1,1468399735,1468399738,3
1,1468399742,1468399744,2
1,1468399747,1468399749,2
4,1468399750,1468399752,2
4,1468399753,1468399756,3
4,1468399756,1468399760,4
10,1468399759,1468399760,1
4,1468399760,1468399763,3
4,1468399765,1468399770,5
10,1468399768,1468399770,2
1,1468399773,1468399781,8
1,1468399784,1468399789,5
4,1468399794,1468399796,2
4,1468399796,1468399826,30
5,1468399801,1468399802,1
1,1468399812,1468399816,4
1,1468399820,1468399825,5
4,1468399826,1468399853,27
1,1468399831,1468399840,9
1,1468399845,1468399850,5
4,1468399853,1468399855,2
4,1468399855,1468399857,2
4,1468399857,1468399865,8
1,1468399861,1468399864,3
1,1468399878,1468399880,2
1,1468399897,1468399925,28
4,1468399903,1468399907,4
4,1468399907,1468399910,3
4,1468399916,1468399919,3
4,1468399926,1468399976,50
1,1468399943,1468399945,2
1,1468399958,1468399962,4
1,1468399965,1468399967,2
1,1468399972,1468399980,8
1,1468399986,1468399988,2
1,1468400022,1468400027,5
1,1468402134,1468402135,1
1,1468758026,1468758028,2
1,1468758089,1468758101,12
1,1468758135,1468758158,23
4,1468758149,1468758152,3
10,1468758150,1468758151,1
4,1468758153,1468758206,53
1,1468758161,1468758172,11
1,1468758180,1468758187,7
5,1468758187,1468758192,5
1,1468758194,1468758205,11
1,1468758210,1468758212,2
4,1468758214,1468758222,8
4,1468758222,1468758307,85
1,1468758261,1468758305,44
1,1468758308,1468758312,4
4,1468758313,1468758315,2
4,1468758315,1468758318,3
4,1468758318,1468758320,2
4,1468758320,1468758322,2
10,1468758321,1468758322,1
4,1468758322,1468758325,3
4,1468758325,1468758329,4
4,1468758329,1468758339,10
4,1468758340,1468758354,14
1,1468758352,1468758366,14
4,1468758360,1468758365,5
4,1468758367,1468758380,13
1,1468758371,1468758378,7
4,1468758380,1468758387,7
1,1468758390,1468758399,9
4,1468758400,1468758402,2
4,1468758402,1468758439,37
10,1468758402,1468758439,37
4,1468758439,1468758534,95
10,1468758439,1468758534,95
4,1468758534,1468758544,10
4,1468758545,1468758547,2
4,1468758547,1468758563,16
10,1468758548,1468758551,3
10,1468758552,1468758555,3
1,1468758554,1468758562,8
4,1468758563,1468758565,2
10,1468758563,1468758564,1
4,1468758565,1468758572,7
1,1468758567,1468758570,3
10,1468758571,1468758572,1
4,1468758572,1468758575,3
4,1468758577,1468758580,3
4,1468758582,1468758585,3
4,1468758586,1468758589,3
4,1468758589,1468758592,3
4,1468758592,1468758607,15
4,1468758607,1468758610,3
4,1468758610,1468758612,2
4,1468758612,1468758629,17
1,1468758613,1468758627,14
4,1468758629,1468758633,4
4,1468758633,1468758636,3
10,1468758634,1468758637,3
1,1468758634,1468758639,5
4,1468758642,1468758666,24
10,1468758643,1468758644,1
1,1468758654,1468758727,73
4,1468758671,1468758677,6
4,1468758683,1468758691,8
4,1468758697,1468758701,4
4,1468758705,1468758711,6
4,1468758715,1468758719,4
4,1468758725,1468758734,9
1,1468758732,1468758736,4
4,1468758734,1468758737,3
10,1468758735,1468758736,1
4,1468758737,1468758798,61
1,1468758742,1468758747,5
1,1468758759,1468758763,4
1,1468758768,1468758780,12
1,1468758784,1468758792,8
1,1468758800,1468758803,3
4,1468758801,1468758804,3
4,1468758804,1468758806,2
1,1468758810,1468758831,21
4,1468758818,1468758823,5
4,1468758830,1468758832,2
1,1468758835,1468758837,2
1,1468758843,1468758856,13
4,1468758846,1468758849,3
10,1468758847,1468758848,1
4,1468758849,1468758857,8
4,1468758857,1468758860,3
10,1468758859,1468758860,1
4,1468758860,1468758863,3
1,1468758861,1468758866,5
4,1468758867,1468758870,3
4,1468758870,1468758872,2
4,1468758872,1468758875,3
4,1468758875,1468758885,10
1,1468758877,1468758887,10
4,1468758888,1468758902,14
1,1468758891,1468758912,21
4,1468758902,1468758904,2
4,1468758905,1468758914,9
10,1468758914,1468758916,2
4,1468758916,1468758918,2
4,1468758919,1468758921,2
4,1468758921,1468758924,3
1,1468758922,1468758926,4
4,1468758924,1468758927,3
10,1468758928,1468758929,1
1,1468758931,1468758944,13
4,1468758946,1468758951,5
10,1468758949,1468758951,2
4,1468758951,1468758953,2
4,1468758955,1468758963,8
1,1468758957,1468758971,14
4,1468758963,1468758965,2
10,1468758963,1468758965,2
4,1468758966,1468758972,6
4,1468758972,1468758974,2
4,1468758974,1468758983,9
1,1468758977,1468758982,5
4,1468758983,1468758986,3
10,1468758984,1468758986,2
4,1468758986,1468758992,6
4,1468758992,1468759016,24
4,1468759017,1468759019,2
4,1468759019,1468759022,3
4,1468759023,1468759030,7
10,1468759023,1468759025,2
1,1468759028,1468759029,1
4,1468759037,1468759039,2
4,1468759039,1468759046,7
4,1468759046,1468759051,5
10,1468759048,1468759051,3
4,1468759051,1468759055,4
4,1468759066,1468759098,32
1,1468759069,1468759091,22
4,1468759098,1468759101,3
4,1468759102,1468759108,6
1,1468759106,1468759108,2
4,1468759112,1468759119,7
1,1468759115,1468759117,2
4,1468759119,1468759122,3
10,1468759119,1468759121,2
4,1468759122,1468759127,5
10,1468759122,1468759124,2
1,1468759128,1468759140,12
4,1468759141,1468759389,248
1,1468759268,1468759271,3
1,1468759307,1468759315,8
4,1468759390,1468759392,2
4,1468759392,1468759395,3
4,1468759396,1468759399,3
4,1468759400,1468759403,3
1,1468759404,1468759405,1
1,1468771185,1468771188,3
1,1468771196,1468771199,3
4,1468771205,1468771214,9
4,1468771216,1468771218,2
4,1468771218,1468771220,2
4,1468771223,1468771225,2
4,1468771225,1468771227,2
4,1468771227,1468771229,2
4,1468771229,1468771233,4
4,1468771233,1468771254,21
1,1468771238,1468771248,10
1,1468771264,1468771267,3
4,1468771269,1468771291,22
1,1468771272,1468771276,4
1,1468771279,1468771301,22
4,1468771291,1468771294,3
4,1468771298,1468771338,40
1,1468771328,1468771337,9
4,1468771338,1468771341,3
1,1468771342,1468771362,20
4,1468771354,1468771366,12
4,1468771366,1468771375,9
10,1468771366,1468771367,1
1,1468771367,1468771374,7
1,1468771378,1468771391,13
4,1468771379,1468771389,10
4,1468771389,1468771392,3
10,1468771389,1468771391,2
4,1468771392,1468771423,31
1,1468771400,1468771404,4
1,1468771419,1468771421,2
4,1468771423,1468771427,4
1,1468771425,1468771430,5
4,1468771428,1468771432,4
10,1468771428,1468771430,2
4,1468771432,1468771447,15
1,1468771436,1468771446,10
4,1468771447,1468771452,5
1,1468771450,1468771451,1
4,1468771453,1468771455,2
4,1468771455,1468771479,24
10,1468771456,1468771457,1
1,1468771459,1468771463,4
1,1468771471,1468771477,6
4,1468771479,1468771482,3
10,1468771479,1468771480,1
4,1468771482,1468771485,3
10,1468771484,1468771485,1
4,1468771485,1468771487,2
4,1468771489,1468771497,8
1,1468771491,1468771496,5
4,1468771497,1468771499,2
4,1468771499,1468771502,3
4,1468771502,1468771515,13
1,1468771505,1468771514,9
4,1468771515,1468771520,5
10,1468771517,1468771520,3
1,1468771522,1468771523,1
4,1468771524,1468771526,2
10,1468771524,1468771526,2
4,1468771526,1468771529,3
10,1468771528,1468771529,1
1,1468771579,1468771598,19
1,1468771602,1468771603,1
4,1468771604,1468771607,3
4,1468771608,1468771612,4
4,1468771612,1468771614,2
4,1468771614,1468771623,9
4,1468771623,1468835931,64308
1,1468771629,1468771636,7
1,1468771685,1468771691,6
1,1468834987,1468835008,21
1,1468835021,1468835036,15
1,1468835897,1468835905,8
1,1468835908,1468835915,7
4,1468835936,1468835939,3
1,1468835937,1468835938,1
4,1468835939,1468835941,2
4,1468835942,1468835944,2
4,1468835944,1468835946,2
4,1468835946,1468835949,3
4,1468835949,1468835951,2
4,1468835952,1468835957,5
4,1468835958,1468835960,2
4,1468835960,1468835976,16
1,1468835964,1468835985,21
7,1468835968,1468835969,1
7,1468835968,1468835969,1
7,1468835968,1468835969,1
7,1468835968,1468835969,1
4,1468835977,1468835980,3
4,1468835980,1468836162,182
1,1468835989,1468835991,2
1,1468835999,1468836002,3
1,1468836018,1468836032,14
14,1468836030,1468836051,21
1,1468836039,1468836043,4
1,1468836050,1468836082,32
1,1468836086,1468836113,27
1,1468836118,1468836125,7
1,1468836130,1468836141,11
1,1468836149,1468836155,6
1,1468836160,1468836161,1
4,1468836162,1468836243,81
1,1468836181,1468836190,9
1,1468836194,1468836199,5
1,1468836203,1468836206,3
1,1468836210,1468836211,1
1,1468836218,1468836220,2
1,1468836223,1468836225,2
1,1468836233,1468836234,1
1,1468836240,1468836243,3
4,1468836245,1468836295,50
1,1468836247,1468836257,10
1,1468836277,1468836305,28
4,1468836301,1468836305,4
1,1468836309,1468836329,20
5,1468836318,1468836320,2
1,1468836332,1468836334,2
1,1468836339,1468836343,4
1,1468836349,1468836354,5
4,1468836355,1468836358,3
4,1468836361,1468836363,2
4,1468836363,1468836366,3
4,1468836366,1468836368,2
4,1468836368,1468836371,3
4,1468836371,1468836373,2
4,1468836375,1468836377,2
4,1468836377,1468836379,2
4,1468836380,1468836431,51
10,1468836380,1468836392,12
1,1468836384,1468836405,21
1,1468836416,1468836417,1
1,1468836423,1468836430,7
4,1468836431,1468836489,58
1,1468836473,1468836474,1
1,1468836482,1468836487,5
4,1468836489,1468836491,2
4,1468836491,1468836497,6
1,1468836494,1468836496,2
4,1468836497,1468836501,4
10,1468836499,1468836501,2
10,1468836501,1468836503,2
4,1468836503,1468836505,2
4,1468836506,1468836510,4
1,1468836508,1468836520,12
4,1468836514,1468836517,3
4,1468836517,1468836551,34
1,1468836524,1468836526,2
1,1468836547,1468836560,13
4,1468836552,1468836556,4
4,1468836561,1468836563,2
10,1468836563,1468836565,2
1,1468836566,1468836571,5
4,1468836568,1468836572,4
4,1468836572,1468836581,9
10,1468836572,1468836573,1
1,1468836575,1468836579,4
1,1468836584,1468836588,4
4,1468836589,1468836595,6
10,1468836590,1468836591,1
1,1468836591,1468836594,3
4,1468836596,1468836598,2
4,1468836598,1468836602,4
1,1468836599,1468836604,5
1,1468836608,1468836625,17
4,1468836612,1468836618,6
4,1468836628,1468836631,3
4,1468836631,1468836634,3
4,1468836634,1468836638,4
1,1468836636,1468836638,2
4,1468836639,1468836659,20
1,1468836651,1468836660,9
4,1468836659,1468836661,2
4,1468836661,1468836663,2
4,1468836664,1468836667,3
10,1468836664,1468836666,2
1,1468836665,1468836666,1
4,1468836667,1468836669,2
4,1468836669,1468836672,3
10,1468836670,1468836674,4
1,1468836673,1468836677,4
4,1468836675,1468836678,3
10,1468836675,1468836676,1
4,1468836678,1468836681,3
4,1468836681,1468836683,2
4,1468836684,1468836689,5
1,1468836686,1468836688,2
4,1468836691,1468836698,7
1,1468836692,1468836697,5
4,1468836699,1468836702,3
10,1468836700,1468836702,2
4,1468836703,1468836705,2
4,1468836705,1468836709,4
4,1468836709,1468836716,7
1,1468836712,1468836720,8
4,1468836717,1468836721,4
4,1468836721,1468836723,2
4,1468836724,1468836726,2
10,1468836725,1468836726,1
4,1468836726,1468836729,3
4,1468836729,1468836734,5
4,1468836739,1468836786,47
1,1468836741,1468836746,5
1,1468836755,1468836756,1
1,1468836763,1468836785,22
4,1468836786,1468836805,19
10,1468836787,1468836788,1
1,1468836789,1468836793,4
4,1468836805,1468836825,20
10,1468836806,1468836818,12
1,1468836818,1468836832,14
4,1468836826,1468836829,3
4,1468836829,1468836836,7
10,1468836829,1468836831,2
4,1468836836,1468836838,2
1,1468836839,1468836849,10
4,1468836853,1468836895,42
10,1468836854,1468836856,2
1,1468836855,1468836858,3
1,1468836891,1468836894,3
4,1468836895,1468836898,3
10,1468836896,1468836898,2
4,1468836898,1468836914,16
1,1468836900,1468836913,13
4,1468836914,1468836917,3
4,1468836917,1468837358,441
1,1468836919,1468836921,2
1,1468837349,1468837355,6
4,1468837358,1468837370,12
1,1468837363,1468837368,5
4,1468837370,1468837382,12
10,1468837371,1468837382,11
4,1468837382,1468837384,2
4,1468837384,1468837388,4
10,1468837386,1468837388,2
4,1468837388,1468837391,3
4,1468837391,1468837394,3
1,1468837392,1468837397,5
4,1468837398,1468837401,3
4,1468837401,1468837414,13
10,1468837402,1468837403,1
1,1468837404,1468837413,9
4,1468837414,1468837416,2
4,1468837416,1468837430,14
1,1468837418,1468837441,23
4,1468837433,1468837444,11
4,1468837445,1468837501,56
1,1468837446,1468837455,9
1,1468837458,1468837462,4
1,1468837468,1468837483,15
1,1468837488,1468837500,12
4,1468837501,1468837503,2
4,1468837503,1468837515,12
1,1468837511,1468837518,7
4,1468837515,1468837522,7
4,1468837522,1468837524,2
10,1468837522,1468837524,2
4,1468837524,1468837557,33
10,1468837526,1468837527,1
1,1468837527,1468837533,6
1,1468837549,1468837556,7
4,1468837557,1468837559,2
4,1468837559,1468837580,21
1,1468837561,1468837566,5
1,1468837575,1468837576,1
4,1468837580,1468837588,8
1,1468837580,1468837584,4
4,1468837588,1468837590,2
10,1468837588,1468837590,2
4,1468837591,1468837593,2
10,1468837592,1468837593,1
4,1468837593,1468837598,5
1,1468837594,1468837596,2
4,1468837598,1468837613,15
1,1468837600,1468837621,21
4,1468837616,1468837621,5
1,1468837646,1468837654,8
4,1468837657,1468837662,5
10,1468837658,1468837660,2
1,1468837659,1468837666,7
1,1468837669,1468837672,3
4,1468837673,1468837675,2
4,1468837675,1468837788,113
1,1468837680,1468837683,3
1,1468837696,1468837699,3
1,1468837703,1468837706,3
1,1468837711,1468837720,9
1,1468837785,1468837786,1
4,1468837788,1468837790,2
4,1468837790,1468837827,37
1,1468837792,1468837794,2
1,1468837818,1468837824,6
4,1468837827,1468837860,33
1,1468837828,1468837833,5
14,1468837833,1468837840,7
1,1468837841,1468837859,18
4,1468837860,1468837862,2
10,1468837861,1468837862,1
4,1468837863,1468837865,2
4,1468837865,1468837867,2
10,1468837865,1468837867,2
4,1468837867,1468837870,3
1,1468837868,1468837869,1
4,1468837871,1468837873,2
10,1468837871,1468837873,2
4,1468837873,1468837879,6
4,1468837879,1468837881,2
4,1468837882,1468838035,153
10,1468837882,1468837887,5
1,1468837885,1468837929,44
1,1468837938,1468837961,23
1,1468837965,1468837976,11
1,1468837997,1468837999,2
1,1468838007,1468838028,21
10,1468838029,1468838035,6
1,1468838034,1468838055,21
4,1468838035,1468838039,4
1,1468838058,1468838091,33
4,1468838083,1468838085,2
4,1468838088,1468838101,13
1,1468838095,1468838119,24
4,1468838107,1468838115,8
10,1468838120,1468838126,6
1,1468838124,1468838143,19
4,1468838139,1468838185,46
1,1468838147,1468838172,25
1,1468838181,1468838207,26
4,1468838197,1468838199,2
1,1468838211,1468838224,13
4,1468838221,1468838228,7
4,1468838228,1468838232,4
1,1468838228,1468838234,6
4,1468838232,1468838235,3
4,1468838235,1468838239,4
4,1468838240,1468838245,5
1,1468838247,1468838250,3
4,1468838251,1468838253,2
4,1468838253,1468838257,4
10,1468838255,1468838257,2
4,1468838257,1468838261,4
1,1468838259,1468838260,1
10,1468838261,1468838263,2
1,1468838264,1468838269,5
4,1468838270,1468838272,2
4,1468838272,1468839038,766
10,1468838273,1468838283,10
1,1468838282,1468838295,13
5,1468838294,1468839038,744
1,1468838983,1468839010,27
1,1468839036,1468839048,12
10,1468839043,1468839081,38
1,1468839138,1468839152,14
5,1468839141,1468839164,23
4,1468839141,1468839164,23
1,1468839157,1468839175,18
1,1468839179,1468839181,2
1,1468839189,1468839196,7
4,1468839200,1468839204,4
1,1468839200,1468839203,3
1,1468839206,1468839225,19
4,1468839213,1468839260,47
1,1468839231,1468839233,2
1,1468839238,1468839246,8
10,1468839246,1468839250,4
1,1468839251,1468839254,3
1,1468839263,1468839268,5
4,1468839269,1468839283,14
1,1468839272,1468839280,8
4,1468839283,1468839285,2
4,1468839285,1468839287,2
4,1468839288,1468839290,2
4,1468839290,1468839296,6
10,1468839292,1468839293,1
1,1468839293,1468839299,6
4,1468839300,1468839307,7
4,1468839307,1468839313,6
4,1468839313,1468839319,6
1,1468839317,1468839318,1
4,1468839319,1468839321,2
4,1468839322,1468839332,10
10,1468839322,1468839332,10
4,1468839332,1468839334,2
10,1468839332,1468839334,2
4,1468839334,1468839338,4
10,1468839335,1468839338,3
4,1468839338,1468839346,8
10,1468839338,1468839340,2
1,1468839340,1468839345,5
4,1468839346,1468839348,2
10,1468839346,1468839348,2
4,1468839349,1468839351,2
4,1468839354,1468839365,11
1,1468839358,1468839360,2
10,1468839362,1468839364,2
4,1468839365,1468839369,4
4,1468839372,1468839416,44
1,1468839372,1468839378,6
14,1468839377,1468839388,11
1,1468839393,1468839401,8
1,1468839406,1468839415,9
4,1468839417,1468839423,6
10,1468839418,1468839423,5
4,1468839423,1468839425,2
4,1468839425,1468839478,53
1,1468839433,1468839436,3
14,1468839436,1468839446,10
1,1468839448,1468839449,1
1,1468839453,1468839471,18
1,1468839474,1468839477,3
4,1468839478,1468839481,3
4,1468839481,1468839494,13
10,1468839481,1468839492,11
1,1468839483,1468839484,1
1,1468839491,1468839496,5
4,1468839494,1468839497,3
4,1468839497,1468839510,13
10,1468839499,1468839500,1
1,1468839501,1468839510,9
4,1468839511,1468839514,3
10,1468839511,1468839512,1
4,1468839514,1468839526,12
1,1468839515,1468839525,10
4,1468839526,1468839602,76
1,1468839532,1468839539,7
14,1468839537,1468839546,9
1,1468839543,1468839547,4
1,1468839556,1468839572,16
1,1468839575,1468839601,26
4,1468839602,1468839605,3
4,1468839605,1468839608,3
4,1468839609,1468839611,2
4,1468839612,1468839614,2
4,1468839614,1468839616,2
4,1468839616,1468839619,3
4,1468839619,1468839644,25
10,1468839620,1468839621,1
1,1468839620,1468839651,31
4,1468839644,1468839649,5
4,1468839652,1468839654,2
4,1468839655,1468839657,2
1,1468839658,1468839668,10
4,1468839664,1468839669,5
4,1468839671,1468839673,2
4,1468839675,1468839677,2
4,1468839678,1468839688,10
1,1468839685,1468839687,2
4,1468839689,1468839693,4
1,1468839691,1468839701,10
4,1468839694,1468839702,8
4,1468839702,1468839704,2
4,1468839704,1468839708,4
10,1468839704,1468839707,3
1,1468839711,1468839755,44
14,1468839751,1468839760,9
1,1468839760,1468839829,69
4,1468839821,1468839852,31
10,1468839822,1468839824,2
1,1468839839,1468839842,3
1,1468839850,1468839864,14
4,1468839852,1468839855,3
4,1468839859,1468839864,5
4,1468839866,1468839868,2
4,1468839868,1468839871,3
10,1468839869,1468839870,1
4,1468839871,1468839982,111
1,1468839875,1468839876,1
1,1468839880,1468839885,5
14,1468839883,1468839890,7
1,1468839900,1468839920,20
1,1468839929,1468839933,4
1,1468839938,1468839946,8
1,1468839957,1468839989,32
4,1468839982,1468839985,3
4,1468839988,1468839990,2
4,1468839990,1468839992,2
4,1468839992,1468839995,3
10,1468839993,1468839996,3
4,1468839996,1468840030,34
10,1468839996,1468840009,13
1,1468839999,1468840018,19
1,1468840021,1468840029,8
4,1468840030,1468840033,3
10,1468840031,1468840033,2
4,1468840033,1468840035,2
4,1468840035,1468840039,4
1,1468840037,1468840039,2
4,1468840040,1468840042,2
4,1468840042,1468840044,2
1,1468840046,1468840052,6
4,1468840052,1468840055,3
4,1468840055,1468840058,3
4,1468840058,1468840061,3
4,1468840062,1468840068,6
1,1468840064,1468840072,8
4,1468840069,1468840072,3
10,1468840069,1468840070,1
4,1468840073,1468840075,2
4,1468840075,1468840080,5
4,1468840084,1468840086,2
4,1468840086,1468840088,2
4,1468840088,1468840091,3
10,1468840089,1468840091,2
4,1468840092,1468840094,2
4,1468840094,1468840096,2
4,1468840096,1468840102,6
10,1468840097,1468840102,5
4,1468840102,1468840104,2
10,1468840104,1468840106,2
4,1468840106,1468840108,2
10,1468840106,1468840108,2
4,1468840108,1468840110,2
4,1468840112,1468840114,2
4,1468840115,1468840117,2
4,1468840117,1468840120,3
4,1468840120,1468840123,3
4,1468840123,1468840128,5
4,1468840128,1468840142,14
1,1468840129,1468840141,12
4,1468840142,1468840147,5
4,1468840148,1468840158,10
4,1468840159,1468840166,7
4,1468840166,1468840177,11
1,1468840171,1468840189,18
4,1468840178,1468840180,2
4,1468840180,1468840185,5
4,1468840185,1468840190,5
4,1468840190,1468840200,10
1,1468840197,1468840205,8
4,1468840201,1468840206,5
4,1468840206,1468840209,3
4,1468840209,1468840211,2
4,1468840212,1468840215,3
4,1468840215,1468840218,3
4,1468840218,1468840236,18
1,1468840229,1468840236,7
1,1468840246,1468840289,43
4,1468840255,1468840258,3
4,1468840262,1468840265,3
4,1468840268,1468840270,2
4,1468840273,1468840281,8
4,1468840286,1468840290,4
4,1468840291,1468840294,3
10,1468840291,1468840293,2
4,1468840294,1468840296,2
4,1468840296,1468840300,4
4,1468840300,1468840302,2
4,1468840303,1468840305,2
4,1468840306,1468840378,72
1,1468840309,1468840315,6
1,1468840326,1468840336,10
1,1468840341,1468840345,4
14,1468840344,1468840352,8
1,1468840351,1468840357,6
1,1468840368,1468840376,8
4,1468840378,1468840382,4
4,1468840384,1468840412,28
1,1468840389,1468840393,4
14,1468840392,1468840399,7
1,1468840402,1468840415,13
4,1468840412,1468840416,4
4,1468840416,1468840418,2
4,1468840418,1468840432,14
10,1468840419,1468840420,1
1,1468840420,1468840426,6
1,1468840429,1468840432,3
10,1468840433,1468840438,5
4,1468840438,1468840443,5
1,1468840440,1468840442,2
4,1468840443,1468840504,61
1,1468840448,1468840455,7
14,1468840452,1468840459,7
1,1468840460,1468840468,8
1,1468840475,1468840524,49
4,1468840504,1468840506,2
4,1468840512,1468840515,3
4,1468840516,1468840520,4
4,1468840525,1468840547,22
1,1468840528,1468840547,19
4,1468840550,1468840624,74
1,1468840559,1468840574,15
1,1468840578,1468840591,13
1,1468840601,1468840604,3
1,1468840622,1468840624,2
1,1468840627,1468840636,9
4,1468840634,1468840637,3
4,1468840638,1468840643,5
4,1468840643,1468840645,2
4,1468840645,1468840647,2
4,1468840647,1468840652,5
10,1468840648,1468840649,1
1,1468840649,1468840651,2
4,1468840655,1468840657,2
4,1468840658,1468840669,11
1,1468840663,1468840668,5
4,1468840669,1468840671,2
4,1468840671,1468840676,5
1,1468840680,1468840688,8
14,1468840687,1468840696,9
1,1468840692,1468840706,14
4,1468840707,1468840709,2
4,1468840709,1468840711,2
4,1468840711,1468840714,3
4,1468840715,1468840785,70
1,1468840729,1468840738,9
14,1468840736,1468840743,7
1,1468840744,1468840751,7
1,1468840760,1468840762,2
1,1468840770,1468840789,19
4,1468840785,1468840790,5
4,1468840790,1468840793,3
4,1468840793,1468840795,2
1,1468840794,1468840825,31
4,1468840800,1468840802,2
4,1468840812,1468840818,6
4,1468840818,1468840823,5
4,1468840823,1468840881,58
1,1468840843,1468840894,51
4,1468840895,1468840902,7
1,1468840899,1468840901,2
4,1468840902,1468840905,3
4,1468840905,1468840914,9
1,1468840906,1468840907,1
1,1468840911,1468840913,2
4,1468840915,1468840922,7
1,1468840919,1468840922,3
4,1468840923,1468840938,15
1,1468840928,1468840936,8
4,1468840938,1468840944,6
1,1468840941,1468840953,12
4,1468840947,1468840955,8
4,1468840955,1468840966,11
1,1468840958,1468840964,6
4,1468840967,1468840971,4
10,1468840967,1468840969,2
1,1468840968,1468840975,7
4,1468840976,1468840979,3
4,1468840979,1468840984,5
10,1468840979,1468840983,4
4,1468840985,1468840987,2
4,1468840987,1468840991,4
10,1468840988,1468840989,1
1,1468840992,1468841012,20
10,1468841004,1468841006,2
4,1468841006,1468841011,5
4,1468841011,1468841052,41
1,1468841039,1468841054,15
1,1468841067,1468841070,3
4,1468841071,1468841081,10
1,1468841076,1468841080,4
4,1468841082,1468841084,2
4,1468841084,1468841087,3
4,1468841087,1468841094,7
1,1468841088,1468841096,8
4,1468841094,1468841097,3
4,1468841097,1468841110,13
1,1468841101,1468841103,2
4,1468841110,1468841112,2
4,1468841113,1468841146,33
1,1468841116,1468841162,46
4,1468841146,1468841150,4
4,1468841163,1468841173,10
1,1468841167,1468841179,12
1,1468841182,1468841184,2
4,1468841185,1468841225,40
1,1468841192,1468841201,9
14,1468841201,1468841211,10
1,1468841214,1468841228,14
4,1468841225,1468841229,4
4,1468841229,1468841232,3
1,1468841233,1468841246,13
1,1468841313,1468841320,7
4,1468841320,1468841323,3
10,1468841321,1468841323,2
4,1468841323,1468841325,2
10,1468841323,1468841324,1
4,1468841326,1468841329,3
10,1468841327,1468841329,2
4,1468841330,1468841362,32
1,1468841334,1468841337,3
1,1468841345,1468841357,12
4,1468841362,1468841371,9
1,1468841366,1468841371,5
4,1468841371,1468841373,2
4,1468841374,1468841380,6
1,1468841376,1468841392,16
14,1468841391,1468841400,9
1,1468841404,1468841415,11
1,1468841419,1468841437,18
4,1468841421,1468841431,10
4,1468841432,1468841435,3
4,1468841438,1468841442,4
10,1468841438,1468841441,3
4,1468841442,1468841447,5
1,1468841445,1468841503,58
4,1468841452,1468841454,2
4,1468841464,1468841469,5
4,1468841472,1468841476,4
4,1468841480,1468841484,4
4,1468841484,1468841487,3
4,1468841487,1468841491,4
4,1468841491,1468841494,3
1,1468841509,1468841518,9
4,1468841519,1468841521,2
4,1468841521,1468841524,3
10,1468841522,1468841523,1
1,1468841528,1468841533,5
1,1468841540,1468841541,1
1,1468841549,1468841551,2
1,1468841561,1468841563,2
1,1468841568,1468841592,24
4,1468841585,1468841589,4
8,1468841592,1468841595,3
4,1468841592,1468841594,2
4,1468841594,1468841597,3
1,1468841603,1468841605,2
1,1468841636,1468841644,8
14,1468841642,1468841650,8
1,1468841651,1468841661,10
1,1468841666,1468841671,5
1,1468841681,1468841700,19
1,1468841706,1468841709,3
4,1468841715,1468841717,2
1,1468841716,1468841729,13
4,1468841721,1468841729,8
4,1468841729,1468841734,5
1,1468841732,1468841733,1
4,1468841734,1468841738,4
10,1468841735,1468841736,1
4,1468841738,1468841742,4
10,1468841741,1468841742,1
4,1468841743,1468841783,40
1,1468841747,1468841752,5
1,1468841764,1468841770,6
1,1468841775,1468841781,6
4,1468841783,1468841785,2
4,1468841786,1468841788,2
1,1468841788,1468841794,6
4,1468841795,1468841797,2
4,1468841798,1468841825,27
1,1468841803,1468841808,5
1,1468841819,1468841824,5
4,1468841825,1468841831,6
10,1468841825,1468841827,2
4,1468841831,1468841837,6
4,1468841837,1468841840,3
1,1468841838,1468841842,4
4,1468841840,1468841842,2
4,1468841842,1468841850,8
1,1468841845,1468841860,15
4,1468841850,1468841853,3
4,1468841853,1468841857,4
4,1468841857,1468841861,4
4,1468841861,1468841863,2
4,1468841863,1468841869,6
4,1468841870,1468841879,9
4,1468841880,1468841882,2
4,1468841883,1468841889,6
1,1468841887,1468841889,2
4,1468841890,1468841896,6
4,1468841897,1468841899,2
4,1468841899,1468841902,3
1,1468841904,1468841907,3
4,1468841909,1468841913,4
1,1468841915,1468841919,4
4,1468841920,1468841923,3
4,1468841923,1468841930,7
1,1468841926,1468841929,3
4,1468841930,1468841932,2
4,1468841932,1468841935,3
10,1468841933,1468841935,2
4,1468841936,1468841938,2
4,1468841938,1468841947,9
1,1468841943,1468841964,21
4,1468841949,1468841953,4
4,1468841956,1468841958,2
1,1468841970,1468841974,4
14,1468841974,1468841986,12
1,1468841993,1468842003,10
1,1468842015,1468842025,10
4,1468842025,1468842028,3
10,1468842027,1468842028,1
4,1468842028,1468842030,2
4,1468842033,1468842046,13
1,1468842034,1468842040,6
4,1468842046,1468842085,39
1,1468842047,1468842049,2
1,1468842059,1468842063,4
1,1468842073,1468842078,5
1,1468842082,1468842099,17
4,1468842085,1468842126,41
14,1468842099,1468842109,10
1,1468842111,1468842115,4
1,1468842120,1468842123,3
10,1468842125,1468842126,1
4,1468842126,1468842142,16
1,1468842129,1468842130,1
1,1468842137,1468842140,3
1,1468842147,1468842153,6
4,1468842152,1468842154,2
4,1468842155,1468842157,2
4,1468842157,1468842162,5
1,1468842159,1468842161,2
4,1468842162,1468842165,3
4,1468842165,1468842168,3
1,1468842168,1468842171,3
1,1468842179,1468842187,8
4,1468842188,1468842192,4
10,1468842189,1468842192,3
4,1468842192,1468842200,8
10,1468842194,1468842196,2
1,1468842194,1468842196,2
4,1468842200,1468842202,2
4,1468842203,1468842205,2
4,1468842205,1468842215,10
10,1468842205,1468842206,1
1,1468842207,1468842209,2
4,1468842215,1468842217,2
4,1468842218,1468842221,3
4,1468842221,1468842224,3
4,1468842224,1468842229,5
10,1468842226,1468842227,1
4,1468842229,1468842231,2
10,1468842230,1468842231,1
4,1468842232,1468842236,4
10,1468842232,1468842233,1
10,1468842236,1468842237,1
4,1468842237,1468842242,5
10,1468842238,1468842239,1
4,1468842242,1468842246,4
1,1468842243,1468842245,2
4,1468842246,1468842248,2
4,1468842248,1468842250,2
4,1468842250,1468842253,3
4,1468842253,1468842256,3
4,1468842256,1468842264,8
4,1468842264,1468842268,4
1,1468842265,1468842272,7
4,1468842268,1468842273,5
10,1468842269,1468842271,2
4,1468842273,1468842277,4
4,1468842277,1468842283,6
1,1468842278,1468842282,4
4,1468842283,1468842336,53
1,1468842293,1468842296,3
14,1468842296,1468842304,8
1,1468842311,1468842321,10
1,1468842330,1468842332,2
4,1468842336,1468842339,3
10,1468842338,1468842339,1
4,1468842339,1468842343,4
1,1468842341,1468842342,1
4,1468842343,1468842352,9
10,1468842344,1468842345,1
1,1468842347,1468842354,7
4,1468842352,1468842501,149
1,1468842492,1468842505,13
4,1468842501,1468842507,6
4,1468842507,1468842511,4
10,1468842509,1468842510,1
1,1468842509,1468842514,5
4,1468842515,1468842517,2
1,1468842518,1468842520,2
4,1468842521,1468842523,2
4,1468842524,1468842526,2
1,1468842529,1468842530,1
1,1468842535,1468842543,8
10,1468842543,1468842548,5
1,1468842547,1468842549,2
1,1468842557,1468842562,5
4,1468842565,1468842578,13
1,1468842575,1468842619,44
4,1468842580,1468842592,12
4,1468842592,1468842595,3
4,1468842596,1468842598,2
4,1468842598,1468842603,5
4,1468842606,1468842609,3
4,1468842611,1468842616,5
4,1468842616,1468842620,4
4,1468842623,1468842652,29
1,1468842623,1468842626,3
14,1468842625,1468842633,8
1,1468842639,1468842642,3
1,1468842646,1468842650,4
4,1468842654,1468842656,2
4,1468842656,1468842658,2
4,1468842659,1468842683,24
1,1468842672,1468842673,1
1,1468842678,1468842684,6
4,1468842683,1468842694,11
1,1468842692,1468842694,2
4,1468842694,1468842702,8
1,1468842697,1468842710,13
4,1468842702,1468842709,7
1,1468842737,1468842743,6
4,1468842742,1468842839,97
1,1468842813,1468842815,2
1,1468842835,1468842841,6
4,1468842839,1468842841,2
4,1468842841,1468842844,3
4,1468842844,1468842846,2
4,1468842847,1468842849,2
4,1468842849,1468842853,4
4,1468842853,1468842857,4
4,1468842857,1468842861,4
10,1468842859,1468842861,2
4,1468842861,1468842864,3
4,1468842864,1468842871,7
10,1468842864,1468842870,6
4,1468842872,1468842874,2
10,1468842872,1468842874,2
4,1468842874,1468842879,5
10,1468842875,1468842879,4
4,1468842879,1468842881,2
4,1468842882,1468842886,4
10,1468842882,1468842884,2
1,1468842883,1468842892,9
4,1468842890,1468842892,2
4,1468842892,1468842899,7
4,1468842899,1468842903,4
1,1468842904,1468842905,1
1,1468842913,1468842916,3
14,1468842915,1468842923,8
1,1468842922,1468842925,3
1,1468842928,1468842940,12
4,1468842933,1468842941,8
10,1468842934,1468842937,3
4,1468842941,1468842943,2
4,1468842943,1468842948,5
10,1468842945,1468842948,3
4,1468842950,1468842952,2
4,1468842953,1468842955,2
10,1468842956,1468842960,4
4,1468842960,1468842965,5
4,1468842965,1468842969,4
10,1468842967,1468842969,2
1,1468842974,1468842978,4
14,1468842978,1468842987,9
1,1468842988,1468842992,4
1,1468842996,1468843021,25
4,1468843003,1468843010,7
4,1468843013,1468843016,3
4,1468843018,1468843022,4
4,1468843023,1468843026,3
1,1468843027,1468843033,6
4,1468843030,1468843034,4
1,1468843037,1468843047,10
14,1468843046,1468843053,7
1,1468843066,1468843068,2
1,1468843073,1468843110,37
4,1468843079,1468843086,7
4,1468843088,1468843094,6
4,1468843095,1468843097,2
4,1468843102,1468843106,4
4,1468843111,1468843138,27
1,1468843114,1468843115,1
1,1468843136,1468843142,6
4,1468843138,1468843181,43
14,1468843142,1468843149,7
1,1468843156,1468843169,13
1,1468843173,1468843174,1
1,1468843179,1468843186,7
1,1468843194,1468843208,14
1,1468843211,1468843235,24
4,1468843233,1468843261,28
1,1468843246,1468843262,16
4,1468843261,1468843263,2
4,1468843263,1468843279,16
1,1468843267,1468843289,22
4,1468843281,1468843284,3
4,1468843284,1468843289,5
4,1468843292,1468843296,4
1,1468843293,1468843295,2
4,1468843296,1468843300,4
1,1468843298,1468843311,13
4,1468843300,1468843305,5
1,1468843318,1468843331,13
1,1468843335,1468843338,3
4,1468843340,1468843347,7
10,1468843341,1468843347,6
4,1468843347,1468843384,37
1,1468843350,1468843363,13
5,1468843363,1468843373,10
1,1468843374,1468843386,12
4,1468843387,1468843389,2
4,1468843389,1468843391,2
4,1468843391,1468843393,2
4,1468843394,1468843397,3
4,1468843398,1468843400,2
10,1468843398,1468843400,2
4,1468843400,1468843402,2
4,1468843402,1468843415,13
1,1468843406,1468843418,12
4,1468843420,1468843426,6
1,1468843422,1468843441,19
4,1468843430,1468843434,4
10,1468843431,1468843432,1
4,1468843434,1468843438,4
4,1468843438,1468843442,4
4,1468843444,1468843450,6
1,1468843445,1468843450,5
4,1468843451,1468843454,3
4,1468843454,1468843456,2
10,1468843457,1468843458,1
4,1468843458,1468843467,9
1,1468843465,1468843473,8
4,1468843468,1468843522,54
1,1468843514,1468843530,16
4,1468843522,1468843526,4
4,1468843526,1468843531,5
10,1468843526,1468843529,3
4,1468843531,1468843536,5
1,1468843533,1468843537,4
4,1468843551,1468843554,3
1,1468843555,1468843557,2
1,1468843561,1468843563,2
1,1468843586,1468843594,8
4,1468843591,1468843594,3
8,1468843594,1468843596,2
4,1468843595,1468843598,3
1,1468843602,1468843607,5
14,1468843606,1468843612,6
1,1468843610,1468843619,9
4,1468843620,1468843622,2
4,1468843623,1468843657,34
1,1468843627,1468843632,5
1,1468843648,1468843655,7
1,1468843667,1468843672,5
4,1468843674,1468843678,4
10,1468843676,1468843677,1
4,1468843678,1468843713,35
1,1468843685,1468843686,1
1,1468843704,1468843714,10
1,1468843718,1468843741,23
4,1468843722,1468843726,4
4,1468843726,1468843732,6
4,1468843732,1468843742,10
4,1468843744,1468843784,40
1,1468843745,1468843754,9
14,1468843754,1468843761,7
1,1468843763,1468843788,25
4,1468843784,1468843787,3
4,1468843787,1468843810,23
1,1468843794,1468843818,24
4,1468843810,1468843813,3
4,1468843813,1468843855,42
1,1468843823,1468843846,23
1,1468843849,1468843853,4
1,1468843857,1468843865,8
1,1468843877,1468843878,1
1,1468843883,1468843887,4
14,1468843886,1468843894,8
1,1468843896,1468843910,14
1,1468843914,1468843919,5
1,1468843923,1468843936,13
5,1468843936,1468843941,5
1,1468843942,1468843955,13
4,1468843951,1468843957,6
4,1468843957,1468843960,3
4,1468843960,1468843962,2
4,1468843962,1468843964,2
10,1468843963,1468843964,1
4,1468843964,1468843966,2
4,1468843966,1468843972,6
4,1468843972,1468843976,4
4,1468843977,1468843980,3
4,1468843980,1468843992,12
4,1468843997,1468843999,2
4,1468843999,1468844001,2
10,1468844001,1468844004,3
4,1468844004,1468844006,2
4,1468844006,1468844008,2
10,1468844007,1468844008,1
4,1468844008,1468844011,3
4,1468844011,1468844033,22
10,1468844013,1468844025,12
4,1468844033,1468844038,5
1,1468844037,1468844042,5
4,1468844039,1468844043,4
4,1468844043,1468844045,2
4,1468844051,1468844054,3
4,1468844054,1468844058,4
4,1468844058,1468844063,5
4,1468844063,1468844066,3
4,1468844066,1468844069,3
10,1468844066,1468844068,2
4,1468844069,1468844078,9
1,1468844073,1468844077,4
4,1468844078,1468844155,77
10,1468844080,1468844116,36
1,1468844114,1468844131,17
1,1468844143,1468844145,2
1,1468844148,1468844149,1
4,1468844155,1468844157,2
4,1468844158,1468844163,5
4,1468844163,1468844165,2
4,1468844166,1468844173,7
1,1468844175,1468844201,26
4,1468844198,1468844202,4
4,1468844203,1468844205,2
10,1468844203,1468844204,1
4,1468844205,1468844209,4
4,1468844209,1468844214,5
10,1468844210,1468844212,2
10,1468844214,1468844216,2
4,1468844217,1468844220,3
4,1468844221,1468844225,4
4,1468844225,1468844230,5
10,1468844230,1468844233,3
10,1468844234,1468844235,1
4,1468844235,1468844237,2
4,1468844237,1468844393,156
10,1468844237,1468844268,31
1,1468844267,1468844295,28
1,1468844303,1468844307,4
1,1468844312,1468844334,22
1,1468844354,1468844367,13
1,1468844386,1468844390,4
4,1468844394,1468844398,4
1,1468844394,1468844397,3
4,1468844398,1468844488,90
1,1468844406,1468844408,2
1,1468844416,1468844418,2
1,1468844424,1468844433,9
1,1468844444,1468844450,6
1,1468844455,1468844483,28
1,1468844488,1468844490,2
1,1468844494,1468844510,16
4,1468844516,1468844519,3
1,1468844516,1468844517,1
4,1468844519,1468844522,3
10,1468844520,1468844522,2
4,1468844523,1468844556,33
4,1468844557,1468844574,17
1,1468844558,1468844573,15
1,1468844576,1468844587,11
4,1468844588,1468844592,4
4,1468844593,1468844595,2
4,1468844596,1468844598,2
4,1468844598,1468844600,2
4,1468844602,1468844604,2
4,1468844604,1468844606,2
4,1468844606,1468844610,4
4,1468844610,1468844613,3
4,1468844613,1468844615,2
4,1468844615,1468844617,2
4,1468844618,1468844620,2
4,1468844620,1468844622,2
4,1468844622,1468844628,6
4,1468844628,1468844631,3
4,1468844631,1468844636,5
1,1468844634,1468844636,2
4,1468844636,1468844638,2
4,1468844638,1468844641,3
1,1468844640,1468844650,10
1,1468844668,1468844678,10
10,1468844674,1468844677,3
4,1468844677,1468844680,3
4,1468844681,1468844683,2
10,1468844682,1468844683,1
4,1468844684,1468844686,2
4,1468844686,1468844688,2
4,1468844689,1468844691,2
4,1468844691,1468844695,4
4,1468844697,1468844700,3
10,1468844697,1468844699,2
4,1468844700,1468844703,3
10,1468844702,1468844703,1
4,1468844703,1468844705,2
4,1468844706,1468844708,2
4,1468844708,1468844711,3
4,1468844712,1468844715,3
4,1468844715,1468844728,13
1,1468844724,1468844726,2
4,1468844728,1468844730,2
4,1468844738,1468844746,8
4,1468844746,1468844751,5
1,1468844750,1468844751,1
4,1468844752,1468844756,4
4,1468844756,1468844758,2
1,1468844763,1468844765,2
1,1468844773,1468844774,1
4,1468844777,1468844782,5
1,1468844779,1468844789,10
4,1468844784,1468844788,4
1,1468844810,1468844813,3
1,1468844817,1468844819,2
4,1468844820,1468844827,7
10,1468844822,1468844823,1
1,1468844824,1468844827,3
4,1468844847,1468844850,3
4,1468844851,1468844854,3
4,1468844854,1468844856,2
4,1468844857,1468844859,2
10,1468844857,1468844859,2
4,1468844859,1468844861,2
4,1468844862,1468844864,2
4,1468844864,1468844866,2
10,1468844864,1468844866,2
4,1468844866,1468844869,3
10,1468844866,1468844867,1
10,1468844868,1468844869,1
4,1468844869,1468844873,4
10,1468844869,1468844873,4
4,1468844873,1468844876,3
4,1468844876,1468844881,5
1,1468844877,1468844890,13
4,1468844881,1468844886,5
4,1468844887,1468844897,10
1,1468844894,1468844899,5
4,1468844897,1468844899,2
4,1468844899,1468844902,3
4,1468844902,1468844910,8
10,1468844903,1468844905,2
1,1468844904,1468844909,5
4,1468844910,1468844916,6
1,1468844915,1468844926,11
4,1468844922,1468844926,4
4,1468844926,1468844932,6
1,1468844929,1468844932,3
4,1468844933,1468844936,3
1,1468844937,1468844938,1
4,1468844939,1468844943,4
4,1468844943,1468844954,11
1,1468844944,1468844958,14
4,1468844959,1468844961,2
4,1468844961,1468844968,7
1,1468844964,1468844967,3
4,1468844968,1468844973,5
4,1468844973,1468844976,3
1,1468844974,1468844983,9
4,1468844982,1468844984,2
4,1468844984,1468844986,2
4,1468844986,1468844988,2
4,1468844991,1468844994,3
1,1468844995,1468845019,24
4,1468845020,1468845024,4
10,1468845022,1468845024,2
4,1468845024,1468845028,4
4,1468845028,1468845034,6
1,1468845030,1468845033,3
4,1468845034,1468845036,2
4,1468845036,1468845038,2
4,1468845039,1468845058,19
1,1468845047,1468845064,17
4,1468845063,1468845066,3
4,1468845067,1468845075,8
1,1468845070,1468845074,4
1,1468845078,1468845124,46
4,1468845088,1468845092,4
4,1468845096,1468845102,6
4,1468845102,1468845108,6
4,1468845108,1468845132,24
1,1468845127,1468845143,16
4,1468845133,1468845136,3
4,1468845137,1468845144,7
4,1468845144,1468845194,50
1,1468845147,1468845158,11
1,1468845163,1468845168,5
1,1468845188,1468845205,17
4,1468845195,1468845198,3
4,1468845200,1468845203,3
4,1468845203,1468845256,53
1,1468845209,1468845214,5
14,1468845214,1468845221,7
1,1468845224,1468845239,15
1,1468845244,1468845255,11
4,1468845256,1468845259,3
10,1468845257,1468845259,2
4,1468845259,1468858037,12778
1,1468845264,1468845270,6
14,1468845268,1468845277,9
1,1468845280,1468845284,4
1,1468845287,1468845290,3
1,1468845298,1468845299,1
1,1468846444,1468846445,1
1,1468858006,1468858010,4
1,1468858016,1468858021,5
1,1468858033,1468858079,46
4,1468858051,1468858057,6
4,1468858057,1468858063,6
4,1468858077,1468858080,3
4,1468858081,1468858085,4
1,1468858083,1468858085,2
4,1468858085,1468858093,8
1,1468858088,1468858092,4
4,1468858093,1468858100,7
1,1468858096,1468858097,1
4,1468858100,1468858103,3
10,1468858100,1468858101,1
10,1468858101,1468858103,2
4,1468858103,1468858117,14
1,1468858113,1468858114,1
4,1468858121,1468858126,5
1,1468858124,1468858140,16
4,1468858126,1468858132,6
4,1468858135,1468858139,4
4,1468858141,1468858146,5
4,1468858146,1468858148,2
4,1468858148,1468858151,3
10,1468858149,1468858151,2
4,1468858152,1468858155,3
4,1468858155,1468858158,3
4,1468858158,1468858160,2
4,1468858160,1468858169,9
1,1468858164,1468858168,4
4,1468858169,1468858172,3
4,1468858172,1468858175,3
4,1468858175,1468858177,2
4,1468858177,1468858180,3
10,1468858178,1468858180,2
4,1468858181,1468858184,3
1,1468858183,1468858216,33
4,1468858185,1468858192,7
4,1468858192,1468858197,5
10,1468858193,1468858194,1
4,1468858197,1468858203,6
10,1468858197,1468858199,2
4,1468858203,1468858207,4
4,1468858210,1468858217,7
4,1468858217,1468858251,34
1,1468858222,1468858223,1
1,1468858229,1468858231,2
1,1468858238,1468858241,3
1,1468858244,1468858250,6
4,1468858251,1468858327,76
1,1468858274,1468858279,5
1,1468858289,1468858293,4
1,1468858310,1468858317,7
4,1468858327,1468858329,2
10,1468858328,1468858329,1
4,1468858330,1468858341,11
1,1468858332,1468858344,12
4,1468858341,1468858344,3
4,1468858344,1468858350,6
1,1468858347,1468858350,3
4,1468858352,1468858354,2
4,1468858354,1468858356,2
4,1468858356,1468858359,3
4,1468858359,1468858362,3
4,1468858362,1468858364,2
4,1468858366,1468858368,2
4,1468858368,1468858372,4
4,1468858372,1468858375,3
4,1468858375,1468858379,4
4,1468858379,1468858386,7
1,1468858381,1468858401,20
4,1468858387,1468858397,10
10,1468858387,1468858388,1
4,1468858398,1468858405,7
4,1468858406,1468858408,2
4,1468858408,1468858411,3
4,1468858411,1468858415,4
4,1468858417,1468858420,3
10,1468858418,1468858420,2
4,1468858421,1468858425,4
4,1468858425,1468858429,4
10,1468858427,1468858428,1
1,1468858427,1468858429,2
4,1468858429,1468858442,13
1,1468858432,1468858443,11
4,1468858444,1468858447,3
4,1468858447,1468858450,3
4,1468858450,1468858498,48
1,1468858460,1468858462,2
1,1468858470,1468858479,9
1,1468858483,1468858497,14
4,1468858498,1468858500,2
10,1468858499,1468858500,1
4,1468858500,1468858504,4
1,1468858501,1468858509,8
4,1468858510,1468858514,4
4,1468858514,1468858521,7
4,1468858521,1468858555,34
1,1468858538,1468858545,7
1,1468858550,1468858558,8
1,1468858573,1468858575,2
4,1468858576,1468858578,2
4,1468858578,1468858582,4
4,1468858583,1468858588,5
10,1468858584,1468858585,1
10,1468858589,1468858592,3
4,1468858592,1468858596,4
10,1468858594,1468858596,2
4,1468858596,1468858605,9
10,1468858598,1468858605,7
1,1468858606,1468858611,5
4,1468858612,1468858619,7
10,1468858612,1468858618,6
1,1468858614,1468858618,4
4,1468858619,1468858623,4
1,1468858622,1468858623,1
4,1468858623,1468858628,5
1,1468858626,1468858627,1
4,1468858628,1468858630,2
4,1468858631,1468858635,4
4,1468858635,1468858638,3
1,1468858635,1468858637,2
4,1468858638,1468858641,3
4,1468858642,1468858645,3
10,1468858644,1468858645,1
4,1468858645,1468858648,3
4,1468858649,1468858651,2
10,1468858649,1468858651,2
4,1468858652,1468858655,3
4,1468858662,1468858714,52
10,1468858665,1468858683,18
1,1468858666,1468858668,2
1,1468858672,1468858726,54
4,1468858714,1468858721,7
4,1468858721,1468858733,12
1,1468858730,1468858733,3
4,1468858734,1468858770,36
1,1468858736,1468858765,29
10,1468858755,1468858758,3
10,1468858759,1468858760,1
10,1468858761,1468858766,5
10,1468858768,1468858770,2
1,1468858768,1468858776,8
4,1468858776,1468858779,3
4,1468858780,1468858783,3
4,1468858783,1468858787,4
1,1468858785,1468858786,1
4,1468858787,1468858792,5
1,1468858790,1468858791,1
4,1468858792,1468858794,2
1,1468858936,1468858937,1
4,1468858938,1468858940,2
4,1468858940,1468858943,3
10,1468858941,1468858942,1
1,1468858944,1468858947,3
4,1468858953,1468858964,11
1,1468858954,1468858961,7
4,1468858967,1468858970,3
4,1468858970,1468858992,22
10,1468858972,1468858979,7
1,1468858979,1468858991,12
10,1468858981,1468858984,3
10,1468858985,1468858988,3
1,1468858996,1468858997,1
4,1468858998,1468859000,2
10,1468859000,1468859024,24
1,1468859001,1468859030,29
4,1468859027,1468859031,4
4,1468859032,1468859036,4
10,1468859034,1468859036,2
4,1468859036,1468859038,2
4,1468859039,1468859047,8
1,1468859043,1468859065,22
4,1468859049,1468859064,15
4,1468859064,1468859066,2
4,1468859067,1468859073,6
10,1468859068,1468859069,1
1,1468859069,1468859073,4
4,1468859074,1468859077,3
4,1468859077,1468859085,8
4,1468859085,1468859091,6
4,1468859092,1468859095,3
4,1468859095,1468859104,9
1,1468859098,1468859105,7
1,1468859108,1468859117,9
1,1468859120,1468859127,7
1,1468859132,1468859147,15
4,1468859136,1468859139,3
4,1468859142,1468859148,6
4,1468859148,1468859150,2
4,1468859153,1468859228,75
1,1468859157,1468859163,6
1,1468859170,1468859197,27
1,1468859208,1468859217,9
1,1468859220,1468859222,2
1,1468859225,1468859227,2
4,1468859228,1468859230,2
4,1468859230,1468859233,3
4,1468859233,1468859236,3
4,1468859236,1468859240,4
1,1468859238,1468859245,7
4,1468859250,1468859255,5
4,1468859256,1468859258,2
4,1468859258,1468859264,6
1,1468859261,1468859281,20
4,1468859264,1468859269,5
4,1468859273,1468859299,26
1,1468859285,1468859287,2
1,1468859295,1468859298,3
1,1468859319,1468859323,4
4,1468859324,1468859327,3
4,1468859327,1468860931,1604
1,1468859340,1468859343,3
14,1468859342,1468859353,11
1,1468860900,1468860938,38
14,1468860938,1468860945,7
1,1468861037,1468861045,8
1,1468861090,1468861100,10
4,1468861101,1468861193,92
1,1468861105,1468861108,3
14,1468861108,1468861114,6
1,1468861118,1468861123,5
1,1468861156,1468861159,3
1,1468861163,1468861195,32
4,1468861195,1468861197,2
4,1468861198,1468861203,5
10,1468861198,1468861199,1
1,1468861201,1468861211,10
4,1468861203,1468861207,4
4,1468861210,1468861213,3
4,1468861214,1468861221,7
1,1468861216,1468861219,3
4,1468861221,1468861224,3
10,1468861223,1468861224,1
4,1468861224,1468861228,4
4,1468861228,1468861230,2
4,1468861230,1468861233,3
4,1468861234,1468861236,2
4,1468861236,1468861240,4
4,1468861240,1468861243,3
4,1468861243,1468861277,34
1,1468861257,1468861265,8
1,1468861270,1468861295,25
4,1468861280,1468861286,6
4,1468861288,1468861290,2
4,1468861291,1468861296,5
1,1468861300,1468861302,2
1,1468861305,1468861319,14
4,1468861320,1468861322,2
4,1468861322,1468861327,5
1,1468861330,1468861339,9
4,1468861340,1468861353,13
10,1468861341,1468861353,12
1,1468861350,1468861351,1
4,1468861357,1468861361,4
1,1468861358,1468861366,8
4,1468861362,1468861365,3
4,1468861366,1468861413,47
1,1468861371,1468861375,4
1,1468861397,1468861429,32
4,1468861422,1468861428,6
1,1468861432,1468861447,15
4,1468861440,1468861448,8
4,1468861448,1468861490,42
1,1468861487,1468861520,33
4,1468861499,1468861504,5
4,1468861506,1468861512,6
10,1468861506,1468861509,3
4,1468861512,1468861520,8
4,1468861520,1468861523,3
4,1468861523,1468861527,4
4,1468861529,1468861533,4
4,1468861533,1468861538,5
1,1468861535,1468861557,22
4,1468861538,1468861543,5
10,1468861539,1468861540,1
4,1468861543,1468861546,3
4,1468861546,1468861549,3
10,1468861547,1468861548,1
4,1468861549,1468861568,19
10,1468861549,1468861554,5
1,1468861564,1468861567,3
4,1468861570,1468861573,3
1,1468861574,1468861583,9
4,1468861579,1468861584,5
4,1468861584,1468861586,2
4,1468861586,1468861595,9
1,1468861590,1468861599,9
4,1468861595,1468861600,5
4,1468861600,1468861607,7
1,1468861605,1468861615,10
10,1468861607,1468861608,1
4,1468861611,1468861614,3
1,1468861619,1468861621,2
4,1468861622,1468861627,5
1,1468861626,1468861637,11
4,1468861627,1468861634,7
4,1468861641,1468861647,6
4,1468861647,1468861649,2
4,1468861649,1468861652,3
4,1468861652,1468861654,2
4,1468861654,1468861657,3
1,1468861662,1468861666,4
4,1468861667,1468861721,54
1,1468861670,1468861683,13
14,1468861683,1468861692,9
1,1468861694,1468861695,1
1,1468861701,1468861724,23
14,1468861709,1468861712,3
4,1468861724,1468861765,41
10,1468861724,1468861734,10
1,1468861734,1468861742,8
1,1468861751,1468861764,13
4,1468861766,1468861768,2
4,1468861768,1468861771,3
4,1468861771,1468861777,6
1,1468861771,1468861781,10
4,1468861780,1468861782,2
4,1468861783,1468861787,4
1,1468861784,1468861785,1
4,1468861787,1468861789,2
4,1468861789,1468861791,2
4,1468861792,1468861827,35
1,1468861796,1468861817,21
1,1468861823,1468861853,30
4,1468861829,1468861834,5
4,1468861837,1468861841,4
4,1468861842,1468861845,3
4,1468861853,1468861855,2
4,1468861855,1468861861,6
1,1468861857,1468861868,11
1,1468861875,1468861877,2
1,1468861884,1468861887,3
4,1468861888,1468861903,15
1,1468861890,1468861901,11
4,1468861903,1468861918,15
1,1468861908,1468861910,2
1,1468861914,1468861918,4
4,1468861918,1468861929,11
1,1468861927,1468861928,1
1,1468861932,1468861933,1
1,1468861944,1468861952,8
4,1468861949,1468862066,117
1,1468861982,1468861998,16
14,1468861991,1468862000,9
1,1468862002,1468862005,3
14,1468862004,1468862007,3
1,1468862008,1468862012,4
14,1468862012,1468862015,3
1,1468862019,1468862025,6
14,1468862024,1468862027,3
1,1468862036,1468862068,32
4,1468862068,1468862071,3
4,1468862071,1468862074,3
4,1468862074,1468862079,5
1,1468862075,1468862087,12
4,1468862086,1468862090,4
1,1468862091,1468862094,3
4,1468862094,1468862097,3
10,1468862095,1468862097,2
4,1468862098,1468862102,4
4,1468862102,1468862104,2
4,1468862104,1468862107,3
4,1468862107,1468862110,3
4,1468862110,1468862121,11
4,1468862121,1468862124,3
4,1468862124,1468862153,29
1,1468862129,1468862131,2
1,1468862136,1468862167,31
4,1468862156,1468862160,4
4,1468862161,1468862167,6
10,1468862168,1468862169,1
4,1468862169,1468862220,51
10,1468862169,1468862171,2
1,1468862173,1468862175,2
1,1468862182,1468862185,3
1,1468862195,1468862204,9
1,1468862208,1468862211,3
1,1468862216,1468862219,3
4,1468862220,1468862225,5
10,1468862222,1468862224,2
1,1468862226,1468862238,12
4,1468862239,1468862247,8
10,1468862240,1468862241,1
1,1468862242,1468862246,4
4,1468862248,1468862297,49
1,1468862251,1468862255,4
1,1468862265,1468862290,25
1,1468862293,1468862297,4
4,1468862297,1468862300,3
4,1468862300,1468862307,7
10,1468862301,1468862303,2
1,1468862301,1468862314,13
4,1468862313,1468862335,22
1,1468862318,1468862343,25
4,1468862335,1468862344,9
4,1468862344,1468862363,19
1,1468862360,1468862362,2
4,1468862363,1468862376,13
1,1468862368,1468862390,22
4,1468862377,1468862379,2
4,1468862382,1468862431,49
1,1468862404,1468862426,22
1,1468862429,1468862446,17
4,1468862432,1468862444,12
10,1468862432,1468862433,1
4,1468862446,1468862451,5
4,1468862453,1468862519,66
1,1468862458,1468862474,16
1,1468862478,1468862486,8
1,1468862492,1468862504,12
1,1468862508,1468862516,8
4,1468862519,1468862529,10
1,1468862520,1468862521,1
1,1468862525,1468862528,3
4,1468862529,1468862537,8
1,1468862532,1468862579,47
4,1468862538,1468862547,9
4,1468862547,1468862551,4
4,1468862551,1468862560,9
4,1468862562,1468862570,8
4,1468862570,1468862575,5
4,1468862575,1468862593,18
1,1468862583,1468862592,9
4,1468862593,1468862595,2
4,1468862595,1468862613,18
10,1468862595,1468862601,6
1,1468862596,1468862603,7
1,1468862608,1468862609,1
4,1468862613,1468862617,4
4,1468862617,1468862640,23
1,1468862626,1468862630,4
1,1468862637,1468862638,1
4,1468862641,1468862644,3
4,1468862646,1468862665,19
1,1468862647,1468862650,3
1,1468862654,1468862666,12
4,1468862665,1468862667,2
4,1468862667,1468862699,32
1,1468862694,1468862698,4
4,1468862700,1468862708,8
10,1468862701,1468862704,3
1,1468862702,1468862705,3
4,1468862708,1468862710,2
10,1468862708,1468862710,2
4,1468862712,1468862714,2
4,1468862714,1468862718,4
10,1468862714,1468862715,1
4,1468862719,1468862722,3
10,1468862720,1468862722,2
4,1468862724,1468862728,4
10,1468862726,1468862728,2
4,1468862729,1468862732,3
4,1468862733,1468862735,2
4,1468862735,1468862746,11
10,1468862736,1468862746,10
4,1468862747,1468862755,8
10,1468862749,1468862755,6
4,1468862756,1468862758,2
4,1468862759,1468862802,43
1,1468862760,1468862772,12
1,1468862778,1468862845,67
4,1468862835,1468862845,10
1,1468862850,1468862863,13
4,1468862855,1468862858,3
4,1468862860,1468862864,4
4,1468862866,1468862869,3
1,1468862882,1468862884,2
4,1468862886,1468862889,3
4,1468862889,1468862892,3
4,1468862892,1468862896,4
10,1468862894,1468862896,2
4,1468862897,1468862899,2
10,1468862900,1468862902,2
4,1468862902,1468862905,3
4,1468862905,1468862911,6
4,1468862911,1468862916,5
1,1468862912,1468862916,4
4,1468862917,1468862923,6
1,1468862920,1468862928,8
4,1468862928,1468862972,44
1,1468862933,1468862948,15
1,1468862954,1468862964,10
1,1468862968,1468862996,28
4,1468862981,1468862997,16
1,1468863000,1468863007,7
4,1468863008,1468863034,26
1,1468863012,1468863048,36
4,1468863040,1468863066,26
1,1468863054,1468863065,11
1,1468863069,1468863079,10
4,1468863078,1468863088,10
1,1468863083,1468863087,4
4,1468863088,1468863090,2
4,1468863090,1468863093,3
10,1468863090,1468863093,3
4,1468863093,1468863097,4
4,1468863097,1468863130,33
1,1468863105,1468863116,11
1,1468863122,1468863129,7
1,1468863132,1468863176,44
4,1468863141,1468863145,4
4,1468863145,1468863148,3
4,1468863148,1468863160,12
4,1468863160,1468863162,2
4,1468863163,1468863167,4
4,1468863167,1468863244,77
1,1468863183,1468863191,8
1,1468863195,1468863198,3
1,1468863239,1468863251,12
4,1468863244,1468863247,3
4,1468863247,1468863355,108
14,1468863251,1468863259,8
1,1468863267,1468863269,2
14,1468863269,1468863272,3
1,1468863274,1468863316,42
14,1468863295,1468863299,4
14,1468863315,1468863318,3
1,1468863320,1468863354,34
4,1468863356,1468863419,63
1,1468863359,1468863364,5
14,1468863362,1468863369,7
1,1468863369,1468863385,16
1,1468863388,1468863391,3
1,1468863413,1468863424,11
4,1468863419,1468863424,5
4,1468863425,1468863433,8
1,1468863427,1468863432,5
4,1468863433,1468863435,2
4,1468863435,1468863438,3
4,1468863439,1468863441,2
4,1468863441,1468863443,2
4,1468863446,1468863450,4
1,1468863447,1468863449,2
4,1468863450,1468863452,2
4,1468863453,1468863457,4
1,1468863455,1468863456,1
4,1468863457,1468863460,3
4,1468863460,1468863463,3
4,1468863464,1468863513,49
1,1468863475,1468863478,3
1,1468863510,1468863513,3
1,1468863520,1468863522,2
4,1468863523,1468863525,2
4,1468863525,1468863528,3
4,1468863528,1468863551,23
10,1468863528,1468863541,13
1,1468863531,1468863559,28
4,1468863551,1468863554,3
4,1468863554,1468863560,6
4,1468863560,1468863563,3
4,1468863563,1468863567,4
10,1468863564,1468863565,1
1,1468863566,1468863569,3
4,1468863569,1468863571,2
4,1468863571,1468863574,3
4,1468863575,1468863578,3
1,1468863577,1468863587,10
4,1468863578,1468863587,9
4,1468863589,1468863598,9
4,1468863598,1468863601,3
4,1468863601,1468863605,4
1,1468863604,1468863607,3
4,1468863605,1468863608,3
4,1468863608,1468863610,2
10,1468863609,1468863610,1
1,1468863614,1468863627,13
4,1468863617,1468863625,8
4,1468863625,1468863627,2
4,1468863627,1468863636,9
4,1468863636,1468863639,3
4,1468863641,1468863643,2
4,1468863644,1468863646,2
4,1468863647,1468863655,8
1,1468863648,1468863652,4
4,1468863656,1468863659,3
4,1468863659,1468863661,2
4,1468863662,1468863664,2
4,1468863664,1468863669,5
10,1468863666,1468863667,1
4,1468863669,1468863672,3
4,1468863672,1468863674,2
4,1468863675,1468863680,5
1,1468863683,1468863697,14
4,1468863686,1468863691,5
4,1468863695,1468863700,5
4,1468863700,1468863712,12
1,1468863709,1468863712,3
4,1468863712,1468863716,4
4,1468863716,1468863722,6
4,1468863722,1468863724,2
1,1468863723,1468863724,1
4,1468863724,1468863732,8
1,1468863729,1468863731,2
4,1468863732,1468863737,5
1,1468863735,1468863771,36
4,1468863741,1468863745,4
4,1468863746,1468863749,3
10,1468863747,1468863748,1
4,1468863752,1468863755,3
4,1468863755,1468863759,4
4,1468863762,1468863767,5
4,1468863767,1468863769,2
4,1468863771,1468863779,8
1,1468863776,1468863799,23
4,1468863780,1468863785,5
4,1468863787,1468863790,3
4,1468863793,1468863808,15
1,1468863804,1468863818,14
1,1468863823,1468863840,17
4,1468863831,1468863834,3
10,1468863832,1468863834,2
10,1468863835,1468863839,4
4,1468863844,1468863851,7
1,1468863846,1468863850,4
1,1468863854,1468863855,1
4,1468863857,1468863877,20
1,1468863868,1468863889,21
4,1468863878,1468863881,3
10,1468863878,1468863881,3
4,1468863889,1468863893,4
10,1468863891,1468863893,2
4,1468863893,1468863897,4
4,1468863897,1468863901,4
1,1468863897,1468863901,4
1,1468863911,1468863913,2
4,1468863914,1468863923,9
1,1468863917,1468863951,34
4,1468863935,1468863937,2
1,1468863954,1468863958,4
4,1468863961,1468863963,2
10,1468863962,1468863963,1
4,1468863965,1468863972,7
1,1468863967,1468863972,5
4,1468863973,1468863977,4
10,1468863975,1468863977,2
4,1468863977,1468863979,2
4,1468863980,1468863987,7
1,1468863981,1468863992,11
4,1468863993,1468863999,6
10,1468863996,1468863999,3
4,1468863999,1468864002,3
4,1468864002,1468864008,6
1,1468864004,1468864006,2
10,1468864006,1468864008,2
4,1468864008,1468864010,2
4,1468864011,1468864036,25
1,1468864026,1468864035,9
4,1468864036,1468864039,3
10,1468864037,1468864039,2
4,1468864039,1468864045,6
1,1468864041,1468864043,2
1,1468864047,1468864051,4
4,1468864054,1468864076,22
1,1468864055,1468864059,4
1,1468864063,1468864072,9
1,1468864076,1468864080,4
1,1468864086,1468864127,41
4,1468864122,1468864125,3
10,1468864123,1468864125,2
4,1468864128,1468864135,7
10,1468864130,1468864131,1
1,1468864132,1468864135,3
10,1468864136,1468864137,1
4,1468864138,1468864140,2
10,1468864138,1468864140,2
10,1468864140,1468864142,2
4,1468864145,1468864148,3
10,1468864146,1468864148,2
4,1468864148,1468864150,2
4,1468864150,1468864153,3
1,1468864151,1468864152,1
10,1468864155,1468864157,2
4,1468864157,1468864160,3
1,1468864158,1468864162,4
4,1468864163,1468864168,5
1,1468864169,1468864180,11
1,1468864187,1468864201,14
4,1468864198,1468864202,4
10,1468864199,1468864200,1
4,1468864202,1468864211,9
10,1468864203,1468864204,1
1,1468864205,1468864213,8
4,1468864215,1468864221,6
10,1468864216,1468864217,1
1,1468864217,1468864222,5
4,1468864222,1468864225,3
10,1468864223,1468864224,1
10,1468864226,1468864227,1
4,1468864227,1468864233,6
1,1468864228,1468864243,15
4,1468864245,1468864289,44
10,1468864245,1468864246,1
1,1468864248,1468864261,13
1,1468864279,1468864292,13
4,1468864289,1468864293,4
4,1468864293,1468864305,12
10,1468864297,1468864300,3
1,1468864297,1468864313,16
4,1468864305,1468864321,16
10,1468864308,1468864310,2
1,1468864316,1468864324,8
4,1468864325,1468864329,4
10,1468864328,1468864329,1
1,1468864331,1468864342,11
4,1468864342,1468864347,5
4,1468864347,1468864350,3
1,1468864347,1468864362,15
4,1468864350,1468864356,6
10,1468864352,1468864353,1
1,1468864369,1468864382,13
4,1468864377,1468864382,5
10,1468864378,1468864381,3
4,1468864383,1468864385,2
10,1468864384,1468864385,1
4,1468864385,1468864393,8
1,1468864386,1468864391,5
10,1468864391,1468864393,2
4,1468864393,1468864406,13
1,1468864394,1468864406,12
10,1468864407,1468864408,1
4,1468864408,1468864410,2
1,1468864409,1468864413,4
4,1468864411,1468864414,3
4,1468864414,1468864416,2
4,1468864416,1468864421,5
4,1468864426,1468864454,28
1,1468864428,1468864438,10
1,1468864444,1468864454,10
4,1468864455,1468918359,53904
1,1468864457,1468864471,14
10,1468864458,1468864460,2
1,1468864480,1468864482,2
1,1468865183,1468865185,2
1,1468918337,1468918359,22
4,1468918360,1468918398,38
10,1468918362,1468918364,2
1,1468918364,1468918368,4
1,1468918377,1468918386,9
1,1468918389,1468918398,9
4,1468918400,1468918405,5
1,1468918403,1468918404,1
4,1468918405,1468918411,6
1,1468918410,1468918417,7
1,1468918465,1468918491,26
1,1468918505,1468918514,9
1,1468918517,1468918522,5
4,1468918523,1468918526,3
4,1468918526,1468918528,2
4,1468918528,1468918531,3
4,1468918531,1468918533,2
4,1468918534,1468918536,2
4,1468918537,1468918539,2
4,1468918541,1468918543,2
4,1468918544,1468918681,137
1,1468918562,1468918570,8
1,1468918594,1468918605,11
1,1468918614,1468918631,17
1,1468918644,1468918656,12
1,1468918664,1468918665,1
1,1468918674,1468918686,12
4,1468918681,1468918686,5
4,1468918687,1468918690,3
10,1468918691,1468918697,6
1,1468918692,1468918706,14
4,1468918708,1468918710,2
4,1468918712,1468918714,2
4,1468918714,1468918718,4
1,1468918728,1468918733,5
4,1468918731,1468918734,3
10,1468918732,1468918733,1
4,1468918737,1468918750,13
1,1468918738,1468918749,11
4,1468918750,1468918752,2
4,1468918753,1468918764,11
10,1468918754,1468918755,1
1,1468918754,1468918762,8
4,1468918766,1468918769,3
4,1468918769,1468918772,3
1,1468918776,1468918777,1
1,1468918815,1468918817,2
4,1468918817,1468918831,14
10,1468918819,1468918830,11
1,1468918820,1468918821,1
1,1468918829,1468918836,7
4,1468918831,1468918843,12
1,1468918841,1468918842,1
4,1468918843,1468918845,2
4,1468918845,1468918847,2
4,1468918848,1468918851,3
10,1468918849,1468918851,2
4,1468918851,1468918854,3
4,1468918854,1468918858,4
4,1468918858,1468918861,3
4,1468918862,1468918867,5
1,1468918865,1468918867,2
4,1468918868,1468918870,2
4,1468918870,1468918873,3
1,1468918881,1468918885,4
1,1468918888,1468918894,6
4,1468918891,1468918896,5
10,1468918897,1468918899,2
1,1468918897,1468918899,2
4,1468918900,1468918906,6
4,1468918906,1468918914,8
1,1468918910,1468918912,2
4,1468918915,1468918918,3
4,1468918918,1468918931,13
10,1468918920,1468918921,1
1,1468918928,1468918940,12
4,1468918934,1468918940,6
4,1468918941,1468918949,8
10,1468918943,1468918948,5
1,1468918943,1468918948,5
4,1468918949,1468918957,8
1,1468918953,1468918956,3
4,1468918957,1468918962,5
4,1468918962,1468918965,3
1,1468918966,1468918970,4
1,1468918979,1468918983,4
1,1468918986,1468918989,3
1,1468918993,1468918998,5
4,1468918995,1468919031,36
1,1468919027,1468919030,3
4,1468919032,1468919034,2
4,1468919034,1468919038,4
1,1468919039,1468919042,3
4,1468919042,1468919047,5
4,1468919048,1468919061,13
1,1468919050,1468919060,10
4,1468919061,1468919064,3
10,1468919063,1468919064,1
4,1468919064,1468919066,2
4,1468919067,1468919070,3
1,1468919068,1468919069,1
4,1468919070,1468919093,23
1,1468919077,1468919082,5
1,1468919088,1468919091,3
4,1468919093,1468919098,5
1,1468919095,1468919100,5
4,1468919098,1468919111,13
1,1468919107,1468919110,3
4,1468919115,1468919140,25
1,1468919123,1468919127,4
1,1468919132,1468919145,13
4,1468919140,1468919147,7
4,1468919147,1468919149,2
4,1468919149,1468919158,9
1,1468919154,1468919160,6
4,1468919160,1468919163,3
4,1468919165,1468919169,4
4,1468919169,1468919175,6
1,1468919172,1468919174,2
4,1468919176,1468919179,3
10,1468919176,1468919178,2
1,1468919180,1468919243,63
4,1468919185,1468919188,3
4,1468919188,1468919196,8
10,1468919189,1468919190,1
4,1468919196,1468919202,6
4,1468919202,1468919204,2
4,1468919205,1468919211,6
4,1468919211,1468919215,4
4,1468919218,1468919222,4
4,1468919222,1468919225,3
4,1468919238,1468919242,4
4,1468919242,1468919244,2
4,1468919244,1468919246,2
4,1468919246,1468919248,2
4,1468919249,1468919257,8
10,1468919250,1468919252,2
1,1468919251,1468919253,2
1,1468919257,1468919262,5
4,1468919263,1468919269,6
1,1468919265,1468919271,6
4,1468919270,1468919279,9
1,1468919276,1468919278,2
4,1468919279,1468919286,7
1,1468919282,1468919287,5
4,1468919289,1468919293,4
1,1468919291,1468919303,12
4,1468919296,1468919300,4
4,1468919304,1468919306,2
4,1468919306,1468919308,2
4,1468919308,1468919314,6
1,1468919310,1468919314,4
4,1468919314,1468919320,6
4,1468919320,1468919326,6
1,1468919321,1468919323,2
4,1468919327,1468919329,2
4,1468919329,1468919331,2
4,1468919333,1468919335,2
10,1468919336,1468919337,1
4,1468919337,1468919341,4
4,1468919343,1468919347,4
4,1468919347,1468919387,40
1,1468919350,1468919354,4
1,1468919362,1468919384,22
1,1468919391,1468919393,2
1,1468919404,1468919423,19
1,1468919432,1468919439,7
4,1468919437,1468919440,3
4,1468919443,1468919476,33
1,1468919445,1468919448,3
1,1468919454,1468919459,5
1,1468919463,1468919489,26
14,1468919487,1468919497,10
1,1468919500,1468919513,13
4,1468919512,1468919535,23
1,1468919516,1468919520,4
14,1468919520,1468919528,8
1,1468919532,1468919533,1
4,1468919536,1468919539,3
4,1468919539,1468919541,2
4,1468919541,1468919544,3
4,1468919546,1468919550,4
4,1468919553,1468919555,2
4,1468919556,1468919558,2
4,1468919558,1468919565,7
1,1468919561,1468919564,3
4,1468919565,1468919567,2
4,1468919567,1468919576,9
1,1468919570,1468919581,11
4,1468919578,1468919580,2
1,1468919591,1468919592,1
4,1468919594,1468919640,46
1,1468919611,1468919613,2
1,1468919617,1468919619,2
14,1468919619,1468919626,7
1,1468919632,1468919639,7
4,1468919640,1468919643,3
4,1468919643,1468919647,4
10,1468919646,1468919647,1
4,1468919648,1468919651,3
4,1468919651,1468919655,4
10,1468919652,1468919655,3
4,1468919655,1468919658,3
10,1468919657,1468919658,1
4,1468919658,1468919660,2
4,1468919661,1468919663,2
10,1468919661,1468919663,2
10,1468919663,1468919664,1
4,1468919664,1468919666,2
4,1468919666,1468919669,3
10,1468919667,1468919668,1
4,1468919669,1468919672,3
10,1468919670,1468919672,2
10,1468919672,1468919673,1
4,1468919673,1468919845,172
1,1468919685,1468919690,5
14,1468919689,1468919696,7
1,1468919701,1468919706,5
1,1468919721,1468919724,3
1,1468919739,1468919742,3
1,1468919749,1468919760,11
1,1468919783,1468919784,1
1,1468919789,1468919793,4
1,1468919812,1468919816,4
1,1468919835,1468919843,8
4,1468919845,1468919847,2
4,1468919847,1468919850,3
10,1468919848,1468919850,2
4,1468919850,1468919854,4
10,1468919850,1468919851,1
4,1468919856,1468919861,5
4,1468919865,1468919869,4
10,1468919865,1468919866,1
10,1468919867,1468919869,2
4,1468919869,1468919872,3
4,1468919872,1468919876,4
4,1468919877,1468919881,4
4,1468919882,1468919886,4
4,1468919886,1468919888,2
4,1468919889,1468919891,2
4,1468919891,1468919893,2
4,1468919893,1468919895,2
4,1468919895,1468919906,11
10,1468919896,1468919899,3
4,1468919907,1468919910,3
10,1468919909,1468919910,1
10,1468919910,1468919912,2
4,1468919912,1468919922,10
10,1468919914,1468919922,8
4,1468919922,1468919926,4
4,1468919927,1468919930,3
4,1468919933,1468919936,3
10,1468919933,1468919935,2
10,1468919935,1468919936,1
4,1468919937,1468919939,2
1,1468919942,1468919944,2
4,1468919945,1468919947,2
4,1468919947,1468919949,2
4,1468919950,1468919955,5
1,1468919952,1468919957,5
4,1468919959,1468920003,44
1,1468919989,1468919992,3
1,1468919995,1468920007,12
1,1468920023,1468920060,37
4,1468920025,1468920029,4
4,1468920029,1468920045,16
4,1468920045,1468920049,4
10,1468920046,1468920047,1
4,1468920051,1468920054,3
4,1468920054,1468920057,3
4,1468920057,1468920060,3
10,1468920057,1468920058,1
4,1468920061,1468920082,21
1,1468920072,1468920077,5
4,1468920082,1468920085,3
4,1468920085,1468920087,2
4,1468920087,1468920090,3
10,1468920088,1468920090,2
4,1468920090,1468920098,8
10,1468920091,1468920098,7
4,1468920098,1468920100,2
4,1468920101,1468920103,2
10,1468920101,1468920103,2
4,1468920103,1468920107,4
10,1468920104,1468920107,3
4,1468920107,1468920111,4
4,1468920112,1468920115,3
4,1468920115,1468920119,4
1,1468920116,1468920118,2
4,1468920119,1468920130,11
1,1468920124,1468920137,13
4,1468920134,1468920138,4
4,1468920139,1468920141,2
4,1468920141,1468920147,6
1,1468920143,1468920150,7
4,1468920147,1468920151,4
10,1468920152,1468920160,8
4,1468920161,1468920163,2
4,1468920164,1468920167,3
4,1468920167,1468920169,2
4,1468920169,1468920171,2
4,1468920171,1468920173,2
4,1468920174,1468920188,14
1,1468920175,1468920180,5
4,1468920188,1468920192,4
1,1468920189,1468920209,20
4,1468920192,1468920206,14
10,1468920192,1468920196,4
4,1468920209,1468920237,28
1,1468920218,1468920220,2
1,1468920224,1468920236,12
4,1468920237,1468920248,11
1,1468920240,1468920242,2
4,1468920248,1468920252,4
4,1468920253,1468920260,7
1,1468920257,1468920258,1
4,1468920260,1468920267,7
4,1468920267,1468920289,22
4,1468920290,1468920293,3
4,1468920293,1468920296,3
4,1468920296,1468920300,4
4,1468920300,1468920303,3
4,1468920303,1468920306,3
1,1468920317,1468920323,6
1,1468920330,1468920334,4
1,1468920350,1468920351,1
1,1468920359,1468920364,5
14,1468920360,1468920379,19
11,1468920371,1468920379,8
4,1468920371,1468920374,3
1,1468920373,1468920375,2
4,1468920375,1468920377,2
4,1468920377,1468920405,28
5,1468920378,1468920379,1
1,1468920389,1468920403,14
14,1468920403,1468920502,99
11,1468920404,1468920410,6
4,1468920406,1468920409,3
4,1468920409,1468920502,93
11,1468920410,1468920502,92
1,1468920421,1468920426,5
1,1468920485,1468920490,5
1,1468920494,1468920511,17
5,1468920500,1468920502,2
4,1468920512,1468920514,2
1,1468920518,1468920520,2
4,1468920521,1468920535,14
4,1468920535,1468920550,15
1,1468920538,1468920544,6
14,1468920544,1468920573,29
11,1468920549,1468920555,6
4,1468920551,1468920553,2
4,1468920554,1468920574,20
11,1468920555,1468920561,6
1,1468920557,1468920574,17
11,1468920561,1468920573,12
5,1468920571,1468920573,2
4,1468920577,1468920607,30
1,1468920590,1468920593,3
14,1468920593,1468920599,6
1,1468920602,1468920604,2
14,1468920604,1468920690,86
11,1468920605,1468920611,6
4,1468920607,1468920610,3
11,1468920611,1468920618,7
1,1468920617,1468920620,3
11,1468920618,1468920689,71
1,1468920640,1468920642,2
4,1468920644,1468920649,5
10,1468920647,1468920649,2
4,1468920650,1468920653,3
10,1468920653,1468920655,2
4,1468920655,1468920659,4
10,1468920658,1468920659,1
4,1468920660,1468920676,16
1,1468920665,1468920669,4
4,1468920676,1468920683,7
1,1468920678,1468920694,16
4,1468920685,1468920690,5
5,1468920688,1468920689,1
4,1468920697,1468920710,13
1,1468920699,1468920708,9
4,1468920713,1468920738,25
1,1468920717,1468920723,6
1,1468920727,1468920738,11
4,1468920739,1468920742,3
4,1468920742,1468920744,2
4,1468920745,1468920747,2
4,1468920748,1468920754,6
1,1468920750,1468920761,11
4,1468920754,1468920765,11
4,1468920765,1468920768,3
4,1468920768,1468920771,3
10,1468920768,1468920771,3
4,1468920771,1468920773,2
4,1468920773,1468920778,5
10,1468920774,1468920776,2
1,1468920775,1468920776,1
4,1468920779,1468920781,2
4,1468920782,1468920785,3
1,1468920787,1468920791,4
4,1468920792,1468920796,4
4,1468920796,1468920799,3
1,1468920797,1468920802,5
4,1468920799,1468920803,4
4,1468920803,1468920808,5
4,1468920808,1468920830,22
1,1468920811,1468920817,6
14,1468920815,1468920824,9
1,1468920826,1468920830,4
1,1468920838,1468920847,9
4,1468920848,1468920850,2
10,1468920849,1468920850,1
4,1468920851,1468920893,42
1,1468920853,1468920860,7
14,1468920858,1468920868,10
1,1468920870,1468920872,2
1,1468920875,1468920893,18
4,1468920894,1468920899,5
1,1468920896,1468920898,2
4,1468920899,1468920905,6
10,1468920900,1468920904,4
1,1468920902,1468920904,2
4,1468920905,1468920908,3
1,1468920910,1468920916,6
4,1468920917,1468920920,3
4,1468920921,1468920925,4
10,1468920922,1468920925,3
4,1468920925,1468920927,2
4,1468920928,1468920931,3
10,1468920928,1468920929,1
4,1468920931,1468920934,3
4,1468920936,1468920953,17
1,1468920939,1468920941,2
4,1468920955,1468920957,2
4,1468920957,1468920959,2
10,1468920957,1468920958,1
4,1468920960,1468920962,2
4,1468920962,1468920965,3
10,1468920964,1468920965,1
4,1468920965,1468920969,4
1,1468920966,1468920973,7
4,1468920971,1468920974,3
4,1468920974,1468920989,15
10,1468920975,1468920977,2
1,1468920981,1468920995,14
4,1468920993,1468920996,3
4,1468920996,1468920998,2
4,1468920998,1468921003,5
10,1468920999,1468921001,2
1,1468921001,1468921006,5
10,1468921001,1468921003,2
10,1468921003,1468921004,1
4,1468921008,1468921014,6
4,1468921014,1468921027,13
4,1468921028,1468921031,3
4,1468921031,1468921034,3
4,1468921034,1468921039,5
4,1468921040,1468921042,2
4,1468921042,1468921045,3
4,1468921045,1468921048,3
4,1468921048,1468923445,2397
1,1468921054,1468921058,4
14,1468921057,1468921068,11
1,1468923416,1468923427,11
1,1468923431,1468923440,9
4,1468923445,1468923450,5
1,1468923447,1468923450,3
1,1468923453,1468923454,1
4,1468923455,1468923460,5
4,1468923460,1468923462,2
4,1468923462,1468923464,2
4,1468923465,1468923475,10
10,1468923465,1468923467,2
4,1468923476,1468923478,2
4,1468923478,1468923481,3
4,1468923481,1468923483,2
10,1468923481,1468923483,2
4,1468923483,1468923485,2
4,1468923485,1468923488,3
4,1468923488,1468923491,3
4,1468923491,1468923494,3
4,1468923494,1468923501,7
10,1468923495,1468923496,1
4,1468923501,1468923503,2
4,1468923503,1468923506,3
4,1468923508,1468923510,2
4,1468923510,1468923512,2
4,1468923513,1468923515,2
4,1468923515,1468923522,7
1,1468923517,1468923521,4
4,1468923522,1468923527,5
4,1468923527,1468923537,10
1,1468923531,1468923539,8
4,1468923537,1468923540,3
4,1468923540,1468923545,5
1,1468923543,1468923544,1
4,1468923545,1468923547,2
4,1468923548,1468923550,2
4,1468923550,1468923558,8
1,1468923553,1468923561,8
4,1468923561,1468923577,16
1,1468923566,1468923569,3
1,1468923572,1468923583,11
4,1468923577,1468923583,6
1,1468923586,1468923592,6
14,1468923591,1468923598,7
1,1468923600,1468923608,8
14,1468923608,1468923765,157
11,1468923609,1468923615,6
1,1468923611,1468923613,2
4,1468923611,1468923615,4
11,1468923615,1468923618,3
1,1468923616,1468923626,10
11,1468923622,1468923697,75
1,1468923630,1468923635,5
1,1468923697,1468923709,12
11,1468923698,1468923702,4
4,1468923698,1468923754,56
11,1468923702,1468923703,1
11,1468923705,1468923765,60
1,1468923746,1468923755,9
4,1468923755,1468923761,6
1,1468923758,1468923768,10
5,1468923764,1468923765,1
4,1468923766,1468923772,6
14,1468923768,1468923844,76
11,1468923772,1468923779,7
4,1468923774,1468923776,2
4,1468923776,1468923812,36
11,1468923779,1468923783,4
1,1468923779,1468923796,17
11,1468923787,1468923789,2
11,1468923791,1468923811,20
1,1468923811,1468923817,6
11,1468923813,1468923815,2
11,1468923815,1468923826,11
11,1468923826,1468923833,7
1,1468923831,1468923862,31
11,1468923833,1468923835,2
11,1468923836,1468923842,6
11,1468923842,1468923844,2
5,1468923843,1468923844,1
4,1468923844,1468923867,23
4,1468923873,1468923875,2
4,1468923875,1468923877,2
4,1468923878,1468923880,2
4,1468923880,1468923883,3
10,1468923882,1468923883,1
4,1468923883,1468923885,2
10,1468923884,1468923885,1
4,1468923886,1468923889,3
4,1468923889,1468923892,3
4,1468923892,1468923895,3
4,1468923895,1468923897,2
4,1468923897,1468923902,5
10,1468923898,1468923902,4
4,1468923903,1468923905,2
4,1468923907,1468923911,4
4,1468923912,1468923916,4
10,1468923912,1468923916,4
4,1468923917,1468923920,3
10,1468923918,1468923920,2
10,1468923920,1468923921,1
4,1468923921,1468923924,3
4,1468923924,1468923927,3
4,1468923928,1468923934,6
1,1468923929,1468923930,1
4,1468923934,1468923941,7
1,1468923935,1468923940,5
4,1468923942,1468923944,2
4,1468923944,1468923947,3
4,1468923947,1468923951,4
4,1468923951,1468923953,2
4,1468923954,1468923958,4
4,1468923968,1468923971,3
4,1468923973,1468924007,34
10,1468923974,1468923988,14
1,1468923987,1468923990,3
1,1468924000,1468924006,6
4,1468924008,1468924014,6
10,1468924010,1468924011,1
1,1468924011,1468924018,7
1,1468924026,1468924029,3
4,1468924030,1468924032,2
4,1468924033,1468924035,2
4,1468924035,1468924037,2
4,1468924037,1468924040,3
4,1468924040,1468924043,3
4,1468924044,1468924047,3
10,1468924044,1468924047,3
4,1468924047,1468924049,2
4,1468924050,1468924069,19
1,1468924052,1468924055,3
1,1468924065,1468924068,3
4,1468924069,1468924088,19
1,1468924072,1468924073,1
1,1468924077,1468924085,8
4,1468924089,1468924091,2
4,1468924091,1468924093,2
4,1468924094,1468924096,2
4,1468924096,1468924099,3
4,1468924100,1468924102,2
4,1468924102,1468924106,4
4,1468924106,1468924108,2
4,1468924108,1468924111,3
4,1468924112,1468924114,2
4,1468924116,1468924124,8
10,1468924118,1468924120,2
4,1468924133,1468924135,2
4,1468924136,1468924138,2
4,1468924138,1468924140,2
4,1468924140,1468924143,3
10,1468924141,1468924143,2
4,1468924143,1468924148,5
4,1468924148,1468924152,4
4,1468924152,1468924155,3
10,1468924153,1468924155,2
4,1468924159,1468924161,2
4,1468924161,1468924189,28
1,1468924172,1468924178,6
14,1468924178,1468924217,39
11,1468924187,1468924193,6
4,1468924189,1468924191,2
4,1468924191,1468924205,14
11,1468924193,1468924204,11
1,1468924198,1468924236,38
11,1468924204,1468924217,13
5,1468924215,1468924217,2
4,1468924217,1468924224,7
4,1468924226,1468924229,3
4,1468924230,1468924243,13
14,1468924236,1468924282,46
11,1468924242,1468924248,6
4,1468924244,1468924246,2
4,1468924247,1468924264,17
11,1468924248,1468924252,4
1,1468924251,1468924254,3
11,1468924252,1468924261,9
1,1468924257,1468924262,5
11,1468924262,1468924264,2
11,1468924264,1468924282,18
1,1468924272,1468924303,31
5,1468924280,1468924282,2
4,1468924282,1468924303,21
14,1468924300,1468924347,47
11,1468924301,1468924307,6
4,1468924304,1468924306,2
11,1468924307,1468924347,40
4,1468924307,1468924348,41
1,1468924308,1468924318,10
1,1468924322,1468924325,3
1,1468924339,1468924351,12
5,1468924346,1468924347,1
4,1468924355,1468924368,13
10,1468924358,1468924360,2
1,1468924358,1468924363,5
14,1468924361,1468924421,60
11,1468924367,1468924373,6
4,1468924368,1468924371,3
4,1468924371,1468924394,23
11,1468924373,1468924378,5
1,1468924376,1468924377,1
11,1468924378,1468924393,15
1,1468924389,1468924393,4
11,1468924394,1468924397,3
1,1468924397,1468924399,2
11,1468924397,1468924399,2
11,1468924399,1468924421,22
1,1468924417,1468924422,5
5,1468924420,1468924421,1
4,1468924422,1468924424,2
4,1468924426,1468924428,2
4,1468924429,1468924431,2
4,1468924431,1468924434,3
4,1468924435,1468924439,4
4,1468924439,1468924457,18
1,1468924442,1468924451,9
4,1468924460,1468924466,6
10,1468924461,1468924466,5
4,1468924466,1468924478,12
4,1468924478,1468924480,2
4,1468924481,1468924483,2
4,1468924483,1468924512,29
10,1468924485,1468924486,1
1,1468924486,1468924491,5
1,1468924494,1468924508,14
4,1468924512,1468924515,3
1,1468924513,1468924528,15
4,1468924515,1468924518,3
4,1468924522,1468924531,9
10,1468924530,1468924531,1
4,1468924531,1468924537,6
4,1468924537,1468924542,5
4,1468924542,1468924554,12
1,1468924544,1468924550,6
4,1468924554,1468924557,3
4,1468924557,1468924559,2
4,1468924559,1468924562,3
4,1468924563,1468924576,13
10,1468924564,1468924566,2
1,1468924566,1468924571,5
14,1468924569,1468924666,97
11,1468924575,1468924580,5
4,1468924577,1468924579,2
1,1468924580,1468924589,9
11,1468924580,1468924586,6
4,1468924581,1468924600,19
11,1468924588,1468924589,1
11,1468924589,1468924593,4
1,1468924593,1468924595,2
11,1468924594,1468924595,1
11,1468924596,1468924599,3
11,1468924600,1468924603,3
1,1468924603,1468924607,4
11,1468924603,1468924605,2
11,1468924605,1468924607,2
11,1468924607,1468924613,6
1,1468924613,1468924619,6
11,1468924617,1468924619,2
11,1468924619,1468924641,22
11,1468924641,1468924653,12
1,1468924653,1468924669,16
11,1468924653,1468924666,13
4,1468924658,1468924666,8
5,1468924664,1468924666,2
1,1468924674,1468924676,2
4,1468924677,1468924680,3
4,1468924680,1468924691,11
4,1468924727,1468924748,21
4,1468924749,1468924751,2
4,1468924752,1468924754,2
10,1468924752,1468924754,2
4,1468924754,1468924757,3
4,1468924758,1468924760,2
4,1468924761,1468924776,15
1,1468924765,1468924772,7
14,1468924769,1468924832,63
11,1468924774,1468924780,6
1,1468924775,1468924785,10
4,1468924776,1468924778,2
11,1468924780,1468924783,3
4,1468924780,1468924796,16
11,1468924783,1468924792,9
1,1468924792,1468924798,6
11,1468924797,1468924798,1
11,1468924799,1468924806,7
1,1468924802,1468924812,10
11,1468924806,1468924808,2
11,1468924812,1468924818,6
1,1468924818,1468924820,2
11,1468924820,1468924824,4
1,1468924824,1468924833,9
11,1468924824,1468924826,2
11,1468924826,1468924832,6
5,1468924830,1468924832,2
4,1468924832,1468924836,4
4,1468924838,1468924840,2
4,1468924840,1468924842,2
4,1468924842,1468924844,2
4,1468924845,1468924847,2
4,1468924847,1468924851,4
4,1468924851,1468924874,23
1,1468924853,1468924856,3
14,1468924856,1468924862,6
1,1468924868,1468924873,5
4,1468924874,1468924924,50
1,1468924877,1468924880,3
14,1468924880,1468924886,6
1,1468924888,1468924895,7
1,1468924901,1468924911,10
1,1468924914,1468924921,7
14,1468924921,1468925017,96
11,1468924922,1468924928,6
4,1468924924,1468924927,3
1,1468924926,1468924943,17
11,1468924928,1468924933,5
11,1468924935,1468924936,1
11,1468924937,1468924938,1
11,1468924943,1468925017,74
1,1468924946,1468924956,10
1,1468924965,1468924969,4
1,1468924993,1468924996,3
4,1468924997,1468925014,17
1,1468925005,1468925023,18
5,1468925012,1468925017,5
5,1468925015,1468925017,2
4,1468925017,1468925029,12
14,1468925022,1468925198,176
11,1468925027,1468925033,6
4,1468925029,1468925032,3
11,1468925033,1468925036,3
1,1468925034,1468925056,22
4,1468925039,1468925049,10
11,1468925044,1468925046,2
11,1468925049,1468925092,43
1,1468925090,1468925092,2
11,1468925092,1468925099,7
1,1468925096,1468925106,10
11,1468925099,1468925101,2
11,1468925101,1468925104,3
4,1468925102,1468925199,97
11,1468925105,1468925106,1
11,1468925106,1468925110,4
1,1468925110,1468925117,7
11,1468925110,1468925151,41
1,1468925120,1468925130,10
1,1468925136,1468925141,5
1,1468925146,1468925174,28
11,1468925151,1468925165,14
11,1468925175,1468925178,3
1,1468925178,1468925186,8
11,1468925181,1468925183,2
11,1468925183,1468925184,1
11,1468925185,1468925186,1
11,1468925186,1468925198,12
1,1468925194,1468925205,11
5,1468925197,1468925198,1
4,1468925202,1468925205,3
4,1468925210,1468925247,37
1,1468925212,1468925213,1
1,1468925226,1468925236,10
14,1468925234,1468925240,6
1,1468925241,1468925246,5
4,1468925247,1468925253,6
10,1468925249,1468925253,4
4,1468925253,1468925256,3
10,1468925255,1468925256,1
10,1468925256,1468925258,2
4,1468925258,1468925261,3
10,1468925260,1468925261,1
4,1468925263,1468925283,20
1,1468925268,1468925275,7
14,1468925273,1468925280,7
1,1468925279,1468925282,3
4,1468925284,1468925292,8
10,1468925285,1468925287,2
1,1468925285,1468925300,15
4,1468925294,1468925297,3
10,1468925295,1468925296,1
4,1468925298,1468925301,3
4,1468925301,1468925303,2
4,1468925304,1468925307,3
10,1468925305,1468925306,1
4,1468925308,1468925313,5
1,1468925310,1468925316,6
4,1468925313,1468925317,4
10,1468925313,1468925315,2
4,1468925317,1468925321,4
1,1468925320,1468925321,1
4,1468925321,1468925327,6
1,1468925324,1468925328,4
4,1468925329,1468925332,3
4,1468925332,1468925336,4
1,1468925334,1468925335,1
4,1468925336,1468925340,4
4,1468925340,1468925345,5
4,1468925346,1468925351,5
1,1468925348,1468925349,1
4,1468925351,1468925432,81
1,1468925357,1468925363,6
14,1468925362,1468925369,7
1,1468925370,1468925373,3
14,1468925372,1468925374,2
1,1468925379,1468925392,13
14,1468925391,1468925394,3
1,1468925396,1468925424,28
1,1468925429,1468925430,1
4,1468925432,1468925434,2
10,1468925433,1468925435,2
4,1468925435,1468925437,2
10,1468925436,1468925437,1
4,1468925437,1468925442,5
10,1468925438,1468925439,1
1,1468925439,1468925452,13
4,1468925442,1468925453,11
10,1468925452,1468925453,1
4,1468925453,1468925476,23
1,1468925455,1468925490,35
4,1468925477,1468925479,2
4,1468925480,1468925554,74
10,1468925481,1468925483,2
14,1468925489,1468925500,11
1,1468925502,1468925536,34
1,1468925547,1468925550,3
1,1468925553,1468925556,3
4,1468925554,1468925560,6
4,1468925560,1468925565,5
1,1468925564,1468925567,3
4,1468925565,1468925602,37
1,1468925570,1468925601,31
4,1468925602,1468925620,18
1,1468925609,1468925626,17
4,1468925622,1468925680,58
14,1468925626,1468925635,9
1,1468925638,1468925642,4
1,1468925649,1468925651,2
1,1468925656,1468925676,20
14,1468925676,1468925856,180
11,1468925677,1468925683,6
1,1468925679,1468925701,22
4,1468925680,1468925682,2
11,1468925683,1468925856,173
4,1468925684,1468925856,172
1,1468925806,1468925816,10
1,1468925829,1468925830,1
1,1468925836,1468925864,28
5,1468925854,1468925856,2
14,1468925861,1468925889,28
11,1468925863,1468925868,5
4,1468925864,1468925867,3
4,1468925867,1468925890,23
11,1468925868,1468925889,21
1,1468925868,1468925875,7
1,1468925882,1468925890,8
5,1468925888,1468925889,1
1,1468925895,1468925896,1
4,1468925904,1468925907,3
4,1468925908,1468925936,28
1,1468925909,1468925921,12
1,1468925925,1468925949,24
4,1468925936,1468925944,8
4,1468925944,1468925947,3
4,1468925947,1468925950,3
4,1468925950,1468925952,2
4,1468925952,1468925960,8
1,1468925956,1468925962,6
10,1468925959,1468925960,1
4,1468925960,1468925962,2
4,1468925963,1468925970,7
1,1468925967,1468925969,2
4,1468925970,1468926002,32
1,1468925999,1468926015,16
4,1468926002,1468926004,2
4,1468926004,1468926008,4
10,1468926005,1468926006,1
4,1468926008,1468926014,6
4,1468926014,1468926021,7
1,1468926019,1468926022,3
1,1468926025,1468926050,25
4,1468926034,1468926036,2
14,1468926047,1468926177,130
11,1468926052,1468926058,6
4,1468926054,1468926056,2
4,1468926056,1468926058,2
11,1468926058,1468926070,12
1,1468926059,1468926079,20
11,1468926070,1468926177,107
1,1468926083,1468926085,2
1,1468926090,1468926092,2
4,1468926113,1468926118,5
4,1468926118,1468926121,3
4,1468926123,1468926125,2
4,1468926125,1468926134,9
4,1468926137,1468926139,2
4,1468926140,1468926142,2
4,1468926142,1468926144,2
4,1468926145,1468926148,3
4,1468926148,1468926153,5
4,1468926153,1468926155,2
4,1468926155,1468926159,4
4,1468926159,1468926163,4
1,1468926164,1468926166,2
4,1468926167,1468926170,3
4,1468926171,1468926177,6
1,1468926174,1468926184,10
5,1468926175,1468926177,2
4,1468926188,1468926202,14
10,1468926188,1468926189,1
10,1468926190,1468926191,1
1,1468926191,1468926196,5
14,1468926195,1468926228,33
11,1468926200,1468926206,6
4,1468926202,1468926204,2
4,1468926205,1468926227,22
11,1468926206,1468926218,12
1,1468926206,1468926235,29
11,1468926218,1468926226,8
11,1468926226,1468926228,2
5,1468926227,1468926228,1
4,1468926228,1468926256,28
14,1468926234,1468926236,2
1,1468926239,1468926253,14
14,1468926253,1468926406,153
11,1468926254,1468926260,6
4,1468926257,1468926259,2
11,1468926260,1468926283,23
4,1468926260,1468926283,23
1,1468926267,1468926291,24
11,1468926283,1468926406,123
1,1468926295,1468926305,10
1,1468926311,1468926314,3
1,1468926344,1468926346,2
4,1468926347,1468926407,60
1,1468926349,1468926369,20
1,1468926403,1468926410,7
5,1468926404,1468926406,2
4,1468926414,1468926476,62
1,1468926414,1468926418,4
14,1468926418,1468926424,6
1,1468926428,1468926433,5
14,1468926432,1468926434,2
1,1468926436,1468926442,6
14,1468926441,1468926444,3
1,1468926447,1468926458,11
4,1468926476,1468926482,6
1,1468926477,1468926481,4
4,1468926482,1468926484,2
4,1468926484,1468926488,4
1,1468926486,1468926490,4
4,1468926491,1468926493,2
10,1468926491,1468926493,2
4,1468926493,1468926504,11
1,1468926498,1468926499,1
4,1468926504,1468926508,4
1,1468926507,1468926510,3
4,1468926508,1468926512,4
1,1468926513,1468926517,4
1,1468926532,1468926533,1
4,1468926534,1468926536,2
4,1468926536,1468926539,3
4,1468926539,1468926542,3
1,1468926544,1468926546,2
4,1468926546,1468926549,3
4,1468926550,1468926552,2
4,1468926552,1468926554,2
4,1468926554,1468926557,3
4,1468926561,1468926625,64
1,1468926561,1468926570,9
14,1468926570,1468926577,7
1,1468926590,1468926612,22
1,1468926619,1468926624,5
4,1468926626,1468926633,7
10,1468926626,1468926628,2
1,1468926630,1468926633,3
4,1468926633,1468926636,3
4,1468926636,1468926638,2
4,1468926639,1468926643,4
4,1468926643,1468926645,2
4,1468926646,1468926660,14
1,1468926650,1468926660,10
4,1468926660,1468926664,4
1,1468926664,1468926670,6
4,1468926664,1468926675,11
4,1468926675,1468926678,3
4,1468926678,1468926691,13
1,1468926679,1468926690,11
4,1468926693,1468926698,5
10,1468926695,1468926698,3
4,1468926698,1468926701,3
4,1468926701,1468926780,79
1,1468926703,1468926710,7
1,1468926723,1468926724,1
1,1468926736,1468926779,43
1,1468926784,1468926791,7
4,1468926785,1468926864,79
1,1468926828,1468926839,11
14,1468926838,1468926849,11
1,1468926846,1468926863,17
4,1468926864,1468926866,2
4,1468926866,1468926868,2
4,1468926870,1468926872,2
4,1468926873,1468926875,2
4,1468926878,1468926880,2
4,1468926880,1468926883,3
4,1468926883,1468926885,2
10,1468926883,1468926885,2
1,1468926895,1468926902,7
14,1468926902,1468926909,7
1,1468926913,1468926928,15
1,1468926935,1468926938,3
4,1468926941,1468926946,5
1,1468926943,1468926945,2
4,1468926946,1468926948,2
10,1468926949,1468926952,3
1,1468926950,1468926953,3
4,1468926956,1468926960,4
4,1468926960,1468926970,10
1,1468926962,1468926970,8
4,1468926970,1468926973,3
4,1468926975,1468926981,6
1,1468926976,1468927012,36
4,1468926982,1468926987,5
4,1468926991,1468926997,6
4,1468927001,1468927007,6
4,1468927011,1468927024,13
1,1468927018,1468927023,5
4,1468927025,1468927027,2
4,1468927029,1468927031,2
4,1468927031,1468927033,2
4,1468927033,1468927036,3
4,1468927036,1468927038,2
4,1468927038,1468927045,7
1,1468927041,1468927044,3
1,1468927049,1468927095,46
14,1468927054,1468927063,9
1,1468927173,1468927199,26
1,1468927204,1468927211,7
4,1468927210,1468927212,2
4,1468927212,1468927216,4
4,1468927216,1468927220,4
4,1468927220,1468927224,4
1,1468927222,1468927224,2
4,1468927225,1468927231,6
10,1468927226,1468927231,5
4,1468927233,1468927236,3
4,1468927236,1468927239,3
4,1468927239,1468927248,9
1,1468927245,1468927248,3
4,1468927248,1468927253,5
10,1468927249,1468927250,1
4,1468927253,1468927259,6
1,1468927255,1468927265,10
4,1468927259,1468927263,4
4,1468927266,1468927270,4
4,1468927270,1468927273,3
10,1468927272,1468927273,1
1,1468927274,1468927279,5
10,1468927275,1468927277,2
4,1468927277,1468927279,2
10,1468927280,1468927286,6
4,1468927286,1468927288,2
4,1468927290,1468927293,3
10,1468927291,1468927293,2
1,1468927298,1468927302,4
4,1468927300,1468927303,3
4,1468927303,1468927305,2
4,1468927305,1468927310,5
1,1468927308,1468927309,1
4,1468927310,1468927317,7
1,1468927313,1468927318,5
10,1468927315,1468927317,2
4,1468927317,1468927322,5
10,1468927319,1468927322,3
1,1468927327,1468927330,3
1,1468927341,1468927357,16
4,1468927353,1468927372,19
1,1468927361,1468927407,46
4,1468927374,1468927389,15
4,1468927392,1468927406,14
4,1468927406,1468927408,2
4,1468927408,1468927410,2
4,1468927410,1468927415,5
1,1468927411,1468927414,3
4,1468927415,1468927417,2
4,1468927418,1468927424,6
4,1468927424,1468927430,6
10,1468927425,1468927427,2
4,1468927430,1468927432,2
4,1468927432,1468927437,5
4,1468927437,1468927439,2
4,1468927440,1468927443,3
4,1468927443,1468927445,2
4,1468927448,1468927450,2
1,1468927449,1468927453,4
4,1468927451,1468927454,3
4,1468927454,1468927456,2
4,1468927457,1468927460,3
1,1468927459,1468927460,1
4,1468927460,1468927462,2
4,1468927463,1468927465,2
1,1468927467,1468927469,2
4,1468927469,1468927472,3
1,1468927473,1468927501,28
4,1468927493,1468927499,6
4,1468927502,1468927517,15
10,1468927503,1468927511,8
1,1468927511,1468927523,12
10,1468927514,1468927515,1
4,1468927520,1468927525,5
10,1468927523,1468927525,2
4,1468927525,1468927528,3
4,1468927528,1468927536,8
1,1468927530,1468927571,41
4,1468927537,1468927540,3
4,1468927540,1468927544,4
4,1468927544,1468927553,9
10,1468927545,1468927547,2
4,1468927553,1468927561,8
4,1468927562,1468927564,2
4,1468927564,1468927570,6
4,1468927570,1468927573,3
4,1468927573,1468927575,2
4,1468927575,1468927577,2
4,1468927580,1468927584,4
10,1468927583,1468927584,1
4,1468927584,1468927587,3
4,1468927587,1468927608,21
1,1468927594,1468927628,34
4,1468927609,1468927619,10
4,1468927620,1468927636,16
1,1468927639,1468927683,44
1,1468927977,1468927980,3
1,1468927985,1468927987,2
1,1468927992,1468928001,9
1,1468928355,1468928361,6
1,1468928460,1468928462,2
1,1468932476,1468932484,8
4,1468932485,1468932487,2
4,1468932487,1468932489,2
4,1468932490,1468932492,2
4,1468932492,1468932494,2
4,1468932494,1468932497,3
1,1468932498,1468932520,22
4,1468932512,1468932520,8
4,1468932521,1468932524,3
1,1468932523,1468932524,1
1,1468932527,1468932562,35
4,1468932531,1468932539,8
4,1468932544,1468932548,4
4,1468932553,1468932557,4
1,1468932568,1468932596,28
4,1468932570,1468932579,9
4,1468932580,1468932583,3
4,1468932586,1468932588,2
4,1468932589,1468932596,7
4,1468932599,1468932601,2
1,1468932602,1468932609,7
4,1468932604,1468932609,5
4,1468932609,1468932611,2
4,1468932612,1468932617,5
10,1468932614,1468932615,1
1,1468932614,1468932623,9
4,1468932617,1468932619,2
4,1468932624,1468932628,4
10,1468932625,1468932628,3
4,1468932628,1468932631,3
1,1468932628,1468932640,12
4,1468932632,1468932634,2
4,1468932640,1468932643,3
4,1468932643,1468932646,3
1,1468932644,1468932653,9
4,1468932646,1468932648,2
4,1468932653,1468932655,2
4,1468932655,1468932658,3
1,1468932656,1468932666,10
4,1468932659,1468932666,7
4,1468932666,1468932669,3
10,1468932667,1468932669,2
4,1468932669,1468932673,4
1,1468932670,1468932679,9
4,1468932674,1468932680,6
4,1468932680,1468932684,4
1,1468932683,1468932697,14
4,1468932685,1468932688,3
1,1468932748,1468932766,18
1,1468932800,1468932804,4
4,1468932805,1468932808,3
4,1468932808,1468932810,2
10,1468932809,1468932810,1
4,1468932810,1468932813,3
4,1468932813,1468932880,67
10,1468932814,1468932815,1
1,1468932816,1468932827,11
1,1468932830,1468932836,6
1,1468932849,1468932862,13
1,1468932866,1468932879,13
4,1468932880,1468932885,5
10,1468932882,1468932883,1
4,1468932886,1468932888,2
4,1468932888,1468932891,3
4,1468932891,1468932895,4
10,1468932893,1468932895,2
4,1468932895,1468932905,10
1,1468932907,1468932909,2
10,1468932907,1468932909,2
4,1468932911,1468932913,2
4,1468932913,1468932916,3
4,1468932920,1468932925,5
1,1468932921,1468932925,4
4,1468932926,1468932935,9
10,1468932927,1468932928,1
1,1468932929,1468932935,6
4,1468932951,1468932954,3
4,1468932954,1468932959,5
10,1468932955,1468932959,4
10,1468932959,1468932960,1
4,1468932962,1468932965,3
4,1468932965,1468932987,22
1,1468932971,1468932978,7
14,1468932975,1468932983,8
1,1468932984,1468932991,7
14,1468932989,1468932996,7
1,1468932994,1468933000,6
1,1468933004,1468933028,24
4,1468933029,1468933038,9
1,1468933031,1468933049,18
4,1468933041,1468933045,4
4,1468933045,1468933064,19
14,1468933048,1468933055,7
1,1468933056,1468933063,7
4,1468933064,1468933069,5
10,1468933065,1468933069,4
4,1468933069,1468933071,2
10,1468933070,1468933071,1
4,1468933071,1468933074,3
4,1468933074,1468933078,4
1,1468933084,1468933085,1
1,1468933093,1468933099,6
4,1468933100,1468933105,5
4,1468933105,1468933123,18
1,1468933111,1468933123,12
4,1468933123,1468933154,31
10,1468933125,1468933128,3
1,1468933128,1468933133,5
14,1468933131,1468933141,10
1,1468933137,1468933138,1
1,1468933142,1468933153,11
4,1468933155,1468933157,2
4,1468933157,1468933170,13
10,1468933158,1468933165,7
1,1468933160,1468933175,15
10,1468933165,1468933167,2
1,1468933179,1468933182,3
1,1468933188,1468933193,5
14,1468933192,1468933201,9
1,1468933202,1468933209,7
1,1468933212,1468933228,16
4,1468933225,1468933235,10
10,1468933229,1468933231,2
10,1468933233,1468933235,2
1,1468933236,1468933238,2
14,1468933238,1468933246,8
1,1468933250,1468933252,2
4,1468933253,1468933256,3
4,1468933256,1468933258,2
4,1468933258,1468933260,2
10,1468933259,1468933260,1
4,1468933260,1468933264,4
10,1468933261,1468933265,4
4,1468933265,1468933267,2
4,1468933267,1468933270,3
4,1468933270,1468933273,3
4,1468933273,1468933276,3
10,1468933275,1468933276,1
4,1468933276,1468933281,5
4,1468933281,1468933286,5
4,1468933295,1468933297,2
10,1468933296,1468933297,1
4,1468933298,1468933300,2
4,1468933300,1468933303,3
4,1468933303,1468933308,5
10,1468933306,1468933308,2
4,1468933308,1468933313,5
4,1468933313,1468933316,3
1,1468933318,1468933319,1
4,1468933320,1468933325,5
4,1468933325,1468933330,5
1,1468933327,1468933329,2
4,1468933330,1468933332,2
4,1468933332,1468933343,11
10,1468933335,1468933336,1
1,1468933341,1468933346,5
4,1468933343,1468933347,4
4,1468933347,1468933351,4
10,1468933348,1468933349,1
1,1468933349,1468933361,12
4,1468933354,1468933359,5
4,1468933361,1468933379,18
1,1468933375,1468933380,5
4,1468933379,1468933381,2
4,1468933382,1468933384,2
4,1468933384,1468933386,2
4,1468933386,1468933396,10
10,1468933388,1468933396,8
4,1468933396,1468933399,3
10,1468933397,1468933399,2
4,1468933400,1468933407,7
10,1468933402,1468933405,3
4,1468933409,1468933421,12
1,1468933418,1468933420,2
4,1468933423,1468933425,2
1,1468933423,1468933425,2
4,1468933426,1468933431,5
10,1468933427,1468933431,4
4,1468933432,1468933434,2
4,1468933434,1468933436,2
4,1468933437,1468933439,2
4,1468933439,1468933443,4
10,1468933441,1468933443,2
4,1468933443,1468933450,7
1,1468933447,1468933448,1
4,1468933451,1468933454,3
4,1468933454,1468933483,29
1,1468933457,1468933463,6
14,1468933461,1468933469,8
1,1468933470,1468933482,12
4,1468933483,1468933487,4
4,1468933488,1468933490,2
4,1468933491,1468933494,3
4,1468933495,1468933497,2
10,1468933496,1468933498,2
4,1468933498,1468933502,4
10,1468933500,1468933502,2
4,1468933502,1468933504,2
4,1468933504,1468933506,2
4,1468933507,1468933509,2
4,1468933509,1468933512,3
4,1468933512,1468933623,111
1,1468933522,1468933531,9
14,1468933530,1468933536,6
1,1468933538,1468933542,4
1,1468933600,1468933610,10
1,1468933618,1468933622,4
4,1468933623,1468933626,3
4,1468933626,1468933628,2
4,1468933628,1468933631,3
4,1468933631,1468933633,2
4,1468933633,1468933778,145
10,1468933634,1468933639,5
10,1468933641,1468933645,4
1,1468933645,1468933648,3
1,1468933687,1468933703,16
1,1468933715,1468933734,19
1,1468933758,1468933766,8
1,1468933770,1468933776,6
4,1468933778,1468933782,4
4,1468933782,1468933785,3
4,1468933785,1468933787,2
4,1468933787,1468933792,5
4,1468933798,1468933800,2
4,1468933800,1468933803,3
4,1468933803,1468933805,2
4,1468933806,1468933809,3
4,1468933809,1468933813,4
1,1468933811,1468933812,1
4,1468933814,1468933818,4
10,1468933814,1468933816,2
1,1468933817,1468933824,7
4,1468933819,1468933828,9
10,1468933829,1468933831,2
4,1468933831,1468933837,6
1,1468933839,1468933851,12
4,1468933852,1468933857,5
1,1468933854,1468933856,2
4,1468933857,1468933861,4
4,1468933864,1468933866,2
1,1468933869,1468933871,2
4,1468933872,1468933874,2
10,1468933874,1468933876,2
4,1468933876,1468933880,4
10,1468933878,1468933880,2
4,1468933880,1468933882,2
10,1468933882,1468933884,2
1,1468933883,1468933886,3
10,1468933884,1468933887,3
4,1468933887,1468933889,2
4,1468933889,1468933893,4
10,1468933890,1468933892,2
1,1468933891,1468933897,6
4,1468933893,1468933898,5
4,1468933898,1468933900,2
4,1468933900,1468933909,9
10,1468933900,1468933905,5
1,1468933901,1468933915,14
4,1468933909,1468933942,33
14,1468933914,1468933922,8
1,1468933921,1468933927,6
1,1468933930,1468933940,10
4,1468933942,1468933945,3
10,1468933943,1468933944,1
4,1468933945,1468933950,5
4,1468933950,1468933954,4
10,1468933950,1468933952,2
1,1468933957,1468933960,3
1,1468933966,1468933968,2
1,1468933974,1468933979,5
4,1468933979,1468934012,33
10,1468933980,1468933982,2
1,1468933983,1468933984,1
1,1468933992,1468934000,8
14,1468933995,1468934002,7
1,1468934004,1468934009,5
4,1468934012,1468934016,4
10,1468934015,1468934016,1
4,1468934018,1468934020,2
4,1468934020,1468934023,3
4,1468934023,1468934035,12
1,1468934026,1468934040,14
4,1468934038,1468934041,3
4,1468934041,1468934051,10
1,1468934045,1468934059,14
4,1468934055,1468934078,23
14,1468934059,1468934066,7
1,1468934070,1468934077,7
4,1468934078,1468934080,2
4,1468934081,1468934085,4
1,1468934086,1468934091,5
4,1468934091,1468934093,2
1,1468934097,1468934102,5
14,1468934100,1468934109,9
1,1468934113,1468934118,5
1,1468934122,1468934129,7
4,1468934129,1468934131,2
4,1468934131,1468934146,15
1,1468934133,1468934154,21
4,1468934146,1468934153,7
1,1468934158,1468934171,13
4,1468934160,1468934163,3
4,1468934163,1468934170,7
4,1468934172,1468934175,3
4,1468934175,1468934178,3
4,1468934178,1468934180,2
10,1468934180,1468934182,2
4,1468934182,1468934185,3
10,1468934183,1468934188,5
1,1468934186,1468934190,4
4,1468934192,1468934194,2
4,1468934194,1468934197,3
4,1468934197,1468934200,3
4,1468934200,1468934204,4
1,1468934202,1468934209,7
4,1468934204,1468934209,5
4,1468934209,1468934211,2
4,1468934212,1468934214,2
4,1468934214,1468934223,9
1,1468934220,1468934223,3
4,1468934223,1468934225,2
4,1468934226,1468934228,2
4,1468934228,1468934238,10
1,1468934230,1468934242,12
4,1468934244,1468934248,4
1,1468934246,1468934247,1
4,1468934249,1468934253,4
1,1468934251,1468934256,5
1,1468934260,1468934262,2
14,1468934262,1468934270,8
1,1468934283,1468934288,5
1,1468934296,1468934306,10
4,1468934321,1468934323,2
4,1468934323,1468934328,5
10,1468934324,1468934326,2
4,1468934328,1468934332,4
10,1468934330,1468934331,1
4,1468934335,1468934337,2
4,1468934337,1468934342,5
10,1468934338,1468934342,4
4,1468934342,1468934350,8
4,1468934350,1468934354,4
4,1468934355,1468934357,2
4,1468934357,1468934362,5
1,1468934359,1468934361,2
4,1468934364,1468934370,6
1,1468934366,1468934369,3
4,1468934370,1468934373,3
4,1468934373,1468934378,5
10,1468934374,1468934378,4
4,1468934378,1468934381,3
4,1468934381,1468934384,3
4,1468934384,1468934387,3
4,1468934387,1468934390,3
4,1468934390,1468934393,3
4,1468934393,1468934395,2
4,1468934396,1468934398,2
4,1468934398,1468934400,2
4,1468934405,1468934409,4
4,1468934409,1468934411,2
10,1468934410,1468934411,1
4,1468934413,1468934431,18
10,1468934413,1468934431,18
4,1468934431,1468934434,3
4,1468934435,1468934458,23
1,1468934452,1468934456,4
4,1468934458,1468934460,2
4,1468934461,1468934467,6
10,1468934462,1468934464,2
1,1468934464,1468934469,5
1,1468934505,1468934508,3
4,1468934510,1468934512,2
4,1468934513,1468934515,2
4,1468934515,1468934519,4
10,1468934515,1468934517,2
4,1468934521,1468934524,3
4,1468934524,1468934526,2
4,1468934526,1468934530,4
4,1468934530,1468934533,3
4,1468934534,1468934536,2
4,1468934536,1468934538,2
4,1468934540,1468934543,3
1,1468934541,1468934548,7
4,1468934545,1468934551,6
4,1468934551,1468934554,3
1,1468934552,1468934556,4
4,1468934558,1468934565,7
1,1468934563,1468934567,4
4,1468934565,1468934568,3
10,1468934565,1468934566,1
4,1468934568,1468934571,3
4,1468934572,1468934578,6
1,1468934576,1468934578,2
4,1468934578,1468934604,26
10,1468934580,1468934591,11
1,1468934582,1468934593,11
1,1468934602,1468934603,1
4,1468934604,1468934606,2
10,1468934605,1468934606,1
4,1468934607,1468934609,2
4,1468934609,1468934611,2
4,1468934612,1468934625,13
4,1468934626,1468934629,3
4,1468934635,1468934644,9
1,1468934635,1468934641,6
4,1468934645,1468934653,8
1,1468934649,1468934656,7
4,1468934653,1468934657,4
4,1468934657,1468934660,3
10,1468934658,1468934660,2
4,1468934660,1468934662,2
4,1468934662,1468934664,2
4,1468934664,1468934668,4
4,1468934669,1468934672,3
4,1468934672,1468934675,3
10,1468934673,1468934675,2
1,1468934678,1468934680,2
1,1468934686,1468934689,3
4,1468934692,1468934694,2
10,1468934693,1468934694,1
1,1468934695,1468934708,13
4,1468934699,1468934704,5
10,1468934700,1468934703,3
4,1468934711,1468934717,6
1,1468934713,1468934714,1
4,1468934717,1468934723,6
1,1468934722,1468934732,10
4,1468934723,1468934728,5
4,1468934732,1468934734,2
4,1468934734,1468934740,6
4,1468934740,1468934745,5
4,1468934745,1468934775,30
1,1468934746,1468934751,5
14,1468934751,1468934758,7
1,1468934761,1468934780,19
14,1468934780,1468934788,8
1,1468934790,1468934797,7
1,1468934828,1468934832,4
1,1468934870,1468934872,2
1,1468936212,1468936214,2
1,1468936222,1468936229,7
4,1468936230,1468936233,3
4,1468936233,1468936237,4
4,1468936237,1468936239,2
4,1468936240,1468936260,20
10,1468936241,1468936244,3
10,1468936245,1468936260,15
4,1468936261,1468936263,2
4,1468936264,1468936266,2
4,1468936268,1468936270,2
4,1468936270,1468936274,4
4,1468936274,1468936277,3
4,1468936277,1468936279,2
4,1468936279,1468936284,5
10,1468936281,1468936282,1
10,1468936283,1468936284,1
4,1468936285,1468936288,3
4,1468936288,1468936291,3
4,1468936291,1468936308,17
1,1468936295,1468936311,16
4,1468936312,1468936314,2
4,1468936315,1468936367,52
1,1468936318,1468936321,3
1,1468936329,1468936331,2
1,1468936355,1468936366,11
4,1468936368,1468936370,2
4,1468936370,1468936374,4
1,1468936372,1468936373,1
4,1468936374,1468936383,9
1,1468936376,1468936382,6
4,1468936383,1468936388,5
1,1468936397,1468936415,18
14,1468936411,1468936418,7
1,1468936423,1468936449,26
4,1468936450,1468936453,3
4,1468936453,1468936456,3
4,1468936456,1468936459,3
10,1468936458,1468936459,1
4,1468936462,1468936624,162
1,1468936466,1468936468,2
1,1468936585,1468936587,2
1,1468936601,1468936603,2
1,1468936612,1468936622,10
4,1468936624,1468936631,7
1,1468936626,1468936628,2
4,1468936631,1468936633,2
4,1468936633,1468936646,13
1,1468936638,1468936651,13
14,1468936651,1468936661,10
1,1468936664,1468936683,19
4,1468936684,1468936686,2
10,1468936685,1468936686,1
4,1468936688,1468936690,2
10,1468936690,1468936692,2
4,1468936692,1468936698,6
10,1468936694,1468936696,2
1,1468936695,1468936699,4
4,1468936698,1468936709,11
1,1468936707,1468936708,1
4,1468936710,1468936712,2
4,1468936712,1468936714,2
10,1468936713,1468936714,1
4,1468936714,1468936718,4
4,1468936719,1468936725,6
4,1468936726,1468936728,2
4,1468936728,1468936735,7
10,1468936731,1468936732,1
4,1468936735,1468936737,2
4,1468936738,1468936741,3
4,1468936741,1468936750,9
4,1468936750,1468936756,6
10,1468936751,1468936752,1
1,1468936755,1468936756,1
4,1468936756,1468936760,4
4,1468936760,1468936766,6
1,1468936761,1468936770,9
4,1468936766,1468936770,4
4,1468936771,1468936773,2
4,1468936773,1468936777,4
4,1468936777,1468936780,3
1,1468936777,1468936779,2
4,1468936780,1468936783,3
4,1468936783,1468936787,4
4,1468936787,1468936796,9
1,1468936792,1468936799,7
4,1468936796,1468936834,38
1,1468936803,1468936806,3
14,1468936806,1468936812,6
1,1468936819,1468936833,14
4,1468936834,1468936836,2
4,1468936836,1468936841,5
1,1468936846,1468936848,2
1,1468936852,1468936853,1
1,1468936858,1468936868,10
4,1468936868,1468936901,33
1,1468936897,1468936900,3
4,1468936902,1468936907,5
1,1468936904,1468936907,3
4,1468936909,1468936912,3
4,1468936912,1468936917,5
1,1468936915,1468936933,18
4,1468936926,1468936929,3
14,1468936933,1468936942,9
1,1468936944,1468936954,10
1,1468936971,1468936980,9
4,1468936979,1468936981,2
4,1468936981,1468936985,4
4,1468936986,1468936988,2
4,1468936988,1468936990,2
4,1468936990,1468936992,2
4,1468936992,1468936995,3
10,1468936993,1468936995,2
4,1468936995,1468936997,2
4,1468936997,1468936999,2
4,1468936999,1468937005,6
4,1468937005,1468937008,3
4,1468937008,1468937015,7
1,1468937011,1468937015,4
4,1468937016,1468937020,4
4,1468937020,1468937022,2
1,1468937025,1468937026,1
4,1468937027,1468937029,2
4,1468937029,1468937033,4
10,1468937032,1468937033,1
4,1468937033,1468937036,3
4,1468937037,1468937063,26
1,1468937040,1468937043,3
14,1468937043,1468937050,7
1,1468937053,1468937059,6
4,1468937063,1468937065,2
4,1468937065,1468937068,3
4,1468937069,1468937072,3
4,1468937074,1468937077,3
4,1468937077,1468937080,3
10,1468937078,1468937079,1
4,1468937081,1468937084,3
4,1468937084,1468937086,2
4,1468937086,1468937109,23
1,1468937091,1468937094,3
14,1468937095,1468937101,6
1,1468937107,1468937108,1
4,1468937109,1468937112,3
4,1468937112,1468937115,3
4,1468937116,1468937118,2
4,1468937118,1468937122,4
4,1468937122,1468937125,3
4,1468937125,1468937128,3
1,1468937126,1468937127,1
1,1468937132,1468937135,3
14,1468937135,1468937142,7
1,1468937150,1468937152,2
1,1468937155,1468937160,5
1,1468937165,1468937170,5
1,1468937209,1468937214,5
1,1468937235,1468937246,11
14,1468937245,1468937254,9
1,1468937254,1468937259,5
4,1468937260,1468937263,3
10,1468937262,1468937263,1
4,1468937265,1468937271,6
4,1468937271,1468937279,8
10,1468937280,1468937281,1
4,1468937281,1468937284,3
4,1468937284,1468937287,3
4,1468937288,1468937308,20
10,1468937289,1468937296,7
1,1468937298,1468937310,12
4,1468937310,1468937315,5
4,1468937315,1468937328,13
1,1468937317,1468937325,8
10,1468937319,1468937323,4
1,1468937342,1468937344,2
1,1468937348,1468937360,12
14,1468937353,1468937362,9
1,1468937376,1468937430,54
1,1468937434,1468937436,2
1,1468937444,1468937445,1
1,1468937449,1468937479,30
1,1468937482,1468937504,22
4,1468937504,1468937514,10
4,1468937514,1468937517,3
4,1468937517,1468937520,3
1,1468937519,1468937520,1
4,1468937521,1468937593,72
1,1468937523,1468937561,38
1,1468937565,1468937592,27
4,1468937593,1468937596,3
4,1468937596,1468937598,2
4,1468937599,1468937601,2
4,1468937601,1468937604,3
10,1468937603,1468937604,1
4,1468937606,1468937653,47
1,1468937623,1468937624,1
1,1468937627,1468937635,8
14,1468937634,1468937643,9
1,1468937645,1468937652,7
4,1468937653,1468937657,4
1,1468937658,1468937661,3
4,1468937662,1468937664,2
4,1468937664,1468937671,7
10,1468937666,1468937668,2
1,1468937676,1468937686,10
1,1468937690,1468937693,3
14,1468937691,1468937701,10
1,1468937703,1468937706,3
1,1468937710,1468937758,48
4,1468937742,1468937759,17
4,1468937761,1468937765,4
1,1468937764,1468937766,2
4,1468937765,1468937768,3
4,1468937768,1468937779,11
1,1468937770,1468937778,8
4,1468937779,1468937798,19
10,1468937780,1468937782,2
1,1468937781,1468937786,5
14,1468937785,1468937792,7
1,1468937793,1468937797,4
4,1468937798,1468937815,17
10,1468937799,1468937800,1
1,1468937801,1468937814,13
14,1468937804,1468937811,7
4,1468937815,1468937818,3
10,1468937816,1468937817,1
4,1468937818,1468937821,3
10,1468937820,1468937821,1
4,1468937821,1468937828,7
1,1468937824,1468937830,6
10,1468937824,1468937826,2
1,1468937833,1468937837,4
14,1468937837,1468937844,7
1,1468937845,1468937871,26
1,1468937898,1468937908,10
4,1468937909,1468937911,2
4,1468937911,1468937916,5
4,1468937917,1468937920,3
10,1468937919,1468937920,1
10,1468937920,1468937923,3
4,1468937923,1468937925,2
4,1468937925,1468937927,2
4,1468937928,1468937932,4
4,1468937932,1468937939,7
10,1468937933,1468937939,6
4,1468937941,1468937944,3
1,1468937942,1468937957,15
4,1468937944,1468937957,13
10,1468937945,1468937947,2
4,1468937959,1468937970,11
1,1468937960,1468937975,15
4,1468937977,1468937990,13
1,1468937981,1468937990,9
4,1468937990,1468937993,3
4,1468937993,1468937997,4
10,1468937995,1468937997,2
4,1468937998,1468938002,4
1,1468938000,1468938004,4
10,1468938005,1468938006,1
4,1468938007,1468938048,41
1,1468938020,1468938074,54
4,1468938056,1468938069,13
4,1468938072,1468938102,30
1,1468938078,1468938085,7
14,1468938084,1468938093,9
1,1468938097,1468938118,21
14,1468938116,1468938124,8
1,1468938132,1468938158,26
4,1468938159,1468938161,2
4,1468938164,1468938169,5
1,1468938169,1468938175,6
14,1468938174,1468938180,6
1,1468938186,1468938187,1
4,1468938188,1468938220,32
1,1468938192,1468938197,5
14,1468938195,1468938202,7
1,1468938203,1468938228,25
4,1468938220,1468938223,3
4,1468938223,1468938229,6
4,1468938229,1468938234,5
1,1468938232,1468938233,1
4,1468938234,1468938237,3
1,1468938238,1468938250,12
4,1468938240,1468938242,2
14,1468938249,1468938255,6
1,1468938258,1468938262,4
4,1468938262,1468938266,4
4,1468938266,1468938269,3
4,1468938269,1468938273,4
10,1468938270,1468938271,1
4,1468938276,1468938281,5
1,1468938283,1468938290,7
14,1468938288,1468938294,6
1,1468938297,1468938301,4
4,1468938302,1468938372,70
1,1468938309,1468938312,3
14,1468938312,1468938320,8
1,1468938353,1468938392,39
4,1468938372,1468938380,8
4,1468938380,1468938385,5
4,1468938385,1468938389,4
4,1468938391,1468938395,4
4,1468938395,1468938401,6
1,1468938395,1468938400,5
4,1468938403,1468938412,9
1,1468938409,1468938410,1
4,1468938412,1468938442,30
1,1468938417,1468938426,9
14,1468938425,1468938432,7
1,1468938430,1468938444,14
4,1468938443,1468938515,72
1,1468938447,1468938450,3
14,1468938450,1468938457,7
1,1468938501,1468938509,8
1,1468938513,1468938514,1
4,1468938515,1468938518,3
4,1468938518,1468938523,5
1,1468938522,1468938523,1
4,1468938524,1468938526,2
4,1468938526,1468938530,4
10,1468938527,1468938529,2
1,1468938534,1468938538,4
1,1468938552,1468938561,9
4,1468938562,1468938564,2
4,1468938565,1468938567,2
4,1468938567,1468938569,2
4,1468938569,1468938571,2
4,1468938571,1468938574,3
4,1468938574,1468938584,10
1,1468938582,1468938583,1
4,1468938584,1468938591,7
4,1468938592,1468938595,3
1,1468938596,1468938598,2
4,1468938599,1468938602,3
1,1468938604,1468938613,9
14,1468938613,1468938623,10
1,1468938625,1468938631,6
4,1468938633,1468938645,12
1,1468938636,1468938644,8
4,1468938645,1468938647,2
4,1468938649,1468938651,2
4,1468938651,1468938655,4
4,1468938655,1468938812,157
1,1468938662,1468938664,2
14,1468938664,1468938673,9
1,1468938771,1468938785,14
14,1468938784,1468938786,2
1,1468938791,1468938811,20
14,1468938796,1468938798,2
4,1468938812,1468938815,3
10,1468938813,1468938814,1
4,1468938815,1468938818,3
4,1468938818,1468938820,2
4,1468938820,1468938840,20
10,1468938821,1468938829,8
1,1468938830,1468938846,16
4,1468938840,1468938844,4
4,1468938844,1468938847,3
4,1468938847,1468938860,13
10,1468938849,1468938851,2
1,1468938850,1468938863,13
4,1468938864,1468938866,2
4,1468938866,1468938877,11
1,1468938869,1468938876,7
4,1468938877,1468938880,3
1,1468938880,1468938884,4
4,1468938885,1468938887,2
4,1468938887,1468938896,9
10,1468938889,1468938890,1
1,1468938894,1468938897,3
1,1468938902,1468938909,7
14,1468938906,1468938915,9
1,1468938914,1468938922,8
4,1468938923,1468938926,3
4,1468938926,1468938930,4
10,1468938928,1468938930,2
4,1468938930,1468938934,4
10,1468938932,1468938934,2
1,1468939037,1468939041,4
14,1468939039,1468939046,7
1,1468939048,1468939050,2
1,1468939073,1468939088,15
4,1468939084,1468939089,5
4,1468939089,1468939095,6
1,1468939091,1468939094,3
4,1468939095,1468939098,3
10,1468939096,1468939098,2
4,1468939098,1468939104,6
10,1468939100,1468939102,2
1,1468939101,1468939106,5
4,1468939107,1468939110,3
4,1468939110,1468939113,3
4,1468939114,1468939119,5
10,1468939116,1468939117,1
1,1468939116,1468939118,2
4,1468939119,1468939125,6
1,1468939121,1468939132,11
4,1468939130,1468939132,2
4,1468939133,1468939135,2
4,1468939135,1468939149,14
1,1468939137,1468939139,2
1,1468939143,1468939149,6
4,1468939149,1468939152,3
4,1468939153,1468939156,3
4,1468939156,1468939164,8
10,1468939158,1468939161,3
1,1468939159,1468939164,5
1,1468939169,1468939173,4
1,1468939179,1468939196,17
4,1468939196,1468939199,3
1,1468939203,1468939212,9
1,1468939227,1468939241,14
1,1468939246,1468939253,7
1,1468939326,1468939344,18
1,1468939353,1468939357,4
1,1468939376,1468939384,8
1,1468939387,1468939395,8
1,1468939404,1468939406,2
1,1468939446,1468939448,2
1,1468939507,1468939533,26
6,1468939543,1468939544,1
1,1468939546,1468939550,4
4,1468939580,1468939588,8
1,1468939587,1468939601,14
1,1468939604,1468939608,4
1,1468939635,1468939648,13
14,1468939647,1468939655,8
1,1468939664,1468939668,4
14,1468939668,1468939671,3
1,1468939674,1468939686,12
1,1468939722,1468939727,5
1,1468939733,1468939753,20
4,1468939748,1468939752,4
1,1468939756,1468939758,2
4,1468939756,1468939759,3
4,1468939760,1468939762,2
4,1468939762,1468939807,45
1,1468939769,1468939778,9
14,1468939774,1468939781,7
1,1468939782,1468939796,14
1,1468939799,1468939805,6
4,1468939807,1468939811,4
4,1468939811,1468939814,3
1,1468939813,1468939816,3
4,1468939818,1468939856,38
1,1468939820,1468939823,3
14,1468939822,1468939829,7
1,1468939844,1468939854,10
4,1468939856,1468939860,4
4,1468939860,1468939863,3
10,1468939862,1468939863,1
4,1468939864,1468939866,2
10,1468939864,1468939866,2
4,1468939866,1468939868,2
4,1468939868,1468939896,28
10,1468939869,1468939874,5
1,1468939873,1468939902,29
4,1468939903,1468939909,6
1,1468939906,1468939921,15
4,1468939910,1468939912,2
4,1468939914,1468939917,3
4,1468939917,1468939920,3
4,1468939924,1468939928,4
1,1468939926,1468939927,1
10,1468939928,1468939931,3
4,1468939931,1468939933,2
4,1468939934,1468939936,2
4,1468939936,1468939950,14
1,1468939945,1468939952,7
4,1468939950,1468939953,3
4,1468939953,1468939961,8
1,1468939957,1468939973,16
4,1468939961,1468939964,3
4,1468939964,1468939968,4
4,1468939971,1468939974,3
4,1468939974,1468939976,2
10,1468939974,1468939975,1
10,1468939976,1468939978,2
1,1468939977,1468939979,2
4,1468939980,1468940008,28
1,1468939984,1468939992,8
14,1468939989,1468939996,7
1,1468940001,1468940008,7
4,1468940009,1468940016,7
10,1468940010,1468940012,2
4,1468940019,1468940030,11
1,1468940020,1468940040,20
4,1468940030,1468940034,4
4,1468940042,1468940060,18
1,1468940051,1468940059,8
4,1468940061,1468940072,11
1,1468940064,1468940097,33
4,1468940079,1468940091,12
4,1468940091,1468940094,3
4,1468940097,1468940103,6
1,1468940100,1468940105,5
4,1468940106,1468940109,3
4,1468940109,1468940113,4
4,1468940113,1468940153,40
1,1468940116,1468940121,5
1,1468940124,1468940127,3
1,1468940130,1468940132,2
1,1468940136,1468940139,3
1,1468940142,1468940145,3
4,1468940153,1468940156,3
1,1468940155,1468940160,5
4,1468940161,1468940172,11
1,1468940165,1468940188,23
4,1468940176,1468940185,9
4,1468940185,1468940190,5
1,1468940192,1468940197,5
1,1468940203,1468940207,4
14,1468940207,1468940218,11
1,1468940220,1468940243,23
4,1468940230,1468940232,2
4,1468940235,1468940238,3
4,1468940238,1468940243,5
4,1468940244,1468940271,27
1,1468940248,1468940251,3
14,1468940251,1468940258,7
1,1468940260,1468940270,10
4,1468940271,1468940274,3
4,1468940274,1468940279,5
4,1468940279,1468940281,2
10,1468940283,1468940284,1
4,1468940284,1468940312,28
1,1468940292,1468940300,8
14,1468940300,1468940306,6
1,1468940308,1468940311,3
4,1468940312,1468940314,2
4,1468940314,1468940317,3
4,1468940317,1468940319,2
10,1468940318,1468940319,1
4,1468940320,1468940327,7
1,1468940323,1468940330,7
4,1468940330,1468940360,30
10,1468940330,1468940334,4
1,1468940337,1468940341,4
14,1468940340,1468940347,7
1,1468940351,1468940359,8
4,1468940361,1468940421,60
1,1468940365,1468940368,3
14,1468940368,1468940375,7
1,1468940409,1468940411,2
1,1468940414,1468940429,15
4,1468940421,1468940744,323
1,1468940433,1468940435,2
1,1468940438,1468940447,9
1,1468940450,1468940468,18
1,1468940510,1468940563,53
14,1468940560,1468940572,12
1,1468940656,1468940660,4
1,1468940696,1468940704,8
14,1468940703,1468940708,5
1,1468940708,1468940713,5
1,1468940723,1468940727,4
1,1468940738,1468940743,5
4,1468940744,1468940748,4
4,1468940751,1468940753,2
10,1468940752,1468940753,1
4,1468940753,1468940758,5
4,1468940758,1468940829,71
1,1468940759,1468940764,5
14,1468940763,1468940770,7
1,1468940771,1468940785,14
1,1468940796,1468940805,9
1,1468940813,1468940824,11
4,1468940832,1468940834,2
4,1468940834,1468940837,3
10,1468940834,1468940835,1
4,1468940837,1468940839,2
4,1468940839,1468940842,3
10,1468940839,1468940841,2
10,1468940841,1468940842,1
4,1468940842,1468940846,4
10,1468940844,1468940846,2
4,1468940846,1468945884,5038
1,1468940851,1468940856,5
14,1468940854,1468940861,7
1,1468940862,1468940865,3
14,1468940864,1468940868,4
1,1468940870,1468940875,5
1,1468940942,1468940952,10
1,1468941589,1468941591,2
1,1468944802,1468944809,7
1,1468944812,1468944829,17
1,1468944844,1468944847,3
1,1468945270,1468945277,7
1,1468945787,1468945794,7
1,1468945826,1468945828,2
1,1468945832,1468945834,2
1,1468945846,1468945864,18
1,1468945868,1468945924,56
4,1468945892,1468945894,2
4,1468945897,1468946047,150
5,1468945910,1468945912,2
1,1468946036,1468946041,5
4,1468946047,1468946049,2
4,1468946050,1468946073,23
4,1468946075,1468946079,4
4,1468946079,1468946081,2
4,1468946081,1468946084,3
4,1468946084,1468946086,2
4,1468946086,1468946089,3
4,1468946089,1468946092,3
4,1468946093,1468946101,8
10,1468946094,1468946101,7
4,1468946102,1468946104,2
4,1468946105,1468946107,2
4,1468946107,1468946112,5
10,1468946111,1468946112,1
4,1468946115,1468946119,4
1,1468946117,1468946118,1
4,1468946119,1468946122,3
4,1468946122,1468946125,3
4,1468946125,1468946127,2
4,1468946129,1468946135,6
10,1468946131,1468946135,4
4,1468946137,1468946140,3
10,1468946139,1468946140,1
4,1468946140,1468946175,35
1,1468946152,1468946162,10
1,1468946166,1468946176,10
1,1468946185,1468946198,13
4,1468946190,1468946193,3
4,1468946193,1468946197,4
4,1468946202,1468946209,7
1,1468946203,1468946208,5
4,1468946209,1468946211,2
4,1468946211,1468946214,3
10,1468946212,1468946213,1
1,1468946235,1468946240,5
1,1468946243,1468946256,13
4,1468946260,1468946264,4
1,1468946261,1468946263,2
4,1468946264,1468946270,6
1,1468946267,1468946270,3
4,1468946270,1468946280,10
1,1468946274,1468946286,12
4,1468946280,1468946286,6
4,1468946287,1468946295,8
10,1468946287,1468946289,2
4,1468946295,1468946298,3
10,1468946296,1468946297,1
4,1468946298,1468946303,5
10,1468946299,1468946303,4
4,1468946303,1468946307,4
10,1468946303,1468946305,2
1,1468946305,1468946306,1
4,1468946307,1468946313,6
1,1468946311,1468946323,12
4,1468946324,1468946326,2
4,1468946328,1468946330,2
4,1468946332,1468946341,9
4,1468946341,1468946343,2
10,1468946342,1468946343,1
4,1468946344,1468946346,2
10,1468946345,1468946346,1
4,1468946346,1468946348,2
4,1468946348,1468946351,3
4,1468946353,1468946356,3
10,1468946354,1468946356,2
4,1468946357,1468946359,2
10,1468946361,1468946365,4
4,1468946365,1468946369,4
4,1468946369,1468946372,3
10,1468946369,1468946371,2
4,1468946372,1468946425,53
1,1468946377,1468946396,19
1,1468946402,1468946425,23
4,1468946426,1468946429,3
10,1468946428,1468946429,1
4,1468946429,1468946432,3
10,1468946431,1468946432,1
1,1468946437,1468946445,8
14,1468946444,1468946453,9
1,1468946457,1468946465,8
4,1468946465,1468946468,3
4,1468946468,1468946470,2
10,1468946470,1468946471,1
1,1468946472,1468946494,22
4,1468946492,1468946494,2
4,1468946495,1468946497,2
4,1468946497,1468946500,3
10,1468946497,1468946498,1
1,1468946498,1468946516,18
4,1468946500,1468946504,4
4,1468946508,1468946511,3
4,1468946513,1468946517,4
4,1468946518,1468946521,3
4,1468946521,1468946523,2
1,1468946526,1468946530,4
14,1468946530,1468946536,6
1,1468946541,1468946555,14
1,1468946567,1468946572,5
4,1468946573,1468946576,3
4,1468946576,1468946579,3
4,1468946580,1468946583,3
4,1468946583,1468946585,2
10,1468946583,1468946585,2
4,1468946590,1468946592,2
4,1468946592,1468946596,4
4,1468946596,1468946601,5
10,1468946599,1468946604,5
4,1468946602,1468946607,5
4,1468946607,1468946619,12
1,1468946613,1468946620,7
4,1468946622,1468946625,3
10,1468946624,1468946625,1
4,1468946625,1468946627,2
4,1468946629,1468946637,8
1,1468946633,1468946636,3
4,1468946638,1468946649,11
10,1468946641,1468946646,5
4,1468946651,1468946654,3
1,1468946659,1468946662,3
4,1468946662,1468946666,4
10,1468946663,1468946665,2
4,1468946666,1468946699,33
1,1468946666,1468946672,6
1,1468946682,1468946697,15
4,1468946699,1468946711,12
1,1468946701,1468946706,5
4,1468946711,1468946721,10
10,1468946717,1468946721,4
4,1468946724,1468946726,2
4,1468946728,1468946731,3
1,1468946733,1468946752,19
4,1468946738,1468946742,4
4,1468946744,1468946784,40
1,1468946755,1468946759,4
1,1468946774,1468946783,9
4,1468946784,1468946787,3
4,1468946789,1468946792,3
10,1468946790,1468946792,2
4,1468946792,1468946795,3
4,1468946795,1468946797,2
10,1468946795,1468946797,2
4,1468946797,1468946803,6
4,1468946803,1468946874,71
1,1468946814,1468946824,10
14,1468946820,1468946826,6
1,1468946829,1468946832,3
1,1468946838,1468946840,2
1,1468946853,1468946883,30
4,1468946875,1468946880,5
4,1468946881,1468946884,3
4,1468946884,1468946994,110
1,1468946920,1468946929,9
1,1468946986,1468947022,36
4,1468947004,1468947070,66
1,1468947025,1468947032,7
1,1468947045,1468947046,1
1,1468947049,1468947052,3
1,1468947060,1468947073,13
4,1468947072,1468947103,31
1,1468947087,1468947092,5
4,1468947103,1468947107,4
1,1468947104,1468947106,2
4,1468947107,1468947109,2
4,1468947110,1468947115,5
1,1468947111,1468947133,22
4,1468947119,1468947123,4
10,1468947120,1468947121,1
4,1468947124,1468947131,7
4,1468947138,1468947141,3
4,1468947141,1468947152,11
1,1468947144,1468947150,6
4,1468947152,1468947161,9
1,1468947153,1468947171,18
4,1468947161,1468947164,3
4,1468947164,1468947166,2
4,1468947166,1468947170,4
4,1468947170,1468947178,8
1,1468947175,1468947177,2
4,1468947178,1468947182,4
4,1468947182,1468947201,19
1,1468947187,1468947188,1
1,1468947192,1468947218,26
4,1468947205,1468947215,10
10,1468947205,1468947206,1
4,1468947215,1468947219,4
4,1468947220,1468947224,4
4,1468947224,1468947242,18
1,1468947225,1468947228,3
1,1468947235,1468947243,8
10,1468947242,1468947244,2
4,1468947246,1468947251,5
1,1468947248,1468947249,1
4,1468947251,1468947259,8
1,1468947252,1468947268,16
4,1468947261,1468947263,2
4,1468947266,1468947269,3
4,1468947269,1468947272,3
4,1468947272,1468947369,97
1,1468947276,1468947283,7
14,1468947282,1468947290,8
1,1468947359,1468947368,9
4,1468947369,1468947435,66
1,1468947373,1468947376,3
14,1468947376,1468947382,6
1,1468947400,1468947406,6
1,1468947409,1468947412,3
1,1468947415,1468947417,2
1,1468947421,1468947442,21
4,1468947437,1468947511,74
1,1468947460,1468947471,11
1,1468947477,1468947480,3
1,1468947484,1468947496,12
1,1468947500,1468947510,10
4,1468947511,1468947513,2
4,1468947514,1468947516,2
4,1468947517,1468947519,2
4,1468947519,1468947521,2
4,1468947521,1468947525,4
4,1468947525,1468947531,6
1,1468947527,1468947562,35
4,1468947532,1468947534,2
10,1468947532,1468947534,2
4,1468947534,1468947536,2
4,1468947536,1468947543,7
4,1468947546,1468947549,3
4,1468947549,1468947552,3
4,1468947555,1468947568,13
4,1468947568,1468947570,2
4,1468947570,1468947609,39
4,1468947609,1468947620,11
10,1468947610,1468947620,10
4,1468947622,1468947624,2
4,1468947624,1468947627,3
4,1468947627,1468947630,3
10,1468947628,1468947630,2
4,1468947630,1468947633,3
10,1468947632,1468947633,1
4,1468947634,1468947640,6
4,1468947640,1468947642,2
4,1468947642,1468947644,2
10,1468947642,1468947644,2
4,1468947645,1468947647,2
4,1468947647,1468947651,4
4,1468947652,1468947654,2
10,1468947652,1468947654,2
4,1468947654,1468947658,4
10,1468947654,1468947658,4
4,1468947658,1468947661,3
4,1468947661,1468947664,3
4,1468947665,1468947667,2
4,1468947668,1468947670,2
4,1468947670,1468947673,3
10,1468947671,1468947672,1
4,1468947673,1468947675,2
4,1468947676,1468947682,6
10,1468947676,1468947677,1
4,1468947683,1468947686,3
4,1468947686,1468947722,36
1,1468947692,1468947695,3
14,1468947695,1468947703,8
1,1468947707,1468947727,20
4,1468947722,1468947728,6
10,1468947722,1468947725,3
4,1468947728,1468947730,2
4,1468947732,1468947734,2
4,1468947734,1468947737,3
1,1468947761,1468947766,5
1,1468947771,1468947780,9
1,1468947789,1468947799,10
4,1468947808,1468947816,8
1,1468947808,1468947833,25
4,1468947816,1468947818,2
4,1468947827,1468947834,7
4,1468947834,1468947837,3
4,1468947837,1468947841,4
10,1468947839,1468947841,2
4,1468947842,1468947851,9
4,1468947852,1468947854,2
4,1468947855,1468947867,12
1,1468947856,1468947872,16
4,1468947867,1468947873,6
4,1468947873,1468947877,4
10,1468947874,1468947876,2
1,1468947875,1468947883,8
4,1468947877,1468947900,23
1,1468947891,1468947899,8
10,1468947901,1468947902,1
4,1468947904,1468947906,2
1,1468947909,1468947914,5
14,1468947911,1468947920,9
1,1468947927,1468947936,9
4,1468947934,1468947937,3
4,1468947940,1468947943,3
1,1468947941,1468947942,1
1,1468947946,1468947951,5
14,1468947949,1468947957,8
1,1468947958,1468947969,11
14,1468947969,1468947971,2
1,1468947974,1468947980,6
1,1468947990,1468947995,5
1,1468948006,1468948009,3
1,1468948018,1468948054,36
4,1468948027,1468948046,19
4,1468948051,1468948055,4
10,1468948055,1468948057,2
4,1468948057,1468948062,5
1,1468948059,1468948065,6
4,1468948062,1468948067,5
4,1468948067,1468948447,380
10,1468948069,1468948443,374
1,1468948441,1468948452,11
4,1468948451,1468948477,26
1,1468948463,1468948464,1
1,1468948472,1468948479,7
4,1468948480,1468948482,2
4,1468948483,1468948487,4
1,1468948484,1468948491,7
4,1468948487,1468948529,42
1,1468948496,1468948497,1
1,1468948525,1468948531,6
4,1468948529,1468948532,3
4,1468948532,1468948534,2
10,1468948533,1468948534,1
4,1468948534,1468948537,3
4,1468948537,1468948539,2
4,1468948539,1468948545,6
10,1468948540,1468948542,2
1,1468948541,1468948544,3
4,1468948545,1468948548,3
4,1468948548,1468948553,5
1,1468948550,1468948559,9
4,1468948561,1468948564,3
1,1468948563,1468948564,1
4,1468948565,1468948577,12
1,1468948567,1468948569,2
1,1468948573,1468948574,1
4,1468948577,1468948611,34
1,1468948581,1468948591,10
14,1468948588,1468948595,7
1,1468948598,1468948633,35
4,1468948620,1468948631,11
14,1468948623,1468948630,7
1,1468948638,1468948640,2
14,1468948639,1468948646,7
1,1468948653,1468948655,2
1,1468948660,1468948672,12
1,1468948681,1468948685,4
4,1468948686,1468948688,2
4,1468948689,1468948692,3
10,1468948690,1468948692,2
4,1468948692,1468948694,2
4,1468948706,1468948708,2
4,1468948708,1468948710,2
4,1468948710,1468948712,2
4,1468948712,1468948716,4
1,1468948714,1468948715,1
4,1468948716,1468948719,3
10,1468948717,1468948718,1
4,1468948719,1468948721,2
4,1468948725,1468948728,3
4,1468948728,1468948732,4
1,1468948730,1468948734,4
4,1468948732,1468948738,6
4,1468948738,1468948740,2
1,1468948741,1468948747,6
4,1468948746,1468948748,2
4,1468948748,1468948750,2
1,1468948754,1468948771,17
4,1468948758,1468948761,3
4,1468948762,1468948766,4
4,1468948766,1468948772,6
4,1468948773,1468948780,7
1,1468948776,1468948782,6
4,1468948780,1468948782,2
4,1468948782,1468948785,3
1,1468948790,1468948799,9
4,1468948793,1468948796,3
4,1468948796,1468948800,4
4,1468948800,1468948802,2
4,1468948802,1468948820,18
10,1468948804,1468948808,4
1,1468948813,1468948819,6
4,1468948823,1468948825,2
4,1468948825,1468948831,6
4,1468948833,1468948838,5
4,1468948838,1468948849,11
1,1468948841,1468948843,2
4,1468948849,1468948851,2
4,1468948852,1468948854,2
4,1468948855,1468948857,2
4,1468948857,1468948862,5
4,1468948862,1468948868,6
4,1468948868,1468948870,2
4,1468948870,1468948873,3
4,1468948873,1468948890,17
1,1468948886,1468948889,3
4,1468948890,1468948897,7
1,1468948894,1468948896,2
4,1468948897,1468948899,2
4,1468948902,1468948904,2
4,1468948907,1468948984,77
1,1468948914,1468948915,1
1,1468948925,1468948928,3
14,1468948928,1468948935,7
1,1468948967,1468948969,2
1,1468948978,1468948983,5
4,1468948984,1468948995,11
10,1468948984,1468948986,2
4,1468948995,1468948998,3
4,1468949000,1468949014,14
10,1468949000,1468949001,1
4,1468949014,1468949039,25
1,1468949063,1468949064,1
4,1468949065,1468949067,2
4,1468949068,1468949070,2
4,1468949070,1468949075,5
10,1468949071,1468949073,2
4,1468949075,1468949082,7
10,1468949076,1468949077,1
4,1468949088,1468949091,3
4,1468949091,1468949093,2
4,1468949094,1468949096,2
4,1468949096,1468949100,4
4,1468949100,1468949107,7
10,1468949101,1468949107,6
4,1468949107,1468949117,10
1,1468949119,1468949130,11
4,1468949135,1468949137,2
10,1468949136,1468949137,1
4,1468949137,1468949141,4
4,1468949141,1468949146,5
1,1468949144,1468949145,1
4,1468949147,1468949149,2
4,1468949149,1468949161,12
1,1468949152,1468949160,8
4,1468949167,1468949256,89
1,1468949174,1468949179,5
14,1468949178,1468949188,10
1,1468949202,1468949210,8
1,1468949215,1468949218,3
1,1468949223,1468949225,2
1,1468949229,1468949241,12
1,1468949245,1468949254,9
4,1468949257,1468949259,2
4,1468949259,1468949301,42
1,1468949263,1468949267,4
1,1468949272,1468949275,3
14,1468949275,1468949282,7
1,1468949283,1468949284,1
1,1468949288,1468949300,12
4,1468949301,1468949305,4
10,1468949303,1468949305,2
4,1468949305,1468949311,6
1,1468949308,1468949313,5
4,1468949311,1468949314,3
4,1468949316,1468949334,18
1,1468949320,1468949322,2
1,1468949332,1468949334,2
4,1468949335,1468949344,9
1,1468949339,1468949340,1
4,1468949344,1468949349,5
1,1468949345,1468949348,3
1,1468949351,1468949361,10
4,1468949362,1468949364,2
4,1468949364,1468949369,5
1,1468949366,1468949368,2
4,1468949370,1468949375,5
1,1468949373,1468949379,6
4,1468949375,1468949381,6
4,1468949382,1468949384,2
10,1468949385,1468949386,1
4,1468949386,1468949398,12
1,1468949388,1468949395,7
1,1468949400,1468949409,9
1,1468949415,1468949428,13
14,1468949427,1468949433,6
1,1468949444,1468949461,17
4,1468949471,1468949473,2
4,1468949473,1468949478,5
1,1468949476,1468949482,6
4,1468949483,1468949486,3
10,1468949484,1468949486,2
4,1468949486,1468949489,3
4,1468949489,1468949495,6
1,1468949492,1468949534,42
4,1468949499,1468949504,5
4,1468949508,1468949513,5
4,1468949519,1468949523,4
4,1468949528,1468949532,4
1,1468949537,1468949542,5
4,1468949543,1468949548,5
1,1468949545,1468949548,3
4,1468949550,1468949552,2
4,1468949553,1468949555,2
4,1468949555,1468949558,3
4,1468949558,1468950283,725
1,1468950264,1468950268,4
1,1468950271,1468950282,11
4,1468950283,1468950285,2
4,1468950286,1468950309,23
1,1468950292,1468950309,17
4,1468950309,1468950314,5
10,1468950310,1468950313,3
1,1468950312,1468950317,5
4,1468950314,1468950316,2
10,1468950314,1468950316,2
4,1468950316,1468950318,2
4,1468950318,1468950322,4
4,1468950323,1468950325,2
4,1468950325,1468950331,6
4,1468950331,1468950334,3
4,1468950334,1468950337,3
4,1468950337,1468950364,27
1,1468950345,1468950348,3
1,1468950357,1468950361,4
4,1468950365,1468950367,2
4,1468950367,1468950370,3
10,1468950370,1468950373,3
4,1468950373,1468950376,3
10,1468950373,1468950376,3
4,1468950376,1468950378,2
4,1468950378,1468950383,5
10,1468950381,1468950383,2
4,1468950385,1468950388,3
10,1468950386,1468950388,2
4,1468950388,1468950423,35
10,1468950391,1468950394,3
1,1468950399,1468950402,3
14,1468950402,1468950408,6
1,1468950411,1468950412,1
1,1468950417,1468950422,5
4,1468950423,1468950426,3
1,1468950430,1468950433,3
14,1468950433,1468950439,6
1,1468950446,1468950453,7
1,1468950457,1468950461,4
4,1468950464,1468950466,2
4,1468950466,1468950531,65
1,1468950470,1468950472,2
14,1468950472,1468950479,7
1,1468950484,1468950494,10
1,1468950504,1468950507,3
1,1468950512,1468950520,8
14,1468950515,1468950517,2
1,1468950523,1468950535,12
1,1468950549,1468950555,6
1,1468950559,1468950570,11
4,1468950571,1468950573,2
1,1468950580,1468950588,8
14,1468950588,1468950596,8
1,1468950598,1468950618,20
4,1468950612,1468950616,4
4,1468950619,1468950621,2
4,1468950621,1468950623,2
4,1468950624,1468950627,3
1,1468950628,1468950630,2
4,1468950633,1468950637,4
4,1468950638,1468950657,19
1,1468950641,1468950647,6
14,1468950646,1468950652,6
1,1468950653,1468950656,3
4,1468950657,1468950695,38
1,1468950662,1468950701,39
14,1468950665,1468950671,6
4,1468950696,1468950703,7
4,1468950703,1468950705,2
4,1468950705,1468950708,3
4,1468950709,1468950712,3
1,1468950712,1468950717,5
4,1468950713,1468950741,28
1,1468950720,1468950724,4
1,1468950727,1468950736,9
4,1468950741,1468950743,2
10,1468950742,1468950743,1
4,1468950744,1468950747,3
10,1468950744,1468950745,1
4,1468950747,1468950759,12
1,1468950751,1468950758,7
4,1468950760,1468950763,3
1,1468950764,1468950771,7
14,1468950769,1468950779,10
1,1468950780,1468950782,2
1,1468950788,1468950792,4
1,1468950797,1468950808,11
4,1468950813,1468950816,3
4,1468950816,1468950819,3
4,1468950819,1468950822,3
4,1468950822,1468950827,5
4,1468950827,1468950829,2
4,1468950829,1468950834,5
1,1468950831,1468950834,3
4,1468950835,1468950837,2
4,1468950837,1468950841,4
4,1468950841,1468950873,32
1,1468950845,1468950882,37
4,1468950875,1468950880,5
4,1468950882,1468950886,4
4,1468950886,1468950889,3
1,1468950887,1468950888,1
1,1468950891,1468950900,9
4,1468950900,1468950933,33
10,1468950901,1468950903,2
1,1468950903,1468950905,2
1,1468950921,1468950959,38
4,1468950933,1468950937,4
4,1468950946,1468950949,3
4,1468950958,1468950962,4
1,1468950963,1468950985,22
4,1468950969,1468950973,4
4,1468950984,1468950988,4
1,1468950988,1468951011,23
4,1468951009,1468951014,5
1,1468951015,1468951028,13
4,1468951028,1468951032,4
1,1468951032,1468951055,23
4,1468951042,1468951046,4
4,1468951054,1468951058,4
1,1468951059,1468951067,8
4,1468951067,1468951072,5
1,1468951074,1468951108,34
4,1468951079,1468951084,5
4,1468951095,1468951100,5
4,1468951109,1468951114,5
1,1468951116,1468951127,11
4,1468951126,1468951130,4
1,1468951130,1468951140,10
4,1468951139,1468951143,4
1,1468951144,1468951155,11
4,1468951154,1468951158,4
1,1468951159,1468951174,15
4,1468951174,1468951178,4
1,1468951178,1468951179,1
4,1468951179,1468951184,5
1,1468951182,1468951205,23
4,1468951184,1468951204,20
4,1468951204,1468951209,5
1,1468951209,1468951221,12
4,1468951220,1468951226,6
1,1468951226,1468951245,19
4,1468951242,1468951244,2
4,1468951246,1468951252,6
1,1468951249,1468951268,19
4,1468951267,1468951271,4
1,1468951272,1468951280,8
1,1468951283,1468951285,2
4,1468951285,1468951289,4
1,1468951290,1468951306,16
4,1468951306,1468951310,4
1,1468951317,1468951331,14
14,1468951329,1468951336,7
1,1468951365,1468951366,1
1,1468951372,1468951380,8
1,1468951386,1468951388,2
1,1468951407,1468951413,6
1,1468951421,1468951423,2
1,1468951445,1468951451,6
4,1468951451,1468951455,4
10,1468951454,1468951455,1
4,1468951455,1468951459,4
4,1468951461,1468951464,3
1,1468951467,1468951474,7
4,1468951470,1468951474,4
1,1468951486,1468951489,3
14,1468951489,1468951495,6
1,1468951498,1468951500,2
1,1468951504,1468951524,20
14,1468951524,1468951592,68
11,1468951526,1468951535,9
4,1468951526,1468951529,3
1,1468951529,1468951536,7
4,1468951530,1468951532,2
4,1468951533,1468951536,3
11,1468951535,1468951590,55
1,1468951552,1468951553,1
1,1468951560,1468951561,1
1,1468951565,1468951568,3
1,1468951572,1468951575,3
1,1468951583,1468951603,20
11,1468951590,1468951592,2
4,1468951591,1468951605,14
5,1468951591,1468951592,1
4,1468951606,1468951613,7
1,1468951608,1468951637,29
4,1468951617,1468951622,5
4,1468951625,1468951629,4
14,1468951637,1468951644,7
1,1468961772,1468961804,32
1,1468961807,1468961826,19
1,1468961834,1468961855,21
1,1468961860,1468961867,7
1,1468961880,1468961883,3
4,1468961886,1468961896,10
1,1468961888,1468961895,7
4,1468961896,1468961898,2
4,1468961898,1468961909,11
5,1468961900,1468961901,1
1,1468961902,1468961919,17
4,1468961920,1468961958,38
1,1468961930,1468961934,4
1,1468961951,1468961957,6
4,1468961958,1468961962,4
10,1468961959,1468961960,1
4,1468961962,1468961964,2
4,1468961964,1468962012,48
1,1468961974,1468961978,4
1,1468962000,1468962010,10
4,1468962012,1468962014,2
10,1468962012,1468962013,1
4,1468962014,1468962019,5
10,1468962016,1468962019,3
4,1468962019,1468962021,2
4,1468962021,1468962037,16
1,1468962027,1468962030,3
1,1468962033,1468962050,17
4,1468962045,1468962052,7
4,1468962052,1468962057,5
4,1468962057,1468962075,18
1,1468962062,1468962064,2
4,1468962075,1468962109,34
1,1468962091,1468962096,5
1,1468962100,1468962113,13
4,1468962110,1468962114,4
4,1468962114,1468962138,24
1,1468962127,1468962134,7
4,1468962138,1468962145,7
1,1468962139,1468962146,7
4,1468962147,1468962149,2
4,1468962149,1468962155,6
1,1468962152,1468962192,40
4,1468962156,1468962158,2
4,1468962159,1468962162,3
4,1468962163,1468962166,3
4,1468962171,1468962177,6
4,1468962177,1468962272,95
5,1468962185,1468962187,2
1,1468962268,1468962270,2
4,1468962273,1468962288,15
10,1468962274,1468962280,6
1,1468962277,1468962290,13
4,1468962288,1468962291,3
4,1468962291,1468962306,15
1,1468962294,1468962296,2
1,1468962300,1468962327,27
4,1468962316,1468962328,12
4,1468962328,1468962348,20
1,1468962341,1468962347,6
4,1468962350,1468962352,2
4,1468962353,1468962361,8
1,1468962355,1468962392,37
4,1468962366,1468962370,4
4,1468962375,1468962379,4
4,1468962383,1468962387,4
4,1468962391,1468962412,21
1,1468962400,1468962486,86
4,1468962419,1468962425,6
4,1468962431,1468962436,5
4,1468962439,1468962465,26
4,1468962465,1468962512,47
1,1468962492,1468962511,19
5,1468962502,1468962504,2
4,1468962512,1468962514,2
4,1468962514,1468962524,10
1,1468962517,1468962523,6
4,1468962524,1468962526,2
4,1468962526,1468962577,51
10,1468962526,1468962527,1
1,1468962530,1468962531,1
1,1468962550,1468962554,4
1,1468962557,1468962576,19
4,1468962577,1468962581,4
10,1468962579,1468962581,2
4,1468962581,1468962583,2
4,1468962583,1468962598,15
1,1468962585,1468962592,7
1,1468962595,1468962605,10
4,1468962602,1468962652,50
1,1468962646,1468962649,3
4,1468962652,1468962655,3
4,1468962656,1468962659,3
4,1468962659,1468962662,3
4,1468962662,1468962666,4
10,1468962663,1468962665,2
4,1468962667,1468962669,2
4,1468962669,1468962673,4
4,1468962673,1468962675,2
4,1468962675,1468962678,3
4,1468962678,1468962680,2
4,1468962680,1468962689,9
1,1468962684,1468962708,24
1,1468962720,1468962729,9
4,1468962722,1468962728,6
4,1468962730,1468962741,11
1,1468962737,1468962749,12
4,1468962750,1468962771,21
1,1468962754,1468962777,23
4,1468962778,1468962781,3
4,1468962781,1468962792,11
1,1468962783,1468962791,8
1,1468962795,1468962800,5
4,1468962801,1468962804,3
4,1468962804,1468962854,50
1,1468962813,1468962820,7
1,1468962839,1468962844,5
1,1468962849,1468962852,3
1,1468962857,1468962861,4
4,1468962862,1468962884,22
10,1468962864,1468962865,1
1,1468962868,1468962870,2
1,1468962873,1468962887,14
4,1468962888,1468962891,3
10,1468962889,1468962891,2
4,1468962891,1468962895,4
4,1468962898,1468962910,12
1,1468962900,1468962914,14
4,1468962915,1468962937,22
1,1468962926,1468962931,5
4,1468962937,1468962939,2
4,1468962939,1468962941,2
4,1468962942,1468962944,2
4,1468962944,1468962948,4
4,1468962948,1468962950,2
10,1468962950,1468962951,1
4,1468962951,1468962953,2
4,1468962953,1468962961,8
1,1468962956,1468962963,7
4,1468962964,1468962970,6
4,1468962970,1469002223,39253
1,1468962974,1468962977,3
1,1468962980,1468962983,3
1,1468963058,1468963066,8
1,1468963242,1468963245,3
1,1468963377,1468963382,5
1,1469002076,1469002078,2
1,1469002103,1469002106,3
1,1469002109,1469002117,8
1,1469002148,1469002163,15
1,1469002171,1469002173,2
4,1469002223,1469002228,5
4,1469002228,1469002243,15
1,1469002230,1469002238,8
4,1469002243,1469002255,12
1,1469002247,1469002252,5
4,1469002255,1469002276,21
1,1469002256,1469002258,2
1,1469002262,1469002273,11
4,1469002276,1469002300,24
1,1469002278,1469002281,3
1,1469002286,1469002292,6
1,1469002295,1469002298,3
4,1469002300,1469002307,7
1,1469002301,1469002304,3
4,1469002307,1469002315,8
1,1469002308,1469002311,3
1,1469002314,1469002329,15
4,1469002315,1469002324,9
4,1469002324,1469002333,9
1,1469002333,1469002342,9
4,1469002333,1469002345,12
4,1469002345,1469002356,11
1,1469002347,1469002354,7
1,1469002362,1469002371,9
4,1469002372,1469002383,11
1,1469002375,1469002380,5
4,1469002383,1469002403,20
1,1469002384,1469002388,4
1,1469002391,1469002393,2
1,1469002399,1469002402,3
4,1469002403,1469002411,8
1,1469002405,1469002407,2
1,1469002410,1469002424,14
1,1469002428,1469002430,2
1,1469002434,1469002438,4
4,1469002441,1469002457,16
1,1469002442,1469002445,3
1,1469002451,1469002461,10
4,1469002457,1469002477,20
1,1469002464,1469002493,29
4,1469002483,1469002490,7
4,1469002490,1469002496,6
4,1469002496,1469002641,145
1,1469002499,1469002505,6
1,1469002514,1469002519,5
1,1469002600,1469002608,8
1,1469002612,1469002630,18
1,1469002635,1469002637,2
4,1469002641,1469002663,22
1,1469002642,1469002660,18
4,1469002663,1469002678,15
1,1469002668,1469002679,11
4,1469002678,1469002692,14
1,1469002683,1469002689,6
4,1469002692,1469002708,16
1,1469002693,1469002733,40
4,1469002708,1469002714,6
4,1469002714,1469002720,6
4,1469002720,1469002726,6
4,1469002726,1469002735,9
4,1469002735,1469003169,434
1,1469002737,1469002744,7
1,1469002799,1469002803,4
1,1469002893,1469002894,1
1,1469002904,1469002917,13
1,1469002950,1469002958,8
1,1469002964,1469002969,5
1,1469002973,1469002974,1
1,1469002979,1469003037,58
1,1469003040,1469003096,56
1,1469003102,1469003120,18
1,1469003135,1469003150,15
1,1469003155,1469003167,12
1,1469003172,1469003181,9
4,1469003177,1469003182,5
1,1469003186,1469003210,24
1,1469003439,1469003447,8
14,1469003446,1469003449,3
1,1469003454,1469003458,4
1,1469003461,1469003464,3
1,1469003468,1469003478,10
4,1469003482,1469003515,33
1,1469003488,1469003490,2
14,1469003490,1469003497,7
1,1469003494,1469003506,12
1,1469003512,1469003514,2
4,1469003515,1469003519,4
4,1469003519,1469003523,4
10,1469003519,1469003521,2
4,1469003523,1469003527,4
10,1469003524,1469003525,1
4,1469003527,1469003529,2
4,1469003529,1469003536,7
1,1469003538,1469003543,5
14,1469003540,1469003548,8
1,1469003548,1469003556,8
4,1469003556,1469003560,4
10,1469003557,1469003560,3
4,1469003560,1469003563,3
10,1469003563,1469003564,1
4,1469003564,1469003567,3
4,1469003568,1469003602,34
1,1469003576,1469003582,6
14,1469003581,1469003587,6
1,1469003589,1469003592,3
1,1469003598,1469003603,5
1,1469003606,1469003622,16
14,1469003609,1469003616,7
1,1469003627,1469003630,3
4,1469003631,1469003633,2
4,1469003633,1469003636,3
4,1469003636,1469003638,2
4,1469003638,1469003640,2
4,1469003641,1469003643,2
4,1469003643,1469003645,2
4,1469003645,1469003647,2
4,1469003647,1469003651,4
4,1469003652,1469003655,3
10,1469003652,1469003655,3
4,1469003656,1469003659,3
10,1469003658,1469003659,1
4,1469003660,1469003663,3
10,1469003662,1469003663,1
4,1469003664,1469003667,3
10,1469003665,1469003667,2
4,1469003669,1469003680,11
4,1469003680,1469003683,3
4,1469003683,1469003686,3
4,1469003687,1469003689,2
4,1469003689,1469003691,2
4,1469003691,1469003694,3
10,1469003692,1469003694,2
4,1469003694,1469003696,2
4,1469003696,1469003699,3
4,1469003699,1469003702,3
4,1469003703,1469003705,2
4,1469003705,1469003707,2
4,1469003707,1469003710,3
10,1469003708,1469003710,2
4,1469003710,1469003712,2
4,1469003712,1469003714,2
4,1469003719,1469003750,31
1,1469003724,1469003762,38
4,1469003755,1469003758,3
4,1469003759,1469003761,2
1,1469003765,1469003770,5
4,1469003771,1469003784,13
1,1469003782,1469003801,19
4,1469003784,1469003801,17
4,1469003801,1469003804,3
4,1469003804,1469003807,3
10,1469003804,1469003806,2
1,1469003810,1469003823,13
4,1469003823,1469003841,18
1,1469003827,1469003829,2
1,1469003837,1469003840,3
4,1469003842,1469003848,6
4,1469003848,1469003850,2
4,1469003850,1469003855,5
10,1469003850,1469003855,5
4,1469003857,1469003861,4
4,1469003861,1469003864,3
4,1469003864,1469003867,3
4,1469003868,1469003875,7
4,1469003875,1469003878,3
1,1469003876,1469003902,26
4,1469003879,1469003881,2
4,1469003881,1469003884,3
4,1469003888,1469003891,3
4,1469003891,1469003893,2
10,1469003891,1469003893,2
10,1469003894,1469003898,4
4,1469003900,1469003904,4
1,1469003907,1469003915,8
4,1469003913,1469003916,3
4,1469003916,1469003919,3
10,1469003917,1469003919,2
4,1469003919,1469003929,10
1,1469003925,1469003930,5
4,1469003930,1469003932,2
4,1469003933,1469003940,7
1,1469003934,1469003949,15
4,1469003949,1469003985,36
1,1469003955,1469003961,6
1,1469003967,1469003969,2
1,1469003974,1469003997,23
4,1469003989,1469003991,2
4,1469003991,1469003993,2
4,1469003994,1469003998,4
4,1469003998,1469004000,2
4,1469004000,1469004003,3
1,1469004001,1469004013,12
4,1469004003,1469004010,7
4,1469004014,1469004017,3
10,1469004015,1469004017,2
4,1469004017,1469004022,5
1,1469004020,1469004021,1
4,1469004022,1469004054,32
1,1469004028,1469004029,1
1,1469004032,1469004043,11
1,1469004046,1469004056,10
1,1469004062,1469004067,5
4,1469004068,1469004221,153
1,1469004071,1469004092,21
14,1469004092,1469004101,9
1,1469004105,1469004111,6
1,1469004169,1469004181,12
1,1469004187,1469004188,1
1,1469004193,1469004195,2
1,1469004215,1469004219,4
1,1469004232,1469004241,9
1,1469004248,1469004257,9
1,1469004263,1469004281,18
4,1469004272,1469004279,7
4,1469004279,1469004320,41
1,1469004285,1469004292,7
1,1469004297,1469004329,32
4,1469004324,1469004355,31
1,1469004345,1469004348,3
1,1469004351,1469004358,7
4,1469004359,1469004364,5
1,1469004364,1469004369,5
4,1469004367,1469004420,53
1,1469004376,1469004385,9
1,1469004389,1469004391,2
1,1469004398,1469004416,18
4,1469004420,1469004678,258
1,1469004422,1469004428,6
1,1469004541,1469004543,2
1,1469004548,1469004554,6
1,1469004566,1469004583,17
1,1469004593,1469004598,5
1,1469004673,1469004694,21
1,1469004698,1469004702,4
1,1469004709,1469004724,15
1,1469004764,1469004772,8
1,1469004776,1469004800,24
1,1469004806,1469004812,6
1,1469004815,1469004821,6
1,1469004825,1469004828,3
1,1469004832,1469004836,4
1,1469004840,1469004864,24
1,1469004868,1469004873,5
4,1469004875,1469004878,3
4,1469004879,1469004882,3
1,1469004883,1469004886,3
1,1469004896,1469004897,1
1,1469004904,1469004906,2
1,1469004920,1469004937,17
1,1469005852,1469005865,13
4,1469005860,1469005867,7
1,1469005869,1469005874,5
4,1469005870,1469027670,21800
1,1469027628,1469027649,21
5,1469027649,1469027656,7
1,1469027657,1469027674,17
4,1469027676,1469027678,2
4,1469027679,1469027683,4
4,1469027683,1469027686,3
4,1469027686,1469027690,4
4,1469027696,1469027716,20
1,1469027708,1469027715,7
4,1469027716,1469027732,16
10,1469027718,1469027719,1
1,1469027721,1469027722,1
1,1469027726,1469027731,5
1,1469027735,1469027749,14
4,1469027740,1469027744,4
4,1469027748,1469027755,7
4,1469027776,1469027786,10
1,1469027784,1469027785,1
4,1469027786,1469027793,7
1,1469027790,1469027792,2
4,1469027793,1469027807,14
10,1469027795,1469027796,1
1,1469027799,1469027803,4
1,1469027809,1469027815,6
4,1469027816,1469027878,62
1,1469027819,1469027821,2
1,1469027858,1469027877,19
4,1469027878,1469027910,32
1,1469027881,1469027883,2
1,1469027889,1469027893,4
1,1469027906,1469027908,2
1,1469027913,1469027919,6
5,1469027919,1469027923,4
1,1469027923,1469027924,1
4,1469027925,1469027928,3
4,1469027928,1469027931,3
10,1469027929,1469027931,2
4,1469027931,1469027936,5
4,1469027936,1469027941,5
4,1469027941,1469027943,2
4,1469027943,1469027987,44
1,1469027953,1469027957,4
1,1469027979,1469028040,61
4,1469027988,1469027996,8
4,1469027997,1469028001,4
4,1469028004,1469028009,5
4,1469028012,1469028014,2
4,1469028019,1469028024,5
4,1469028027,1469028031,4
4,1469028034,1469028039,5
1,1469028044,1469028115,71
4,1469028048,1469028052,4
4,1469028055,1469028059,4
4,1469028062,1469028071,9
4,1469028072,1469028075,3
4,1469028077,1469028079,2
4,1469028081,1469028084,3
4,1469028086,1469028089,3
4,1469028090,1469028092,2
4,1469028093,1469028096,3
4,1469028098,1469028102,4
4,1469028104,1469028108,4
4,1469028109,1469028154,45
1,1469028147,1469028181,34
4,1469028157,1469028160,3
4,1469028163,1469028166,3
4,1469028167,1469028174,7
4,1469028176,1469028178,2
1,1469028188,1469028194,6
1,1469028699,1469028705,6
1,1469028722,1469028732,10
1,1469028738,1469028742,4
1,1469028745,1469028751,6
1,1469028758,1469028760,2
4,1469028761,1469028811,50
1,1469028768,1469028782,14
1,1469028793,1469028794,1
1,1469028805,1469028808,3
1,1469028813,1469028815,2
4,1469028816,1469028823,7
1,1469028819,1469028820,1
4,1469028823,1469028825,2
4,1469028825,1469028829,4
1,1469028833,1469028839,6
1,1469028843,1469028847,4
1,1469028852,1469028853,1
1,1469028860,1469028875,15
4,1469028870,1469028877,7
4,1469028879,1469028885,6
1,1469028881,1469028905,24
4,1469028885,1469028900,15
4,1469028906,1469028985,79
1,1469028908,1469028912,4
1,1469028951,1469028968,17
1,1469028976,1469028984,8
1,1469028987,1469028991,4
1,1469028999,1469029000,1
1,1469029060,1469029073,13
4,1469029078,1469029080,2
10,1469029079,1469029080,1
4,1469029080,1469029084,4
10,1469029083,1469029084,1
4,1469029084,1469029089,5
4,1469029089,1469029107,18
10,1469029090,1469029091,1
1,1469029102,1469029105,3
4,1469029107,1469029113,6
1,1469029114,1469029119,5
1,1469029127,1469029157,30
4,1469029159,1469029187,28
1,1469029162,1469029166,4
1,1469029181,1469029186,5
4,1469029187,1469029191,4
4,1469029191,1469029193,2
4,1469029193,1469029195,2
4,1469029195,1469029197,2
4,1469029197,1469029199,2
4,1469029200,1469029202,2
4,1469029203,1469029207,4
4,1469029207,1469029210,3
4,1469029210,1469029212,2
4,1469029213,1469029215,2
4,1469029216,1469029218,2
1,1469029220,1469029229,9
1,1469029233,1469029236,3
1,1469029242,1469029263,21
4,1469029254,1469029265,11
10,1469029256,1469029257,1
1,1469029267,1469029273,6
1,1469029295,1469029304,9
1,1469029309,1469029322,13
4,1469029322,1469029324,2
10,1469029323,1469029324,1
4,1469029325,1469029339,14
10,1469029325,1469029327,2
4,1469029340,1469029406,66
1,1469029364,1469029371,7
1,1469029405,1469029406,1
4,1469029407,1469029409,2
4,1469029410,1469029413,3
10,1469029412,1469029413,1
4,1469029414,1469029418,4
4,1469029418,1469029422,4
10,1469029419,1469029420,1
4,1469029422,1469029424,2
10,1469029423,1469029424,1
10,1469029425,1469029426,1
4,1469029426,1469029435,9
1,1469029429,1469029471,42
4,1469029435,1469029472,37
10,1469029436,1469029438,2
4,1469029472,1469029489,17
1,1469029475,1469029480,5
1,1469029484,1469029487,3
1,1469029491,1469029492,1
1,1469029504,1469029514,10
4,1469029506,1469029517,11
10,1469029508,1469029509,1
1,1469029518,1469029538,20
4,1469029535,1469029540,5
4,1469029540,1469029543,3
10,1469029541,1469029543,2
1,1469029548,1469029556,8
4,1469029552,1469029571,19
1,1469029566,1469029608,42
4,1469029582,1469029588,6
4,1469029590,1469029595,5
4,1469029595,1469029597,2
4,1469029598,1469029653,55
1,1469029617,1469029620,3
1,1469029629,1469029647,18
1,1469029650,1469029652,2
4,1469029653,1469029656,3
4,1469029656,1469029658,2
4,1469029658,1469029661,3
4,1469029661,1469029666,5
1,1469029665,1469029699,34
4,1469029666,1469029689,23
4,1469029695,1469029700,5
4,1469029700,1469029723,23
1,1469029710,1469029711,1
1,1469029719,1469029722,3
4,1469029723,1469029726,3
4,1469029726,1469029728,2
4,1469029728,1469029730,2
4,1469029730,1469048277,18547
1,1469029735,1469029738,3
1,1469029829,1469029831,2
1,1469029861,1469029868,7
1,1469029905,1469029906,1
1,1469029933,1469029936,3
1,1469029939,1469029946,7
1,1469029989,1469029991,2
1,1469030072,1469030075,3
1,1469044826,1469044828,2
1,1469044833,1469044834,1
1,1469048262,1469048274,12
5,1469048274,1469048277,3
4,1469048277,1469048368,91
1,1469048351,1469048358,7
1,1469048367,1469048374,7
1,1469048384,1469048394,10
5,1469048394,1469048415,21
4,1469048399,1469048410,11
1,1469048413,1469048416,3
1,1469048426,1469048428,2
1,1469048440,1469048443,3
1,1469048457,1469048471,14
4,1469048469,1469048472,3
4,1469048472,1469048475,3
4,1469048476,1469048479,3
10,1469048478,1469048479,1
4,1469048484,1469048487,3
4,1469048487,1469048489,2
4,1469048489,1469048491,2
4,1469048491,1469048496,5
4,1469048497,1469048499,2
10,1469048498,1469048499,1
4,1469048499,1469048502,3
4,1469048502,1469048505,3
4,1469048505,1469048508,3
4,1469048508,1469048510,2
4,1469048510,1469048513,3
4,1469048513,1469048515,2
4,1469048515,1469048517,2
4,1469048517,1469048521,4
10,1469048519,1469048521,2
4,1469048521,1469048526,5
1,1469048524,1469048526,2
4,1469048526,1469048529,3
4,1469048529,1469048534,5
1,1469048532,1469048533,1
4,1469048534,1469048538,4
4,1469048538,1469048541,3
4,1469048541,1469048544,3
10,1469048541,1469048542,1
4,1469048544,1469048546,2
4,1469048547,1469048550,3
4,1469048550,1469048555,5
10,1469048552,1469048554,2
4,1469048558,1469048561,3
10,1469048560,1469048561,1
10,1469048561,1469048564,3
4,1469048564,1469048567,3
4,1469048567,1469048572,5
4,1469048572,1469048574,2
4,1469048575,1469048578,3
4,1469048579,1469048581,2
10,1469048579,1469048581,2
4,1469048581,1469048584,3
4,1469048584,1469048587,3
4,1469048588,1469048592,4
1,1469048590,1469048591,1
4,1469048592,1469048595,3
4,1469048595,1469048601,6
4,1469048601,1469048606,5
1,1469048602,1469048610,8
4,1469048606,1469048612,6
4,1469048614,1469048616,2
4,1469048617,1469048620,3
4,1469048621,1469048623,2
4,1469048623,1469048626,3
4,1469048626,1469048629,3
4,1469048630,1469048632,2
4,1469048632,1469048635,3
4,1469048635,1469048638,3
4,1469048638,1469048641,3
4,1469048641,1469048647,6
1,1469048643,1469048646,3
4,1469048647,1469048651,4
10,1469048647,1469048649,2
4,1469048651,1469048654,3
1,1469048652,1469048653,1
4,1469048654,1469048658,4
10,1469048654,1469048656,2
4,1469048659,1469048661,2
4,1469048661,1469048665,4
10,1469048662,1469048663,1
4,1469048667,1469048683,16
10,1469048668,1469048678,10
4,1469048684,1469048699,15
1,1469048685,1469048687,2
10,1469048688,1469048699,11
4,1469048702,1469048705,3
10,1469048706,1469048712,6
4,1469048712,1469048715,3
10,1469048716,1469048720,4
4,1469048720,1469048723,3
4,1469048723,1469048726,3
10,1469048726,1469048760,34
4,1469048760,1469048764,4
1,1469048762,1469048777,15
10,1469048765,1469048786,21
1,1469048786,1469048790,4
4,1469048790,1469048792,2
4,1469048792,1469048795,3
4,1469048795,1469048799,4
4,1469048799,1469048803,4
10,1469048799,1469048801,2
4,1469048803,1469048808,5
1,1469048806,1469048807,1
4,1469048808,1469048810,2
10,1469048809,1469048810,1
1,1469048811,1469048812,1
4,1469048813,1469048816,3
10,1469048813,1469048816,3
4,1469048816,1469048820,4
10,1469048816,1469048817,1
4,1469048820,1469048823,3
10,1469048821,1469048823,2
4,1469048825,1469048828,3
10,1469048826,1469048828,2
1,1469048829,1469048830,1
4,1469048831,1469048835,4
10,1469048833,1469048835,2
1,1469048836,1469048837,1
4,1469048838,1469048841,3
10,1469048838,1469048841,3
1,1469048842,1469048843,1
4,1469048844,1469048851,7
10,1469048845,1469048851,6
1,1469048847,1469048856,9
4,1469048854,1469048857,3
4,1469048857,1469048864,7
10,1469048858,1469048864,6
4,1469048867,1469048869,2
1,1469048867,1469048869,2
4,1469048869,1469048873,4
10,1469048870,1469048873,3
1,1469048872,1469048882,10
4,1469048880,1469048883,3
4,1469048884,1469048891,7
10,1469048885,1469048891,6
1,1469048886,1469048897,11
4,1469048894,1469048898,4
4,1469048898,1469048903,5
10,1469048899,1469048900,1
1,1469048901,1469048902,1
4,1469048903,1469048905,2
10,1469048903,1469048905,2
4,1469048907,1469048912,5
1,1469048908,1469048963,55
4,1469048914,1469048918,4
4,1469048920,1469048923,3
4,1469048925,1469048928,3
4,1469048930,1469048932,2
4,1469048935,1469048937,2
4,1469048940,1469048942,2
4,1469048944,1469048948,4
4,1469048950,1469048952,2
4,1469048954,1469048956,2
4,1469048960,1469048965,5
4,1469048965,1469049032,67
1,1469048995,1469049002,7
14,1469048999,1469049010,11
1,1469049013,1469049019,6
1,1469049028,1469049031,3
4,1469049033,1469049035,2
4,1469049035,1469049038,3
4,1469049039,1469049041,2
4,1469049043,1469049045,2
4,1469049045,1469049119,74
1,1469049052,1469049055,3
14,1469049055,1469049062,7
1,1469049065,1469049074,9
1,1469049093,1469049112,19
1,1469049116,1469049117,1
4,1469049119,1469049127,8
1,1469049123,1469049130,7
4,1469049128,1469049131,3
4,1469049131,1469049137,6
1,1469049134,1469049142,8
4,1469049143,1469049147,4
10,1469049147,1469049148,1
4,1469049148,1469049158,10
10,1469049148,1469049150,2
10,1469049150,1469049155,5
4,1469049158,1469049160,2
1,1469049161,1469049163,2
4,1469049164,1469049196,32
10,1469049165,1469049168,3
1,1469049168,1469049174,6
14,1469049175,1469049181,6
1,1469049183,1469049195,12
4,1469049198,1469049224,26
1,1469049199,1469049201,2
14,1469049201,1469049208,7
1,1469049217,1469049221,4
4,1469049225,1469049228,3
4,1469049228,1469049234,6
1,1469049232,1469049234,2
4,1469049237,1469049239,2
4,1469049239,1469049241,2
4,1469049241,1469049245,4
4,1469049245,1469049248,3
4,1469049248,1469049251,3
4,1469049251,1469049254,3
4,1469049255,1469049355,100
1,1469049262,1469049268,6
14,1469049268,1469049275,7
1,1469049277,1469049283,6
1,1469049286,1469049321,35
1,1469049325,1469049339,14
1,1469049344,1469049354,10
1,1469049365,1469049366,1
4,1469049367,1469049369,2
4,1469049372,1469049374,2
4,1469049374,1469049376,2
10,1469049375,1469049376,1
10,1469049376,1469049378,2
4,1469049378,1469049384,6
10,1469049378,1469049384,6
4,1469049384,1469049386,2
4,1469049387,1469049389,2
4,1469049389,1469049391,2
4,1469049391,1469049393,2
4,1469049393,1469049399,6
10,1469049394,1469049398,4
4,1469049399,1469049402,3
10,1469049402,1469049403,1
4,1469049403,1469049415,12
10,1469049403,1469049404,1
1,1469049408,1469049409,1
4,1469049415,1469049421,6
10,1469049415,1469049416,1
4,1469049421,1469049423,2
10,1469049423,1469049426,3
4,1469049426,1469049430,4
10,1469049426,1469049430,4
4,1469049430,1469049437,7
10,1469049432,1469049437,5
4,1469049438,1469049441,3
10,1469049438,1469049439,1
1,1469049449,1469049450,1
4,1469049451,1469049465,14
10,1469049451,1469049465,14
4,1469049465,1469049467,2
4,1469049468,1469049472,4
4,1469049473,1469049499,26
10,1469049501,1469049502,1
4,1469049503,1469049524,21
10,1469049504,1469049524,20
4,1469049525,1469049534,9
4,1469049565,1469049569,4
10,1469049566,1469049568,2
4,1469049569,1469049571,2
4,1469049571,1469049578,7
4,1469049580,1469049588,8
10,1469049581,1469049585,4
10,1469049585,1469049588,3
10,1469049588,1469049589,1
4,1469049589,1469049591,2
4,1469049591,1469049594,3
4,1469049594,1469049597,3
4,1469049597,1469049600,3
4,1469049600,1469049603,3
4,1469049603,1469049609,6
10,1469049604,1469049607,3
4,1469049611,1469049613,2
4,1469049615,1469049618,3
1,1469049619,1469049624,5
14,1469049623,1469049630,7
1,1469049628,1469049650,22
1,1469049657,1469049663,6
4,1469049665,1469049675,10
10,1469049666,1469049667,1
1,1469049668,1469049672,4
4,1469049675,1469049677,2
4,1469049678,1469049682,4
10,1469049681,1469049682,1
4,1469049682,1469049684,2
4,1469049684,1469049687,3
4,1469049690,1469049693,3
4,1469049693,1469049697,4
1,1469049694,1469049702,8
4,1469049700,1469049708,8
10,1469049703,1469049707,4
4,1469049708,1469049715,7
1,1469049712,1469049714,2
4,1469049715,1469049718,3
4,1469049718,1469049720,2
4,1469049720,1469049723,3
4,1469049724,1469049728,4
1,1469049726,1469049727,1
4,1469049728,1469049731,3
4,1469049731,1469049734,3
4,1469049734,1469049736,2
4,1469049736,1469049742,6
4,1469049743,1469049746,3
1,1469049746,1469049748,2
4,1469049749,1469049752,3
4,1469049752,1469049754,2
4,1469049755,1469049758,3
4,1469049758,1469049765,7
1,1469049760,1469049777,17
4,1469049765,1469049768,3
4,1469049770,1469049775,5
4,1469049775,1469049779,4
4,1469049779,1469049782,3
4,1469049786,1469049792,6
10,1469049787,1469049790,3
1,1469049790,1469049812,22
4,1469049801,1469049847,46
14,1469049809,1469049816,7
1,1469049817,1469049830,13
1,1469049833,1469049844,11
4,1469049847,1469049852,5
10,1469049848,1469049850,2
4,1469049860,1469049863,3
4,1469049863,1469049865,2
10,1469049864,1469049865,1
4,1469049865,1469049869,4
10,1469049870,1469049871,1
1,1469049870,1469049871,1
4,1469049872,1469049876,4
1,1469049876,1469049882,6
14,1469049881,1469049888,7
1,1469049888,1469049953,65
4,1469049918,1469049920,2
4,1469049930,1469049937,7
4,1469049943,1469049953,10
1,1469049957,1469050005,48
4,1469049963,1469049971,8
4,1469049981,1469049993,12
4,1469049997,1469050013,16
1,1469050009,1469050040,31
4,1469050017,1469050019,2
4,1469050019,1469050026,7
4,1469050030,1469050033,3
14,1469050038,1469050045,7
1,1469050046,1469050047,1
1,1469050050,1469050053,3
1,1469050059,1469050071,12
4,1469050072,1469050074,2
4,1469050074,1469050077,3
4,1469050077,1469050079,2
4,1469050079,1469050081,2
4,1469050082,1469050084,2
4,1469050084,1469050086,2
4,1469050086,1469050088,2
4,1469050089,1469050091,2
4,1469050091,1469050093,2
4,1469050093,1469050111,18
1,1469050095,1469050097,2
4,1469050111,1469050113,2
4,1469050114,1469050116,2
4,1469050116,1469050119,3
1,1469050118,1469050119,1
4,1469050120,1469050122,2
4,1469050123,1469050130,7
4,1469050131,1469050133,2
4,1469050135,1469050140,5
4,1469050140,1469050142,2
4,1469050143,1469050145,2
4,1469050147,1469050150,3
4,1469050151,1469050153,2
4,1469050153,1469050156,3
4,1469050156,1469050159,3
4,1469050160,1469050164,4
4,1469050164,1469050169,5
1,1469050165,1469050166,1
4,1469050169,1469050173,4
10,1469050171,1469050172,1
10,1469050174,1469050175,1
4,1469050177,1469050180,3
4,1469050180,1469050184,4
1,1469050181,1469050204,23
1,1469050207,1469050215,8
4,1469050215,1469050244,29
1,1469050218,1469050235,17
1,1469050241,1469050243,2
4,1469050245,1469050256,11
1,1469050247,1469050255,8
4,1469050256,1469050270,14
1,1469050258,1469050269,11
4,1469050271,1469050307,36
1,1469050273,1469050277,4
1,1469050285,1469050288,3
1,1469050297,1469050303,6
4,1469050307,1469050310,3
1,1469050308,1469050324,16
4,1469050310,1469050342,32
1,1469050327,1469050340,13
4,1469050342,1469050345,3
4,1469050345,1469050358,13
1,1469050345,1469050355,10
4,1469050358,1469050378,20
1,1469050360,1469050378,18
4,1469050379,1469050381,2
4,1469050382,1469050384,2
4,1469050384,1469050388,4
4,1469050389,1469050394,5
1,1469050392,1469050393,1
4,1469050394,1469050397,3
4,1469050398,1469050401,3
4,1469050401,1469050404,3
10,1469050402,1469050403,1
4,1469050406,1469050439,33
1,1469050409,1469050438,29
4,1469050439,1469050443,4
4,1469050443,1469050467,24
1,1469050446,1469050449,3
1,1469050462,1469050465,3
4,1469050468,1469050470,2
4,1469050470,1469050473,3
10,1469050472,1469050473,1
4,1469050473,1469050478,5
1,1469050476,1469050485,9
4,1469050482,1469050485,3
4,1469050488,1469050490,2
4,1469050490,1469050493,3
1,1469050492,1469050497,5
4,1469050495,1469050498,3
4,1469050499,1469050501,2
4,1469050501,1469050552,51
1,1469050505,1469050512,7
1,1469050534,1469050550,16
4,1469050552,1469050556,4
4,1469050556,1469050559,3
4,1469050559,1469050565,6
1,1469050562,1469050565,3
4,1469050566,1469050568,2
4,1469050569,1469050571,2
4,1469050572,1469050574,2
4,1469050578,1469050581,3
1,1469050586,1469050587,1
1,1469050615,1469050631,16
1,1469050635,1469050639,4
4,1469050640,1469050642,2
4,1469050642,1469050755,113
1,1469050644,1469050649,5
1,1469050653,1469050677,24
14,1469050655,1469050662,7
1,1469050745,1469050753,8
4,1469050756,1469050758,2
4,1469050758,1469050761,3
4,1469050761,1469050763,2
4,1469050764,1469050766,2
4,1469050766,1469050769,3
4,1469050769,1469050789,20
1,1469050771,1469050787,16
4,1469050789,1469050868,79
1,1469050793,1469050800,7
14,1469050798,1469050806,8
1,1469050806,1469050822,16
1,1469050851,1469050853,2
1,1469050859,1469050879,20
10,1469050881,1469050882,1
4,1469050882,1469050887,5
1,1469050883,1469050891,8
4,1469050887,1469050892,5
4,1469050892,1469050895,3
10,1469050893,1469050895,2
4,1469050895,1469050919,24
1,1469050898,1469050916,18
4,1469050919,1469050923,4
1,1469050920,1469050922,2
4,1469050928,1469050930,2
4,1469050930,1469050938,8
1,1469050936,1469050937,1
4,1469050938,1469050948,10
4,1469050949,1469050961,12
10,1469050951,1469050959,8
4,1469050961,1469051020,59
1,1469050966,1469050976,10
1,1469050981,1469050991,10
1,1469051010,1469051019,9
4,1469051020,1469051071,51
1,1469051022,1469051025,3
1,1469051043,1469051050,7
1,1469051056,1469051058,2
1,1469051066,1469051070,4
4,1469051071,1469051078,7
1,1469051073,1469051076,3
1,1469051079,1469051103,24
1,1469051108,1469051123,15
4,1469051109,1469051126,17
1,1469051132,1469051149,17
4,1469051136,1469051138,2
4,1469051141,1469051143,2
4,1469051146,1469051153,7
4,1469051153,1469051437,284
1,1469051157,1469051162,5
14,1469051160,1469051168,8
1,1469051169,1469051185,16
1,1469051404,1469051412,8
1,1469051434,1469051438,4
4,1469051437,1469051440,3
4,1469051441,1469051443,2
4,1469051443,1469051445,2
4,1469051446,1469051448,2
4,1469051448,1469051451,3
1,1469051449,1469051450,1
4,1469051452,1469051565,113
1,1469051458,1469051464,6
14,1469051462,1469051470,8
1,1469051471,1469051484,13
1,1469051500,1469051504,4
1,1469051510,1469051513,3
1,1469051539,1469051550,11
1,1469051553,1469051563,10
4,1469051565,1469051988,423
1,1469051569,1469051578,9
14,1469051576,1469051583,7
1,1469051586,1469051597,11
1,1469051976,1469051987,11
1,1469052000,1469052012,12
1,1469052108,1469052112,4
1,1469052199,1469052201,2
14,1469052200,1469052202,2
1,1469052208,1469052213,5
1,1469052250,1469052259,9
5,1469052257,1469052258,1
4,1469052258,1469052412,154
1,1469052380,1469052385,5
1,1469052391,1469052393,2
4,1469052412,1469052420,8
1,1469052485,1469052500,15
4,1469052501,1469052503,2
4,1469052505,1469052512,7
10,1469052509,1469052512,3
4,1469052512,1469052519,7
1,1469052514,1469052519,5
4,1469052519,1469052527,8
1,1469052524,1469052526,2
4,1469052527,1469087332,34805
1,1469052539,1469052541,2
1,1469052546,1469052550,4
1,1469052598,1469052607,9
1,1469053389,1469053391,2
1,1469087293,1469087313,20
5,1469087313,1469087319,6
1,1469087321,1469087331,10
4,1469087332,1469087335,3
4,1469087337,1469087339,2
4,1469087339,1469087341,2
4,1469087341,1469087343,2
4,1469087343,1469087345,2
4,1469087345,1469087350,5
4,1469087350,1469087352,2
4,1469087352,1469087357,5
1,1469087355,1469087356,1
4,1469087357,1469087360,3
4,1469087360,1469087373,13
1,1469087363,1469087378,15
4,1469087377,1469087379,2
4,1469087379,1469087382,3
10,1469087381,1469087382,1
4,1469087382,1469087384,2
4,1469087385,1469087388,3
4,1469087388,1469087391,3
4,1469087391,1469087394,3
4,1469087396,1469087398,2
4,1469087398,1469087402,4
10,1469087398,1469087399,1
4,1469087402,1469087405,3
10,1469087403,1469087405,2
10,1469087405,1469087406,1
4,1469087406,1469087409,3
4,1469087409,1469087429,20
1,1469087412,1469087414,2
1,1469087426,1469087428,2
4,1469087429,1469087431,2
1,1469087432,1469087460,28
4,1469087443,1469087450,7
4,1469087451,1469087458,7
4,1469087461,1469087463,2
4,1469087465,1469087467,2
4,1469087468,1469087473,5
1,1469087471,1469087474,3
4,1469087474,1469087476,2
4,1469087476,1469087478,2
4,1469087478,1469087481,3
10,1469087479,1469087481,2
4,1469087484,1469087486,2
4,1469087489,1469087491,2
10,1469087490,1469087491,1
10,1469087491,1469087493,2
4,1469087493,1469087495,2
4,1469087495,1469087505,10
4,1469087505,1469087508,3
10,1469087506,1469087508,2
4,1469087508,1469087519,11
1,1469087509,1469087527,18
4,1469087525,1469087528,3
4,1469087534,1469087676,142
1,1469087537,1469087540,3
1,1469087669,1469087675,6
4,1469087676,1469087684,8
10,1469087677,1469087684,7
1,1469087726,1469087747,21
4,1469087750,1469087753,3
4,1469087753,1469087757,4
4,1469087759,1469087761,2
4,1469087761,1469087764,3
4,1469087765,1469087767,2
4,1469087767,1469087775,8
4,1469087775,1469087779,4
4,1469087779,1469087782,3
1,1469087784,1469087786,2
4,1469087787,1469087790,3
4,1469087791,1469087795,4
4,1469087796,1469087802,6
1,1469087799,1469087846,47
4,1469087805,1469087809,4
4,1469087811,1469087815,4
4,1469087816,1469087822,6
4,1469087824,1469087828,4
4,1469087830,1469087858,28
1,1469087853,1469087879,26
4,1469087878,1469087880,2
4,1469087880,1469087890,10
1,1469087884,1469087886,2
4,1469087890,1469087892,2
4,1469087892,1469087895,3
4,1469087895,1469087902,7
1,1469087898,1469087899,1
1,1469087903,1469087910,7
4,1469087905,1469087912,7
1,1469087914,1469087916,2
1,1469087920,1469087922,2
4,1469087925,1469087928,3
4,1469087928,1469087932,4
1,1469087932,1469087941,9
4,1469087935,1469087941,6
4,1469087942,1469087944,2
4,1469087944,1469087949,5
10,1469087946,1469087949,3
4,1469087949,1469087954,5
1,1469087950,1469087961,11
4,1469087956,1469087960,4
4,1469087961,1469087969,8
10,1469087963,1469087964,1
1,1469087965,1469087971,6
4,1469087970,1469087972,2
4,1469087972,1469087974,2
10,1469087972,1469087974,2
4,1469087974,1469087984,10
1,1469087976,1469087986,10
4,1469087987,1469088005,18
1,1469087990,1469087995,5
1,1469088007,1469088020,13
4,1469088011,1469088013,2
4,1469088014,1469088018,4
10,1469088014,1469088015,1
4,1469088018,1469088021,3
4,1469088021,1469088050,29
1,1469088040,1469088050,10
4,1469088050,1469088059,9
1,1469088056,1469088061,5
4,1469088061,1469088063,2
4,1469088064,1469088066,2
4,1469088069,1469088073,4
1,1469088070,1469088079,9
4,1469088073,1469088076,3
1,1469088090,1469088105,15
4,1469088095,1469088102,7
10,1469088095,1469088097,2
4,1469088103,1469088107,4
4,1469088107,1469088109,2
1,1469088113,1469088125,12
4,1469088120,1469088128,8
4,1469088128,1469088134,6
1,1469088131,1469088133,2
4,1469088134,1469088143,9
10,1469088135,1469088136,1
1,1469088139,1469088152,13
4,1469088144,1469088146,2
4,1469088147,1469088150,3
4,1469088155,1469088160,5
1,1469088157,1469088217,60
4,1469088161,1469088164,3
10,1469088161,1469088163,2
4,1469088165,1469088171,6
4,1469088173,1469088178,5
4,1469088179,1469088183,4
4,1469088185,1469088188,3
4,1469088190,1469088192,2
4,1469088196,1469088201,5
4,1469088203,1469088206,3
4,1469088208,1469088225,17
1,1469088234,1469088240,6
4,1469088238,1469088265,27
1,1469088262,1469088264,2
1,1469088267,1469088285,18
4,1469088271,1469088275,4
4,1469088276,1469088285,9
4,1469088285,1469088289,4
10,1469088286,1469088287,1
10,1469088289,1469088290,1
4,1469088306,1469088308,2
4,1469088308,1469088338,30
1,1469088315,1469088316,1
1,1469088332,1469088338,6
4,1469088339,1469088341,2
4,1469088341,1469088343,2
4,1469088343,1469088346,3
4,1469088347,1469088350,3
10,1469088347,1469088349,2
4,1469088350,1469088352,2
10,1469088351,1469088352,1
4,1469088353,1469088355,2
4,1469088355,1469088360,5
10,1469088357,1469088360,3
10,1469088360,1469088361,1
4,1469088361,1469088372,11
10,1469088361,1469088365,4
1,1469088367,1469088372,5
4,1469088375,1469088402,27
1,1469088377,1469088381,4
1,1469088394,1469088404,10
4,1469088402,1469088408,6
10,1469088402,1469088404,2
1,1469088409,1469088410,1
4,1469088411,1469088414,3
1,1469088414,1469088433,19
4,1469088415,1469088418,3
4,1469088420,1469088431,11
4,1469088432,1469088466,34
1,1469088436,1469088443,7
1,1469088463,1469088469,6
4,1469088480,1469088487,7
4,1469088488,1469088490,2
10,1469088489,1469088490,1
4,1469088490,1469088493,3
4,1469088493,1469088499,6
1,1469088495,1469088500,5
4,1469088501,1469088503,2
4,1469088503,1469088506,3
4,1469088506,1469088509,3
4,1469088509,1469088511,2
4,1469088512,1469088518,6
1,1469088514,1469088517,3
4,1469088519,1469088521,2
4,1469088522,1469088541,19
1,1469088535,1469088545,10
4,1469088541,1469088544,3
4,1469088545,1469088560,15
1,1469088555,1469088557,2
4,1469088567,1469088574,7
1,1469088570,1469088593,23
4,1469088576,1469088580,4
4,1469088582,1469088587,5
4,1469088590,1469088601,11
1,1469088599,1469088613,14
4,1469088601,1469088604,3
10,1469088602,1469088605,3
4,1469088610,1469088635,25
4,1469088635,1469088638,3
4,1469088638,1469088641,3
4,1469088641,1469088643,2
4,1469088643,1469088646,3
1,1469088647,1469088651,4
4,1469088650,1469088652,2
4,1469088652,1469088656,4
4,1469088657,1469088668,11
1,1469088660,1469088663,3
4,1469088670,1469088672,2
10,1469088670,1469088671,1
4,1469088672,1469088683,11
10,1469088673,1469088676,3
10,1469088680,1469088683,3
4,1469088683,1469088685,2
4,1469088686,1469088688,2
4,1469088688,1469088690,2
4,1469088690,1469088693,3
4,1469088693,1469088699,6
4,1469088700,1469088703,3
4,1469088703,1469088712,9
1,1469088709,1469088712,3
4,1469088713,1469088722,9
1,1469088717,1469088731,14
4,1469088725,1469088729,4
4,1469088732,1469088738,6
1,1469088735,1469088746,11
4,1469088743,1469088747,4
1,1469088750,1469088751,1
4,1469088753,1469088756,3
1,1469088755,1469088758,3
4,1469088757,1469088759,2
4,1469088760,1469088766,6
1,1469088761,1469088763,2
4,1469088767,1469088783,16
4,1469088783,1469088798,15
1,1469088786,1469088789,3
1,1469088794,1469088797,3
4,1469088802,1469088806,4
4,1469088807,1469088809,2
4,1469088809,1469088813,4
4,1469088813,1469088815,2
4,1469088815,1469088818,3
4,1469088819,1469088824,5
4,1469088824,1469088828,4
1,1469088825,1469088827,2
4,1469088828,1469088830,2
4,1469088830,1469088839,9
4,1469088839,1469088843,4
1,1469088841,1469088852,11
4,1469088844,1469088848,4
4,1469088848,1469088853,5
10,1469088849,1469088850,1
1,1469088861,1469088866,5
1,1469088871,1469088873,2
1,1469088876,1469088894,18
1,1469088904,1469088907,3
1,1469088911,1469088929,18
1,1469088933,1469088946,13
4,1469088947,1469088949,2
4,1469088949,1469088955,6
1,1469088952,1469088958,6
4,1469088957,1469088961,4
4,1469088961,1469088964,3
1,1469088974,1469088976,2
4,1469088978,1469088980,2
4,1469088980,1469088982,2
4,1469088982,1469088984,2
4,1469088989,1469089030,41
4,1469089030,1469089035,5
10,1469089032,1469089033,1
4,1469089035,1469089043,8
1,1469089040,1469089044,4
4,1469089045,1469089047,2
4,1469089047,1469089051,4
4,1469089051,1469089062,11
4,1469089062,1469089067,5
4,1469089068,1469089071,3
4,1469089072,1469089078,6
10,1469089073,1469089074,1
1,1469089075,1469089085,10
4,1469089079,1469089082,3
4,1469089085,1469089090,5
4,1469089092,1469089111,19
1,1469089096,1469089128,32
4,1469089114,1469089121,7
4,1469089125,1469089129,4
4,1469089129,1469089140,11
1,1469089137,1469089139,2
1,1469089147,1469089156,9
4,1469089151,1469089155,4
1,1469089168,1469089169,1
4,1469089170,1469089176,6
1,1469089176,1469089182,6
4,1469089187,1469089189,2
10,1469089187,1469089188,1
4,1469089189,1469089191,2
4,1469089193,1469089196,3
10,1469089193,1469089196,3
1,1469089194,1469089198,4
4,1469089199,1469089202,3
10,1469089200,1469089201,1
4,1469089202,1469089207,5
10,1469089203,1469089204,1
4,1469089207,1469089219,12
1,1469089216,1469089232,16
4,1469089219,1469089230,11
4,1469089233,1469089237,4
1,1469089237,1469089239,2
4,1469089237,1469089252,15
1,1469089249,1469089251,2
1,1469089876,1469089890,14
4,1469089891,1469089894,3
4,1469089894,1469089896,2
4,1469089896,1469089898,2
4,1469089898,1469089901,3
4,1469089902,1469089905,3
10,1469089903,1469089904,1
4,1469089905,1469089915,10
1,1469089910,1469089915,5
4,1469089916,1469089924,8
1,1469089919,1469089937,18
4,1469089926,1469089933,7
4,1469089939,1469089941,2
4,1469089941,1469089946,5
4,1469089947,1469089950,3
10,1469089948,1469089950,2
4,1469089950,1469089952,2
10,1469089953,1469089954,1
4,1469089954,1469089956,2
4,1469089957,1469089959,2
10,1469089958,1469089959,1
4,1469089959,1469089962,3
4,1469089962,1469089964,2
1,1469089964,1469089968,4
4,1469089964,1469089968,4
4,1469089969,1469089974,5
1,1469089972,1469089987,15
4,1469089974,1469089978,4
4,1469089985,1469089988,3
4,1469089988,1469089990,2
10,1469089989,1469089990,1
4,1469089991,1469090002,11
1,1469089992,1469090009,17
4,1469090002,1469090007,5
1,1469090018,1469090028,10
4,1469090025,1469090028,3
4,1469090029,1469090031,2
4,1469090031,1469090037,6
1,1469090032,1469090043,11
4,1469090038,1469090054,16
1,1469090047,1469090075,28
4,1469090058,1469090123,65
1,1469090083,1469090085,2
1,1469090101,1469090125,24
4,1469090134,1469090193,59
1,1469090139,1469090145,6
1,1469090167,1469090171,4
1,1469090186,1469090208,22
4,1469090194,1469090199,5
4,1469090200,1469090221,21
1,1469090213,1469090222,9
4,1469090223,1469090226,3
4,1469090226,1469090229,3
4,1469090230,1469090233,3
4,1469090233,1469090242,9
1,1469090235,1469090247,12
4,1469090245,1469090255,10
1,1469090251,1469090269,18
4,1469090258,1469090265,7
4,1469090267,1469090270,3
4,1469090270,1469090274,4
4,1469090276,1469090278,2
1,1469090279,1469090280,1
4,1469090282,1469090284,2
4,1469090284,1469090287,3
4,1469090287,1469090298,11
1,1469090291,1469090308,17
4,1469090299,1469090305,6
4,1469090307,1469090309,2
4,1469090309,1469090337,28
1,1469090313,1469090326,13
1,1469090329,1469090330,1
1,1469090334,1469090336,2
4,1469090337,1469090339,2
4,1469090339,1469090344,5
1,1469090342,1469090344,2
4,1469090347,1469090351,4
10,1469090348,1469090351,3
4,1469090351,1469090353,2
4,1469090353,1469090358,5
4,1469090358,1469090361,3
1,1469090359,1469090402,43
4,1469090361,1469090379,18
4,1469090383,1469090386,3
4,1469090386,1469090397,11
4,1469090400,1469090403,3
4,1469090404,1469090434,30
1,1469090422,1469090437,15
4,1469090438,1469090443,5
10,1469090440,1469090442,2
1,1469090441,1469090443,2
4,1469090443,1469090445,2
4,1469090446,1469090449,3
1,1469090448,1469090487,39
4,1469090470,1469090472,2
4,1469090474,1469090476,2
4,1469090478,1469090488,10
4,1469090488,1469090492,4
4,1469090493,1469090500,7
1,1469090496,1469090499,3
4,1469090500,1469090502,2
10,1469090501,1469090502,1
4,1469090502,1469090513,11
1,1469090509,1469090512,3
4,1469090514,1469090516,2
4,1469090516,1469090518,2
4,1469090519,1469090525,6
10,1469090522,1469090525,3
4,1469090526,1469090539,13
10,1469090528,1469090536,8
1,1469090534,1469090561,27
4,1469090544,1469090553,9
4,1469090553,1469090556,3
4,1469090556,1469090561,5
4,1469090561,1469090567,6
10,1469090562,1469090563,1
1,1469090564,1469090566,2
4,1469090567,1469090569,2
10,1469090568,1469090569,1
4,1469090569,1469090573,4
1,1469090571,1469090613,42
4,1469090574,1469090577,3
4,1469090577,1469090591,14
4,1469090592,1469090648,56
1,1469090619,1469090627,8
4,1469090648,1469090650,2
4,1469090651,1469090723,72
1,1469090660,1469090665,5
1,1469090686,1469090705,19
1,1469090708,1469090739,31
4,1469090730,1469090733,3
4,1469090733,1469090736,3
4,1469090740,1469090742,2
4,1469090742,1469090745,3
4,1469090745,1469090748,3
1,1469090749,1469090777,28
4,1469090758,1469090763,5
4,1469090770,1469090775,5
1,1469090781,1469090784,3
1,1469090788,1469090790,2
4,1469090797,1469090802,5
1,1469090797,1469090817,20
4,1469090809,1469090814,5
4,1469090820,1469090825,5
4,1469090826,1469090833,7
1,1469090831,1469090832,1
4,1469090833,1469090838,5
1,1469090836,1469090859,23
4,1469090840,1469090851,11
4,1469090862,1469090868,6
1,1469090863,1469090870,7
1,1469090875,1469090882,7
1,1469090889,1469090894,5
1,1469090976,1469090978,2
1,1469090984,1469090987,3
1,1469090992,1469090997,5
1,1469091003,1469091018,15
4,1469091013,1469091141,128
1,1469091034,1469091037,3
1,1469091041,1469091048,7
1,1469091058,1469091059,1
1,1469091094,1469091101,7
1,1469091112,1469091121,9
1,1469091124,1469091131,7
1,1469091135,1469091171,36
4,1469091164,1469091172,8
4,1469091172,1469091174,2
4,1469091174,1469091181,7
1,1469091177,1469091200,23
4,1469091182,1469091192,10
4,1469091196,1469091201,5
4,1469091201,1469091253,52
1,1469091208,1469091234,26
1,1469091237,1469091251,14
1,1469091255,1469091274,19
4,1469091265,1469091276,11
4,1469091276,1469091280,4
1,1469091278,1469091303,25
4,1469091283,1469091292,9
4,1469091304,1469091307,3
4,1469091307,1469091316,9
1,1469091310,1469091335,25
4,1469091320,1469091327,7
1,1469091341,1469091355,14
4,1469091356,1469091376,20
10,1469091357,1469091358,1
1,1469091358,1469091362,4
1,1469091369,1469091394,25
4,1469091377,1469091460,83
1,1469091421,1469091433,12
1,1469091436,1469091443,7
1,1469091449,1469091469,20
1,1469091474,1469091491,17
1,1469091495,1469091496,1
1,1469091523,1469091530,7
1,1469091540,1469091549,9
1,1469091552,1469091569,17
1,1469091585,1469091588,3
1,1469091593,1469091598,5
1,1469091608,1469091609,1
1,1469091613,1469091624,11
1,1469091628,1469091629,1
1,1469091633,1469091646,13
4,1469091640,1469091668,28
1,1469091661,1469091662,1
1,1469091666,1469091673,7
4,1469091671,1469091712,41
1,1469091682,1469091743,61
4,1469091720,1469091725,5
4,1469091726,1469091731,5
4,1469091734,1469091739,5
1,1469091747,1469091754,7
4,1469091755,1469091758,3
10,1469091757,1469091758,1
4,1469091758,1469091764,6
1,1469091760,1469091776,16
4,1469091769,1469091774,5
4,1469091776,1469091812,36
1,1469091781,1469091787,6
1,1469091804,1469091834,30
4,1469091818,1469091822,4
4,1469091826,1469091836,10
10,1469091829,1469091832,3
4,1469091836,1469091845,9
10,1469091838,1469091840,2
1,1469091839,1469091845,6
4,1469091845,1469091847,2
10,1469091846,1469091847,1
4,1469091848,1469091851,3
1,1469091849,1469091863,14
4,1469091852,1469091857,5
10,1469091857,1469091859,2
4,1469091862,1469091878,16
1,1469091876,1469091881,5
4,1469091878,1469091896,18
1,1469091888,1469091901,13
4,1469091899,1469091911,12
1,1469091905,1469091912,7
4,1469091911,1469091923,12
1,1469091915,1469091939,24
4,1469091924,1469091927,3
10,1469091925,1469091926,1
4,1469091927,1469091931,4
4,1469091932,1469091940,8
4,1469091940,1469091943,3
10,1469091941,1469091943,2
4,1469091943,1469091946,3
10,1469091944,1469091946,2
4,1469091946,1469091956,10
1,1469091950,1469091968,18
4,1469091960,1469091988,28
1,1469091983,1469092018,35
4,1469091998,1469092001,3
4,1469092003,1469092006,3
4,1469092006,1469092011,5
4,1469092012,1469092015,3
4,1469092016,1469092019,3
1,1469092024,1469092025,1
1,1469092056,1469092062,6
4,1469092063,1469092070,7
1,1469092070,1469092077,7
4,1469092070,1469092084,14
1,1469092082,1469092087,5
4,1469092085,1469092103,18
1,1469092095,1469092118,23
4,1469092119,1469092121,2
4,1469092121,1469092125,4
4,1469092125,1469092140,15
1,1469092127,1469092130,3
1,1469092135,1469092149,14
4,1469092142,1469092144,2
4,1469092144,1469092147,3
4,1469092147,1469092150,3
4,1469092150,1469092153,3
4,1469092153,1469092156,3
4,1469092156,1469092158,2
4,1469092158,1469092212,54
1,1469092161,1469092165,4
1,1469092190,1469092211,21
5,1469092202,1469092204,2
1,1469092219,1469092223,4
1,1469092236,1469092269,33
5,1469092240,1469092242,2
5,1469092251,1469092253,2
4,1469092271,1469092278,7
1,1469092273,1469092276,3
4,1469092278,1469092281,3
4,1469092282,1469092284,2
1,1469092285,1469092287,2
4,1469092287,1469092296,9
4,1469092296,1469092298,2
10,1469092297,1469092298,1
4,1469092299,1469092302,3
10,1469092301,1469092302,1
10,1469092302,1469092304,2
4,1469092304,1469092306,2
1,1469092305,1469092306,1
4,1469092307,1469092309,2
10,1469092307,1469092308,1
4,1469092309,1469092312,3
4,1469092312,1469092314,2
4,1469092314,1469092317,3
4,1469092317,1469092319,2
4,1469092319,1469092329,10
1,1469092321,1469092328,7
1,1469092333,1469092340,7
4,1469092333,1469092342,9
1,1469092344,1469092353,9
4,1469092355,1469092376,21
1,1469092361,1469092369,8
1,1469092373,1469092375,2
4,1469092376,1469092378,2
4,1469092378,1469092380,2
1,1469092382,1469092389,7
1,1469092403,1469092421,18
4,1469092415,1469092422,7
1,1469092425,1469092429,4
1,1469092437,1469092448,11
4,1469092443,1469092487,44
1,1469092451,1469092485,34
1,1469092492,1469092499,7
4,1469092500,1469092528,28
1,1469092503,1469092539,36
4,1469092541,1469092547,6
1,1469092543,1469092550,7
1,1469092554,1469092566,12
4,1469092559,1469092562,3
4,1469092568,1469092570,2
4,1469092570,1469092576,6
1,1469092575,1469092578,3
4,1469092580,1469092584,4
1,1469092585,1469092589,4
4,1469092590,1469092597,7
4,1469092600,1469092605,5
4,1469092607,1469092610,3
1,1469092616,1469092619,3
1,1469092623,1469092625,2
1,1469092634,1469092644,10
1,1469092649,1469092673,24
1,1469092677,1469092707,30
4,1469092703,1469092720,17
1,1469092710,1469092718,8
4,1469092721,1469092728,7
1,1469092722,1469092738,16
1,1469092744,1469092755,11
1,1469092769,1469092791,22
4,1469092793,1469092795,2
1,1469092798,1469092799,1
1,1469092816,1469092824,8
4,1469092819,1469092919,100
1,1469092828,1469092835,7
1,1469092883,1469092885,2
1,1469092898,1469092930,32
4,1469092927,1469092931,4
4,1469092931,1469092935,4
10,1469092932,1469092933,1
4,1469092935,1469092939,4
1,1469092936,1469092946,10
4,1469092941,1469092995,54
10,1469092943,1469092945,2
1,1469092972,1469092976,4
1,1469092981,1469092983,2
1,1469092992,1469092994,2
4,1469092995,1469092997,2
4,1469092997,1469093001,4
4,1469093001,1469093004,3
4,1469093004,1469093006,2
10,1469093007,1469093008,1
4,1469093008,1469093010,2
4,1469093010,1469093014,4
1,1469093012,1469093016,4
10,1469093015,1469093016,1
4,1469093019,1469093033,14
1,1469093020,1469093041,21
4,1469093034,1469093042,8
4,1469093042,1469093065,23
1,1469093045,1469093048,3
1,1469093053,1469093057,4
1,1469093062,1469093064,2
4,1469093065,1469093068,3
10,1469093066,1469093067,1
10,1469093068,1469093070,2
4,1469093070,1469093072,2
10,1469093073,1469093075,2
4,1469093075,1469093078,3
10,1469093075,1469093076,1
10,1469093076,1469093078,2
4,1469093080,1469093095,15
1,1469093087,1469093091,4
4,1469093095,1469093103,8
10,1469093096,1469093098,2
1,1469093099,1469093120,21
4,1469093105,1469093109,4
4,1469093117,1469093120,3
4,1469093121,1469093125,4
1,1469093133,1469093134,1
4,1469093135,1469093137,2
1,1469093138,1469093145,7
4,1469093140,1469093146,6
4,1469093146,1469093148,2
10,1469093147,1469093148,1
4,1469093148,1469093156,8
1,1469093149,1469093155,6
4,1469093156,1469093160,4
1,1469093158,1469093159,1
4,1469093160,1469093166,6
10,1469093162,1469093165,3
4,1469093166,1469093168,2
4,1469093168,1469093176,8
4,1469093176,1469093178,2
1,1469093176,1469093181,5
1,1469093185,1469093190,5
1,1469093200,1469093221,21
1,1469093234,1469093239,5
1,1469093244,1469093263,19
1,1469093276,1469093279,3
1,1469093301,1469093316,15
4,1469093317,1469093319,2
4,1469093319,1469093324,5
1,1469093321,1469093324,3
4,1469093324,1469093326,2
4,1469093326,1469093339,13
10,1469093327,1469093329,2
1,1469093331,1469093352,21
4,1469093355,1469093374,19
1,1469093361,1469093373,12
4,1469093374,1469093377,3
4,1469093377,1469093379,2
10,1469093378,1469093379,1
4,1469093379,1469093384,5
4,1469093384,1469093386,2
4,1469093387,1469093393,6
1,1469093389,1469093392,3
4,1469093394,1469093397,3
4,1469093401,1469093446,45
1,1469093401,1469093409,8
1,1469093414,1469093432,18
1,1469093436,1469093451,15
4,1469093448,1469093466,18
1,1469093456,1469093480,24
4,1469093471,1469093476,5
4,1469093477,1469093508,31
1,1469093483,1469093486,3
1,1469093501,1469093516,15
4,1469093508,1469093511,3
4,1469093511,1469093619,108
1,1469093540,1469093551,11
1,1469093557,1469093560,3
1,1469093585,1469093643,58
4,1469093630,1469093639,9
4,1469093644,1469093651,7
1,1469093651,1469093663,12
4,1469093660,1469093679,19
1,1469093668,1469093674,6
1,1469093681,1469093686,5
1,1469093713,1469093720,7
1,1469093746,1469093757,11
4,1469093754,1469093814,60
1,1469093782,1469093784,2
1,1469093790,1469093804,14
5,1469093795,1469093797,2
1,1469093810,1469093813,3
1,1469093819,1469093820,1
1,1469093826,1469093832,6
4,1469093845,1469093893,48
1,1469093847,1469093853,6
1,1469093856,1469093866,10
1,1469093882,1469093892,10
4,1469093893,1469093897,4
10,1469093895,1469093897,2
4,1469093898,1469093900,2
10,1469093899,1469093900,1
4,1469093900,1469093903,3
10,1469093901,1469093902,1
1,1469093905,1469093911,6
4,1469093910,1469093912,2
10,1469093913,1469093915,2
4,1469093915,1469093920,5
1,1469093917,1469093925,8
4,1469093921,1469093926,5
1,1469093930,1469093947,17
4,1469093938,1469093945,7
4,1469093945,1469093949,4
1,1469093951,1469093952,1
4,1469093953,1469094040,87
1,1469093962,1469093964,2
1,1469094029,1469094038,9
1,1469094047,1469094049,2
1,1469094052,1469094070,18
4,1469094056,1469094064,8
4,1469094068,1469094071,3
4,1469094072,1469094085,13
1,1469094080,1469094084,4
10,1469094086,1469094087,1
4,1469094087,1469094091,4
1,1469094087,1469094125,38
4,1469094093,1469094099,6
4,1469094112,1469094118,6
4,1469094118,1469094126,8
1,1469094135,1469094151,16
4,1469094143,1469094148,5
10,1469094144,1469094147,3
1,1469094175,1469094176,1
1,1469094179,1469094181,2
1,1469094193,1469094227,34
4,1469094201,1469094206,5
4,1469094210,1469094214,4
10,1469094211,1469094212,1
4,1469094215,1469094220,5
4,1469094220,1469094223,3
4,1469094224,1469094228,4
10,1469094225,1469094226,1
4,1469094228,1469094236,8
10,1469094230,1469094231,1
1,1469094230,1469094250,20
4,1469094248,1469094280,32
1,1469094265,1469094272,7
1,1469094291,1469094293,2
1,1469094305,1469094307,2
1,1469094312,1469094332,20
1,1469094340,1469094392,52
4,1469094386,1469094393,7
4,1469094394,1469094402,8
10,1469094395,1469094397,2
1,1469094396,1469094402,6
4,1469094403,1469094406,3
4,1469094407,1469094410,3
10,1469094408,1469094410,2
4,1469094411,1469094415,4
10,1469094413,1469094415,2
4,1469094415,1469094417,2
4,1469094417,1469094427,10
10,1469094420,1469094421,1
1,1469094421,1469094425,4
4,1469094431,1469094449,18
1,1469094434,1469094436,2
1,1469094440,1469094499,59
4,1469094463,1469094468,5
4,1469094486,1469094489,3
1,1469094502,1469094515,13
4,1469094513,1469094517,4
1,1469094534,1469094540,6
1,1469094548,1469094551,3
1,1469094580,1469094581,1
1,1469094596,1469094631,35
4,1469094601,1469094608,7
4,1469094624,1469094633,9
4,1469094636,1469094665,29
1,1469094639,1469094646,7
1,1469094652,1469094665,13
4,1469094666,1469094695,29
1,1469094676,1469094697,21
4,1469094695,1469094698,3
4,1469094698,1469094805,107
1,1469094702,1469094706,4
4,1469094805,1469094989,184
1,1469094808,1469094809,1
1,1469094820,1469094832,12
1,1469094837,1469094844,7
1,1469094849,1469094858,9
1,1469094862,1469094867,5
1,1469094870,1469094873,3
1,1469094887,1469094889,2
1,1469094899,1469094904,5
1,1469094909,1469094924,15
1,1469094930,1469094945,15
1,1469094951,1469094955,4
1,1469094979,1469094985,6
4,1469094989,1469094994,5
1,1469094995,1469094998,3
1,1469095028,1469095036,8
1,1469095043,1469095044,1
1,1469095063,1469095065,2
1,1469095069,1469095075,6
1,1469095078,1469095080,2
1,1469095086,1469095090,4
1,1469095098,1469095119,21
4,1469095110,1469095116,6
4,1469095116,1469095121,5
1,1469095124,1469095130,6
4,1469095127,1469095131,4
4,1469095131,1469095133,2
4,1469095133,1469095152,19
1,1469095137,1469095144,7
1,1469095147,1469095152,5
4,1469095157,1469095402,245
1,1469095160,1469095161,1
1,1469095179,1469095183,4
1,1469095248,1469095250,2
1,1469095261,1469095272,11
1,1469095282,1469095297,15
1,1469095303,1469095308,5
1,1469095348,1469095351,3
1,1469095357,1469095368,11
1,1469095385,1469095401,16
4,1469095402,1469095404,2
4,1469095407,1469095410,3
4,1469095410,1469095412,2
4,1469095412,1469095415,3
10,1469095416,1469095419,3
4,1469095419,1469095421,2
4,1469095421,1469095424,3
4,1469095424,1469095431,7
10,1469095424,1469095425,1
4,1469095433,1469095447,14
1,1469095435,1469095446,11
4,1469095447,1469095451,4
4,1469095451,1469095454,3
10,1469095455,1469095457,2
4,1469095457,1469095460,3
4,1469095460,1469095462,2
4,1469095463,1469095478,15
4,1469095478,1469095493,15
10,1469095480,1469095481,1
1,1469095483,1469095498,15
4,1469095493,1469095497,4
4,1469095497,1469095502,5
1,1469095502,1469095504,2
4,1469095502,1469095516,14
1,1469095507,1469095527,20
4,1469095522,1469095525,3
4,1469095528,1469095838,310
1,1469095538,1469095542,4
1,1469095556,1469095561,5
1,1469095604,1469095610,6
1,1469095626,1469095630,4
1,1469095636,1469095641,5
1,1469095684,1469095693,9
1,1469095747,1469095749,2
1,1469095771,1469095773,2
1,1469095782,1469095785,3
1,1469095800,1469095805,5
1,1469095809,1469095821,12
1,1469095828,1469095835,7
1,1469095841,1469095845,4
1,1469095849,1469095859,10
1,1469095865,1469095872,7
1,1469095876,1469095879,3
1,1469095883,1469095897,14
4,1469095894,1469095897,3
1,1469095901,1469095912,11
4,1469095913,1469095965,52
1,1469095915,1469095920,5
1,1469095940,1469095945,5
1,1469095954,1469095964,10
1,1469095968,1469095979,11
1,1469095983,1469095987,4
1,1469096002,1469096003,1
4,1469096004,1469096022,18
1,1469096010,1469096031,21
1,1469096059,1469096069,10
4,1469096064,1469096070,6
4,1469096070,1469099520,3450
10,1469096072,1469096073,1
1,1469096086,1469096089,3
1,1469098473,1469098478,5
1,1469099074,1469099075,1
1,1469099513,1469099523,10
4,1469099523,1469099541,18
1,1469099528,1469099583,55
4,1469099563,1469099574,11
4,1469099584,1469099883,299
1,1469099588,1469099589,1
1,1469099593,1469099605,12
1,1469099666,1469099669,3
1,1469099841,1469099852,11
14,1469099850,1469099854,4
1,1469099856,1469099862,6
1,1469099869,1469099882,13
4,1469099883,1469099885,2
10,1469099888,1469099890,2
4,1469099890,1469099892,2
4,1469099892,1469099894,2
4,1469099894,1469099897,3
4,1469099897,1469099899,2
1,1469099910,1469099913,3
1,1469099918,1469099922,4
4,1469099928,1469099930,2
4,1469099930,1469099936,6
10,1469099931,1469099936,5
4,1469099936,1469099938,2
4,1469099938,1469099941,3
4,1469099941,1469099943,2
4,1469099943,1469099977,34
10,1469099944,1469099945,1
1,1469099949,1469099976,27
4,1469099977,1469099988,11
10,1469099979,1469099981,2
1,1469099985,1469100018,33
4,1469099998,1469100002,4
4,1469100006,1469100019,13
4,1469100019,1469100028,9
10,1469100021,1469100022,1
1,1469100027,1469100044,17
4,1469100029,1469100034,5
10,1469100030,1469100032,2
4,1469100038,1469100045,7
4,1469100045,1469100058,13
10,1469100047,1469100048,1
1,1469100050,1469100052,2
1,1469100056,1469100059,3
4,1469100066,1469100082,16
1,1469100066,1469100092,26
4,1469100082,1469100086,4
4,1469100091,1469100112,21
1,1469100107,1469100109,2
4,1469100112,1469100124,12
1,1469100114,1469100123,9
4,1469100124,1469100126,2
4,1469100126,1469100131,5
10,1469100126,1469100131,5
4,1469100131,1469100149,18
1,1469100132,1469100137,5
1,1469100142,1469100153,11
4,1469100149,1469100155,6
4,1469100155,1469100162,7
1,1469100158,1469100166,8
4,1469100162,1469100166,4
4,1469100166,1469100169,3
4,1469100169,1469100171,2
10,1469100170,1469100171,1
1,1469100173,1469100189,16
4,1469100176,1469100178,2
4,1469100183,1469100185,2
4,1469100190,1469100196,6
4,1469100196,1469100209,13
1,1469100197,1469100224,27
4,1469100210,1469100222,12
4,1469100222,1469100224,2
4,1469100224,1469100230,6
1,1469100228,1469100233,5
4,1469100230,1469100258,28
1,1469100241,1469100257,16
4,1469100258,1469100261,3
4,1469100261,1469100290,29
1,1469100264,1469100274,10
1,1469100277,1469100281,4
1,1469100284,1469100295,11
4,1469100290,1469100312,22
1,1469100298,1469100302,4
1,1469100307,1469100310,3
4,1469100312,1469100322,10
1,1469100313,1469100323,10
4,1469100322,1469100348,26
1,1469100345,1469100353,8
4,1469100348,1469100351,3
4,1469100351,1469100354,3
1,1469100360,1469100412,52
4,1469100360,1469100386,26
1,1469100415,1469100421,6
4,1469100416,1469100434,18
1,1469100426,1469100429,3
4,1469100434,1469100440,6
1,1469100436,1469100456,20
4,1469100440,1469100448,8
10,1469100442,1469100447,5
1,1469100472,1469100477,5
4,1469100479,1469100481,2
4,1469100481,1469100484,3
4,1469100484,1469100487,3
1,1469100485,1469100487,2
4,1469100488,1469100506,18
4,1469100506,1469169258,68752
1,1469100506,1469100512,6
1,1469100608,1469100614,6
1,1469100660,1469100661,1
1,1469102726,1469102731,5
1,1469102735,1469102737,2
1,1469102742,1469102752,10
1,1469102763,1469102771,8
1,1469104352,1469104367,15
1,1469129996,1469130050,54
1,1469134602,1469134604,2
1,1469169186,1469169194,8
1,1469169198,1469169200,2
1,1469169207,1469169210,3
1,1469169217,1469169224,7
1,1469169231,1469169242,11
14,1469169240,1469169354,114
11,1469169256,1469169264,8
1,1469169258,1469169260,2
4,1469169259,1469169262,3
4,1469169262,1469169354,92
11,1469169264,1469169354,90
1,1469169265,1469169266,1
1,1469169277,1469169278,1
1,1469169281,1469169286,5
1,1469169298,1469169303,5
1,1469169308,1469169314,6
1,1469169325,1469169332,7
1,1469169345,1469169359,14
5,1469169352,1469169354,2
1,1469169368,1469169370,2
1,1469169380,1469169411,31
14,1469169387,1469169400,13
11,1469169388,1469169395,7
4,1469169391,1469169393,2
4,1469169394,1469169399,5
11,1469169395,1469169398,3
11,1469169398,1469169400,2
5,1469169399,1469169400,1
4,1469169400,1469169415,15
14,1469169411,1469169846,435
11,1469169413,1469169419,6
4,1469169415,1469169418,3
11,1469169419,1469169846,427
4,1469169419,1469169847,428
1,1469169442,1469169446,4
1,1469169451,1469169460,9
1,1469169472,1469169503,31
1,1469169507,1469169516,9
1,1469169534,1469169536,2
1,1469169542,1469169559,17
1,1469169563,1469169568,5
1,1469169571,1469169583,12
1,1469169742,1469169745,3
1,1469169843,1469169852,9
5,1469169844,1469169846,2
4,1469169853,1469169858,5
4,1469169858,1469169862,4
4,1469169862,1469169866,4
1,1469169864,1469169865,1
4,1469169866,1469170019,153
1,1469169876,1469169880,4
14,1469169880,1469169888,8
1,1469169892,1469169893,1
1,1469169963,1469169964,1
1,1469169971,1469169979,8
1,1469170010,1469170016,6
14,1469170016,1469170112,96
11,1469170017,1469170023,6
4,1469170019,1469170021,2
4,1469170022,1469170112,90
11,1469170023,1469170112,89
1,1469170039,1469170042,3
1,1469170050,1469170053,3
1,1469170065,1469170077,12
1,1469170082,1469170083,1
1,1469170087,1469170089,2
1,1469170094,1469170101,7
1,1469170104,1469170114,10
5,1469170110,1469170112,2
4,1469170117,1469170121,4
1,1469170118,1469170130,12
4,1469170121,1469170124,3
4,1469170133,1469170139,6
1,1469170136,1469170144,8
4,1469170145,1469170148,3
4,1469170149,1469170151,2
4,1469170151,1469170162,11
1,1469170157,1469170176,19
4,1469170169,1469170173,4
4,1469170178,1469170223,45
1,1469170190,1469170192,2
1,1469170198,1469170205,7
1,1469170213,1469170222,9
4,1469170226,1469170475,249
1,1469170465,1469170479,14
4,1469170478,1469170611,133
1,1469170500,1469170507,7
1,1469170519,1469170523,4
1,1469170545,1469170556,11
1,1469170571,1469170575,4
1,1469170597,1469170599,2
1,1469170607,1469170610,3
4,1469170611,1469170618,7
10,1469170615,1469170618,3
4,1469170618,1469170633,15
1,1469170630,1469170640,10
4,1469170633,1469170636,3
1,1469170666,1469170672,6
4,1469170675,1469170677,2
1,1469170795,1469170804,9
4,1469170806,1469170812,6
10,1469170809,1469170812,3
4,1469170812,1469170815,3
1,1469170812,1469170817,5
4,1469170818,1469170820,2
4,1469170820,1469170984,164
1,1469170825,1469170833,8
1,1469170886,1469170888,2
1,1469170978,1469170982,4
1,1469170990,1469170992,2
1,1469170995,1469171001,6
1,1469171009,1469171013,4
4,1469171013,1469171017,4
4,1469171017,1469171020,3
4,1469171020,1469171023,3
4,1469171023,1469171050,27
10,1469171026,1469171027,1
1,1469171032,1469171036,4
1,1469171044,1469171049,5
4,1469171050,1469171052,2
4,1469171052,1469171057,5
1,1469171053,1469171056,3
1,1469171064,1469171106,42
1,1469171114,1469171118,4
1,1469171122,1469171127,5
4,1469171129,1469171132,3
4,1469171132,1469171139,7
1,1469171134,1469171150,16
4,1469171140,1469171144,4
10,1469171141,1469171142,1
4,1469171151,1469171153,2
10,1469171154,1469171156,2
4,1469171156,1469171165,9
1,1469171160,1469171170,10
1,1469171195,1469171215,20
4,1469171211,1469171216,5
4,1469171216,1469171249,33
1,1469171218,1469171223,5
1,1469171230,1469171231,1
1,1469171235,1469171236,1
1,1469171244,1469171248,4
4,1469171250,1469171253,3
10,1469171251,1469171253,2
4,1469171253,1469171255,2
4,1469171255,1469171258,3
10,1469171256,1469171258,2
4,1469171258,1469171260,2
4,1469171263,1469171265,2
4,1469171265,1469171272,7
1,1469171270,1469171276,6
4,1469171272,1469171276,4
4,1469171277,1469171279,2
4,1469171279,1469171287,8
10,1469171280,1469171287,7
4,1469171288,1469171335,47
1,1469171299,1469171300,1
1,1469171312,1469171328,16
1,1469171332,1469171334,2
4,1469171336,1469171339,3
10,1469171337,1469171338,1
4,1469171340,1469171343,3
10,1469171341,1469171343,2
4,1469171343,1469171345,2
10,1469171343,1469171345,2
4,1469171345,1469171348,3
4,1469171348,1469171352,4
4,1469171352,1469171363,11
10,1469171355,1469171363,8
4,1469171363,1469171368,5
4,1469171370,1469171395,25
10,1469171371,1469171375,4
1,1469171383,1469171394,11
4,1469171396,1469171399,3
10,1469171397,1469171399,2
4,1469171399,1469171402,3
4,1469171403,1469171406,3
4,1469171407,1469171411,4
10,1469171408,1469171411,3
4,1469171412,1469171415,3
10,1469171413,1469171415,2
4,1469171415,1469171419,4
10,1469171415,1469171417,2
10,1469171418,1469171419,1
4,1469171425,1469171431,6
1,1469171428,1469171430,2
4,1469171431,1469171434,3
4,1469171434,1469171437,3
4,1469171437,1469171443,6
10,1469171439,1469171443,4
4,1469171444,1469171447,3
10,1469171445,1469171447,2
4,1469171447,1469171456,9
1,1469171451,1469171455,4
4,1469171456,1469171460,4
10,1469171458,1469171460,2
4,1469171461,1469171464,3
10,1469171463,1469171464,1
4,1469171464,1469171469,5
4,1469171469,1469171473,4
4,1469171474,1469171481,7
1,1469171475,1469171482,7
4,1469171481,1469171485,4
4,1469171486,1469171488,2
4,1469171495,1469171514,19
1,1469171499,1469171514,15
4,1469171515,1469171518,3
4,1469171518,1469171521,3
4,1469171522,1469171556,34
1,1469171523,1469171531,8
4,1469171556,1469171562,6
1,1469171557,1469171559,2
4,1469171562,1469171625,63
1,1469171566,1469171572,6
1,1469171575,1469171581,6
1,1469171587,1469171593,6
1,1469171597,1469171600,3
1,1469171609,1469171624,15
4,1469171626,1469171632,6
1,1469171628,1469171636,8
4,1469171637,1469171641,4
4,1469171645,1469171661,16
1,1469171647,1469171655,8
4,1469171661,1469171665,4
10,1469171662,1469171665,3
4,1469171665,1469171668,3
10,1469171667,1469171668,1
4,1469171668,1469171671,3
4,1469171671,1469171675,4
10,1469171673,1469171675,2
4,1469171678,1469171685,7
4,1469171686,1469171689,3
10,1469171688,1469171689,1
4,1469171691,1469171705,14
10,1469171692,1469171705,13
4,1469171705,1469171788,83
1,1469171706,1469171722,16
1,1469171726,1469171729,3
1,1469171733,1469171752,19
1,1469171756,1469171759,3
1,1469171766,1469171768,2
1,1469171778,1469171784,6
4,1469171788,1469171792,4
10,1469171789,1469171790,1
10,1469171790,1469171792,2
4,1469171792,1469171795,3
4,1469171796,1469171802,6
1,1469171798,1469171805,7
4,1469171802,1469171806,4
4,1469171807,1469171827,20
1,1469171808,1469171812,4
1,1469171820,1469171855,35
4,1469171829,1469171834,5
4,1469171838,1469171845,7
4,1469171845,1469171850,5
4,1469171851,1469171862,11
10,1469171861,1469171862,1
4,1469171862,1469171874,12
1,1469171868,1469171870,2
4,1469171874,1469171879,5
1,1469171875,1469171882,7
4,1469171879,1469171938,59
1,1469171885,1469171895,10
1,1469171903,1469171936,33
4,1469171938,1469171940,2
4,1469171940,1469171943,3
4,1469171945,1469171948,3
4,1469171948,1469171950,2
4,1469171950,1469171956,6
4,1469171956,1469171960,4
1,1469171958,1469171959,1
4,1469171961,1469171964,3
1,1469171963,1469171976,13
4,1469171964,1469171984,20
10,1469171965,1469171967,2
1,1469171980,1469171982,2
4,1469171984,1469171987,3
4,1469171989,1469171991,2
4,1469171991,1469171994,3
4,1469171994,1469172000,6
1,1469171999,1469172004,5
4,1469172000,1469172076,76
1,1469172010,1469172012,2
1,1469172069,1469172075,6
4,1469172077,1469172105,28
4,1469172105,1469172108,3
10,1469172108,1469172110,2
4,1469172108,1469172111,3
10,1469172110,1469172111,1
4,1469172111,1469172116,5
10,1469172113,1469172116,3
4,1469172116,1469172118,2
4,1469172120,1469172123,3
10,1469172124,1469172127,3
4,1469172127,1469172130,3
4,1469172130,1469172133,3
4,1469172134,1469172136,2
4,1469172136,1469172142,6
10,1469172137,1469172142,5
4,1469172143,1469172147,4
10,1469172146,1469172147,1
4,1469172148,1469172155,7
10,1469172150,1469172153,3
1,1469172153,1469172155,2
4,1469172156,1469172158,2
10,1469172156,1469172158,2
4,1469172160,1469172163,3
10,1469172162,1469172163,1
4,1469172163,1469172169,6
1,1469172165,1469172179,14
4,1469172176,1469172180,4
4,1469172180,1469172182,2
10,1469172180,1469172182,2
4,1469172182,1469172185,3
4,1469172185,1469172188,3
4,1469172188,1469172195,7
1,1469172194,1469172204,10
4,1469172197,1469172205,8
4,1469172205,1469172207,2
4,1469172208,1469172214,6
10,1469172208,1469172210,2
4,1469172214,1469172218,4
4,1469172218,1469172222,4
10,1469172220,1469172222,2
4,1469172222,1469172228,6
1,1469172224,1469172227,3
4,1469172229,1469172232,3
4,1469172232,1469172234,2
4,1469172234,1469172239,5
4,1469172239,1469172242,3
4,1469172242,1469172256,14
1,1469172245,1469172255,10
4,1469172258,1469172262,4
4,1469172262,1469172264,2
4,1469172265,1469172268,3
10,1469172266,1469172268,2
1,1469172272,1469172279,7
4,1469172280,1469172283,3
10,1469172281,1469172283,2
4,1469172283,1469172287,4
10,1469172286,1469172287,1
4,1469172287,1469172300,13
1,1469172293,1469172295,2
4,1469172300,1469172492,192
1,1469172353,1469172362,9
14,1469172362,1469172373,11
1,1469172375,1469172376,1
1,1469172380,1469172399,19
1,1469172404,1469172413,9
1,1469172433,1469172440,7
1,1469172470,1469172476,6
1,1469172482,1469172489,7
4,1469172492,1469172496,4
10,1469172494,1469172496,2
4,1469172496,1469172500,4
1,1469172497,1469172505,8
4,1469172503,1469172505,2
4,1469172505,1469172512,7
1,1469172521,1469172534,13
4,1469172528,1469172532,4
4,1469172532,1469172535,3
4,1469172536,1469172552,16
10,1469172537,1469172539,2
1,1469172550,1469172551,1
4,1469172552,1469172558,6
1,1469172555,1469172562,7
4,1469172564,1469172567,3
4,1469172567,1469172618,51
1,1469172570,1469172616,46
10,1469172570,1469172577,7
4,1469172619,1469172621,2
4,1469172622,1469172624,2
4,1469172624,1469172627,3
4,1469172628,1469172630,2
4,1469172631,1469172633,2
10,1469172632,1469172633,1
4,1469172634,1469172639,5
1,1469172637,1469172638,1
4,1469172640,1469172643,3
4,1469172650,1469172652,2
4,1469172655,1469172657,2
4,1469172657,1469172660,3
4,1469172660,1469172662,2
4,1469172663,1469172680,17
4,1469172681,1469172685,4
4,1469172689,1469172692,3
4,1469172694,1469172700,6
1,1469172696,1469172697,1
4,1469172701,1469172703,2
4,1469172703,1469172706,3
4,1469172708,1469172711,3
4,1469172711,1469172724,13
4,1469172724,1469172732,8
10,1469172725,1469172726,1
1,1469172738,1469172740,2
4,1469172740,1469172744,4
4,1469172745,1469172755,10
10,1469172749,1469172756,7
1,1469172754,1469172761,7
14,1469172761,1469172773,12
1,1469172777,1469172780,3
1,1469172783,1469172786,3
1,1469172789,1469172791,2
1,1469172799,1469172805,6
1,1469172809,1469172812,3
4,1469172809,1469172813,4
4,1469172813,1469172820,7
1,1469172815,1469172822,7
1,1469172830,1469172833,3
4,1469172831,1469172834,3
4,1469172834,1469172843,9
1,1469172837,1469172842,5
4,1469172844,1469172847,3
4,1469172848,1469172854,6
10,1469172849,1469172852,3
4,1469172855,1469172863,8
1,1469172860,1469172862,2
4,1469172866,1469172868,2
4,1469172869,1469172872,3
4,1469172872,1469172879,7
10,1469172872,1469172877,5
4,1469172879,1469172882,3
4,1469172884,1469172886,2
4,1469172886,1469172898,12
1,1469172893,1469172897,4
1,1469172910,1469172916,6
14,1469172916,1469172923,7
1,1469172939,1469172940,1
1,1469172951,1469172961,10
1,1469172969,1469172981,12
4,1469172979,1469172982,3
4,1469172982,1469173030,48
10,1469172983,1469172986,3
1,1469172984,1469172988,4
14,1469172988,1469172997,9
1,1469172999,1469173004,5
14,1469173003,1469173006,3
1,1469173008,1469173014,6
1,1469173019,1469173023,4
1,1469173028,1469173029,1
4,1469173031,1469173036,5
10,1469173032,1469173033,1
1,1469173032,1469173035,3
4,1469173039,1469173043,4
10,1469173042,1469173043,1
1,1469173048,1469173065,17
4,1469173062,1469173066,4
4,1469173066,1469173068,2
4,1469173068,1469173071,3
4,1469173072,1469173074,2
4,1469173074,1469173076,2
4,1469173077,1469173079,2
4,1469173079,1469173083,4
4,1469173083,1469173105,22
10,1469173083,1469173088,5
1,1469173086,1469173089,3
1,1469173092,1469173095,3
1,1469173099,1469173113,14
4,1469173110,1469173115,5
1,1469173117,1469173118,1
4,1469173119,1469173121,2
4,1469173121,1469173123,2
4,1469173124,1469173128,4
10,1469173126,1469173128,2
4,1469173128,1469173133,5
1,1469173139,1469173146,7
4,1469173141,1469173181,40
14,1469173146,1469173154,8
1,1469173159,1469173160,1
1,1469173172,1469173178,6
4,1469173181,1469173183,2
4,1469173184,1469173192,8
10,1469173184,1469173189,5
10,1469173191,1469173192,1
4,1469173193,1469173196,3
4,1469173196,1469173200,4
10,1469173198,1469173200,2
4,1469173200,1469173209,9
1,1469173203,1469173211,8
4,1469173209,1469173212,3
4,1469173213,1469173216,3
4,1469173216,1469173221,5
1,1469173224,1469173230,6
14,1469173228,1469173237,9
1,1469173284,1469173286,2
1,1469173294,1469173304,10
1,1469173316,1469173329,13
1,1469173340,1469173342,2
1,1469173349,1469173352,3
4,1469173353,1469173356,3
1,1469173356,1469173358,2
4,1469173360,1469173397,37
1,1469173380,1469173416,36
4,1469173405,1469173410,5
4,1469173416,1469173423,7
1,1469173420,1469173425,5
4,1469173427,1469173439,12
1,1469173431,1469173432,1
1,1469173438,1469173444,6
4,1469173446,1469173576,130
1,1469173455,1469173463,8
1,1469173471,1469173478,7
1,1469173491,1469173494,3
14,1469173493,1469173504,11
1,1469173537,1469173547,10
1,1469173552,1469173555,3
1,1469173570,1469173574,4
4,1469173576,1469173578,2
4,1469173579,1469173582,3
4,1469173583,1469173585,2
4,1469173586,1469173588,2
4,1469173588,1469173590,2
4,1469173591,1469173593,2
4,1469173593,1469173595,2
4,1469173595,1469173599,4
1,1469173601,1469173603,2
4,1469173602,1469173605,3
4,1469173605,1469173608,3
4,1469173608,1469174152,544
1,1469173610,1469173619,9
1,1469173624,1469173631,7
1,1469174129,1469174150,21
4,1469174152,1469174155,3
4,1469174155,1469174157,2
4,1469174158,1469174178,20
10,1469174162,1469174163,1
1,1469174163,1469174165,2
1,1469174176,1469174178,2
4,1469174179,1469174195,16
1,1469174181,1469174185,4
1,1469174188,1469174190,2
1,1469174193,1469174194,1
4,1469174195,1469174219,24
1,1469174197,1469174199,2
10,1469174200,1469174203,3
1,1469174203,1469174208,5
1,1469174217,1469174222,5
4,1469174219,1469174223,4
10,1469174220,1469174222,2
4,1469174223,1469174257,34
10,1469174225,1469174227,2
1,1469174226,1469174239,13
10,1469174229,1469174231,2
1,1469174254,1469174256,2
4,1469174257,1469174275,18
1,1469174260,1469174299,39
4,1469174276,1469174282,6
4,1469174287,1469174291,4
4,1469174293,1469174842,549
10,1469174295,1469174296,1
1,1469174502,1469174505,3
1,1469174509,1469174512,3
1,1469174518,1469174521,3
1,1469174526,1469174533,7
1,1469174806,1469174825,19
1,1469174837,1469174839,2
4,1469174851,1469174856,5
4,1469174856,1469174913,57
1,1469174860,1469174864,4
1,1469174875,1469174884,9
1,1469174888,1469174912,24
4,1469174914,1469174917,3
4,1469174917,1469174921,4
10,1469174920,1469174921,1
4,1469174921,1469175140,219
1,1469174924,1469174935,11
1,1469175061,1469175064,3
1,1469175068,1469175070,2
1,1469175077,1469175089,12
1,1469175099,1469175120,21
5,1469175120,1469175130,10
1,1469175131,1469175152,21
4,1469175140,1469175145,5
4,1469175156,1469175173,17
1,1469175161,1469175162,1
1,1469175169,1469175172,3
4,1469175173,1469175177,4
1,1469175175,1469175204,29
4,1469175188,1469175193,5
4,1469175199,1469175203,4
1,1469175208,1469175227,19
4,1469175210,1469175214,4
4,1469175214,1469175220,6
4,1469175225,1469175228,3
4,1469175230,1469175233,3
1,1469175231,1469175232,1
4,1469175233,1469175235,2
4,1469175236,1469175238,2
4,1469175238,1469175243,5
4,1469175243,1469175246,3
1,1469175244,1469175272,28
4,1469175249,1469175253,4
4,1469175260,1469175267,7
4,1469175273,1469175275,2
10,1469175274,1469175275,1
4,1469175276,1469175279,3
4,1469175284,1469175286,2
4,1469175286,1469175289,3
4,1469175289,1469175293,4
4,1469175293,1469175295,2
4,1469175296,1469175298,2
4,1469175298,1469175300,2
4,1469175300,1469175303,3
4,1469175303,1469175311,8
4,1469175311,1469175319,8
1,1469175314,1469175322,8
4,1469175323,1469175330,7
4,1469175335,1469175339,4
4,1469175339,1469175346,7
4,1469175351,1469175355,4
1,1469175352,1469175354,2
4,1469175355,1469175359,4
4,1469175359,1469175372,13
10,1469175361,1469175363,2
4,1469175373,1469175375,2
10,1469175375,1469175376,1
4,1469175377,1469175383,6
1,1469175381,1469175382,1
4,1469175383,1469175390,7
4,1469175390,1469175393,3
1,1469175391,1469175393,2
4,1469175393,1469175395,2
4,1469175396,1469175398,2
4,1469175398,1469175400,2
4,1469175401,1469175403,2
4,1469175403,1469175406,3
4,1469175406,1469175408,2
4,1469175408,1469175410,2
4,1469175411,1469175413,2
4,1469175413,1469175415,2
4,1469175415,1469175417,2
4,1469175417,1469175423,6
4,1469175423,1469175426,3
4,1469175426,1469175428,2
4,1469175429,1469175431,2
4,1469175432,1469175461,29
1,1469175434,1469175446,12
1,1469175457,1469175466,9
4,1469175467,1469175469,2
4,1469175470,1469175498,28
10,1469175473,1469175475,2
1,1469175474,1469175476,2
1,1469175495,1469175507,12
4,1469175507,1469175519,12
1,1469175516,1469175518,2
4,1469175521,1469175525,4
4,1469175528,1469175672,144
1,1469175575,1469175580,5
1,1469175597,1469175602,5
14,1469175600,1469175612,12
1,1469175613,1469175616,3
1,1469175632,1469175633,1
1,1469175637,1469175639,2
1,1469175647,1469175669,22
4,1469175672,1469175674,2
10,1469175673,1469175674,1
4,1469175674,1469175677,3
4,1469175677,1469175680,3
4,1469175682,1469175688,6
4,1469175689,1469175694,5
1,1469175692,1469175697,5
4,1469175695,1469175698,3
4,1469175698,1469175703,5
1,1469175700,1469175702,2
1,1469175711,1469175721,10
4,1469175725,1469175728,3
4,1469175728,1469175730,2
4,1469175730,1469175733,3
4,1469175733,1469175736,3
10,1469175735,1469175736,1
4,1469175736,1469175738,2
4,1469175738,1469175740,2
10,1469175739,1469175740,1
4,1469175741,1469175744,3
4,1469175744,1469175746,2
10,1469175747,1469175748,1
4,1469175748,1469175753,5
4,1469175759,1469175762,3
4,1469175762,1469175764,2
10,1469175762,1469175763,1
4,1469175765,1469175768,3
10,1469175766,1469175768,2
4,1469175768,1469175781,13
10,1469175769,1469175781,12
4,1469175781,1469175788,7
1,1469175785,1469175787,2
4,1469175788,1469175792,4
10,1469175789,1469175792,3
4,1469175792,1469175801,9
4,1469175801,1469175806,5
10,1469175806,1469175810,4
4,1469175810,1469175812,2
4,1469175812,1469175814,2
10,1469175816,1469175818,2
10,1469175820,1469175821,1
4,1469175821,1469175824,3
4,1469175824,1469175826,2
4,1469175826,1469175830,4
4,1469175830,1469175834,4
4,1469175838,1469175843,5
10,1469175841,1469175844,3
4,1469175843,1469175847,4
4,1469175847,1469175856,9
10,1469175849,1469175856,7
4,1469175856,1469175873,17
4,1469175873,1469175893,20
10,1469175875,1469175889,14
4,1469175893,1469175895,2
10,1469175896,1469175897,1
4,1469175901,1469175906,5
4,1469175906,1469175909,3
4,1469175910,1469175921,11
1,1469175916,1469175920,4
4,1469175925,1469175928,3
10,1469175927,1469175928,1
4,1469175928,1469175931,3
4,1469175932,1469175934,2
4,1469175934,1469175938,4
4,1469175939,1469175941,2
1,1469175940,1469175941,1
4,1469175941,1469175943,2
4,1469175945,1469175947,2
1,1469175945,1469175947,2
4,1469175948,1469175958,10
1,1469175952,1469175958,6
4,1469175958,1469175961,3
10,1469175960,1469175961,1
4,1469175966,1469175968,2
4,1469175968,1469175976,8
1,1469175971,1469175972,1
4,1469175976,1469175981,5
1,1469175983,1469175993,10
4,1469175995,1469175998,3
4,1469175998,1469176001,3
4,1469176001,1469176003,2
4,1469176003,1469176006,3
4,1469176006,1469176010,4
4,1469176010,1469176016,6
4,1469176016,1469176018,2
4,1469176019,1469176021,2
10,1469176022,1469176025,3
1,1469176023,1469176039,16
4,1469176026,1469176031,5
4,1469176031,1469176047,16
10,1469176033,1469176034,1
1,1469176044,1469176050,6
10,1469176048,1469176049,1
4,1469176051,1469176058,7
1,1469176053,1469176055,2
4,1469176058,1469176094,36
1,1469176065,1469176073,8
14,1469176070,1469176080,10
1,1469176082,1469176093,11
4,1469176094,1469176100,6
10,1469176096,1469176097,1
1,1469176097,1469176099,2
4,1469176100,1469176104,4
10,1469176103,1469176104,1
4,1469176106,1469176113,7
1,1469176108,1469176115,7
1,1469176120,1469176123,3
14,1469176123,1469176134,11
1,1469176132,1469176140,8
1,1469176145,1469176153,8
4,1469176153,1469176156,3
1,1469176160,1469176165,5
14,1469176165,1469176176,11
1,1469176263,1469176279,16
1,1469176743,1469176757,14
1,1469176827,1469176830,3
1,1469176834,1469176835,1
1,1469176845,1469176848,3
1,1469176852,1469176865,13
1,1469176869,1469176890,21
14,1469176890,1469176894,4
1,1469176903,1469176910,7
1,1469176948,1469176950,2
1,1469176957,1469176991,34
4,1469176995,1469176998,3
4,1469176998,1469177000,2
4,1469177000,1469177003,3
4,1469177003,1469177005,2
4,1469177006,1469177101,95
10,1469177009,1469177021,12
1,1469177012,1469177013,1
1,1469177021,1469177039,18
10,1469177041,1469177042,1
1,1469177043,1469177081,38
1,1469177096,1469177099,3
4,1469177102,1469177105,3
1,1469177111,1469177120,9
1,1469177129,1469177136,7
1,1469177140,1469177141,1
4,1469177142,1469177148,6
4,1469177149,1469177152,3
4,1469177153,1469177156,3
10,1469177154,1469177156,2
4,1469177156,1469177160,4
4,1469177160,1469177162,2
10,1469177160,1469177162,2
4,1469177162,1469177165,3
4,1469177165,1469177167,2
10,1469177166,1469177167,1
4,1469177167,1469177170,3
4,1469177170,1469177173,3
4,1469177173,1469177175,2
4,1469177175,1469177178,3
4,1469177179,1469178586,1407
10,1469177180,1469177181,1
1,1469177182,1469177197,15
1,1469177202,1469177203,1
1,1469177240,1469177246,6
1,1469177252,1469177256,4
1,1469177271,1469177280,9
1,1469177293,1469177294,1
1,1469178577,1469178586,9
4,1469178587,1469178589,2
4,1469178589,1469178591,2
4,1469178591,1469178593,2
4,1469178595,1469178598,3
4,1469178598,1469178601,3
4,1469178601,1469178603,2
4,1469178603,1469178606,3
4,1469178606,1469178614,8
1,1469178609,1469178612,3
4,1469178615,1469178617,2
4,1469178617,1469178623,6
1,1469178624,1469178625,1
4,1469178626,1469178629,3
4,1469178629,1469178677,48
1,1469178640,1469178641,1
1,1469178670,1469178675,5
4,1469178677,1469178682,5
1,1469178680,1469178683,3
10,1469178686,1469178687,1
1,1469178688,1469178707,19
1,1469178725,1469178737,12
1,1469178752,1469178758,6
1,1469178767,1469178770,3
4,1469178772,1469178775,3
4,1469178775,1469178777,2
4,1469178777,1469178780,3
4,1469178780,1469178784,4
4,1469178784,1469178786,2
4,1469178786,1469178792,6
4,1469178796,1469178799,3
4,1469178799,1469178802,3
10,1469178802,1469178804,2
4,1469178804,1469178808,4
4,1469178808,1469178812,4
4,1469178812,1469178943,131
10,1469178814,1469178816,2
1,1469178816,1469178846,30
1,1469178852,1469178858,6
1,1469178862,1469178868,6
1,1469178872,1469178873,1
1,1469178877,1469178884,7
1,1469178893,1469178894,1
1,1469178937,1469178943,6
1,1469178949,1469178951,2
4,1469178950,1469178964,14
1,1469178958,1469178959,1
4,1469178964,1469178971,7
1,1469178965,1469178967,2
4,1469178971,1469180162,1191
1,1469180083,1469180092,9
1,1469180103,1469180121,18
1,1469180129,1469180150,21
14,1469180149,1469180354,205
11,1469180160,1469180167,7
4,1469180162,1469180164,2
1,1469180165,1469180177,12
4,1469180165,1469180188,23
11,1469180167,1469180187,20
1,1469180186,1469180190,4
11,1469180191,1469180194,3
1,1469180194,1469180201,7
11,1469180194,1469180221,27
1,1469180204,1469180208,4
1,1469180215,1469180224,9
11,1469180221,1469180223,2
11,1469180224,1469180246,22
1,1469180227,1469180229,2
1,1469180236,1469180240,4
1,1469180244,1469180248,4
11,1469180246,1469180247,1
11,1469180248,1469180354,106
1,1469180256,1469180258,2
1,1469180284,1469180308,24
4,1469180308,1469180355,47
1,1469180315,1469180321,6
1,1469180335,1469180357,22
5,1469180352,1469180354,2
14,1469180357,1469180365,8
1,1469180369,1469180384,15
4,1469180430,1469180448,18
1,1469180438,1469180446,8
4,1469180449,1469180452,3
4,1469180453,1469180455,2
4,1469180455,1469180459,4
4,1469180459,1469180464,5
1,1469180460,1469180462,2
4,1469180464,1469180471,7
10,1469180468,1469180471,3
4,1469180472,1469180474,2
4,1469180474,1469180476,2
4,1469180477,1469180479,2
1,1469180483,1469180487,4
1,1469180492,1469180496,4
4,1469180494,1469180500,6
10,1469180499,1469180500,1
4,1469180502,1469180510,8
1,1469180504,1469180509,5
4,1469180511,1469180513,2
4,1469180513,1469180516,3
4,1469180516,1469180528,12
10,1469180523,1469180527,4
4,1469180529,1469180531,2
4,1469180533,1469180535,2
4,1469180535,1469180540,5
4,1469180542,1469180609,67
1,1469180554,1469180564,10
1,1469180571,1469180579,8
1,1469180587,1469180588,1
1,1469180594,1469180617,23
4,1469180609,1469180613,4
1,1469180631,1469180634,3
4,1469180636,1469180644,8
1,1469180638,1469180642,4
4,1469180645,1469180648,3
4,1469180658,1469180668,10
1,1469180660,1469180662,2
1,1469180666,1469180667,1
4,1469180669,1469180671,2
4,1469180672,1469180714,42
1,1469180720,1469180723,3
1,1469180728,1469180742,14
1,1469180746,1469180755,9
1,1469180857,1469180879,22
6,1469180888,1469180889,1
1,1469180892,1469180903,11
1,1469180918,1469180920,2
1,1469180925,1469180927,2
4,1469180928,1469180932,4
1,1469180937,1469180940,3
1,1469180963,1469180970,7
1,1469180973,1469180990,17
4,1469180991,1469181077,86
1,1469180995,1469180996,1
10,1469180997,1469181000,3
1,1469181011,1469181024,13
1,1469181063,1469181074,11
4,1469181077,1469181087,10
4,1469181087,1469181092,5
10,1469181088,1469181092,4
4,1469181092,1469181095,3
4,1469181096,1469181099,3
1,1469181100,1469181104,4
4,1469181105,1469181107,2
4,1469181107,1469181117,10
1,1469181112,1469181119,7
4,1469181120,1469181124,4
4,1469181124,1469181128,4
4,1469181128,1469181132,4
1,1469181129,1469181130,1
4,1469181132,1469181137,5
1,1469181134,1469181137,3
4,1469181137,1469181139,2
4,1469181140,1469181142,2
4,1469181142,1469181144,2
4,1469181145,1469181147,2
4,1469181147,1469181150,3
4,1469181150,1469181152,2
4,1469181152,1469181154,2
1,1469181156,1469181157,1
4,1469181158,1469181162,4
4,1469181163,1469181166,3
4,1469181169,1469181174,5
1,1469181171,1469181173,2
4,1469181174,1469181178,4
10,1469181175,1469181178,3
4,1469181178,1469181183,5
1,1469181179,1469181182,3
1,1469181246,1469181249,3
4,1469181256,1469181258,2
4,1469181258,1469181262,4
10,1469181259,1469181262,3
4,1469181262,1469181273,11
1,1469181264,1469181266,2
1,1469181270,1469181272,2
4,1469181273,1469181275,2
10,1469181274,1469181275,1
4,1469181275,1469181286,11
1,1469181276,1469181297,21
4,1469181288,1469181290,2
4,1469181290,1469181295,5
4,1469181296,1469181299,3
4,1469181299,1469181303,4
1,1469181301,1469181303,2
4,1469181303,1469181306,3
4,1469181306,1469181309,3
4,1469181309,1469181315,6
1,1469181313,1469181315,2
4,1469181315,1469181323,8
10,1469181317,1469181318,1
1,1469181320,1469181330,10
4,1469181328,1469181331,3
4,1469181331,1469181336,5
1,1469181334,1469181335,1
4,1469181336,1469181338,2
1,1469181340,1469181343,3
4,1469181342,1469181353,11
1,1469181349,1469181356,7
4,1469181355,1469181365,10
1,1469181363,1469181364,1
4,1469181366,1469181369,3
10,1469181371,1469181372,1
4,1469181372,1469181375,3
4,1469181376,1469181381,5
1,1469181378,1469181380,2
4,1469181381,1469181383,2
4,1469181383,1469181385,2
4,1469181385,1469181388,3
10,1469181386,1469181387,1
1,1469181386,1469181390,4
4,1469181388,1469181391,3
4,1469181391,1469181393,2
1,1469181398,1469181399,1
4,1469181400,1469181408,8
1,1469181402,1469181407,5
4,1469181408,1469181411,3
4,1469181412,1469181424,12
1,1469181416,1469181420,4
4,1469181424,1469181428,4
10,1469181424,1469181425,1
4,1469181428,1469181431,3
1,1469181429,1469181438,9
4,1469181432,1469181440,8
1,1469181446,1469181448,2
4,1469181457,1469181461,4
1,1469181458,1469181460,2
4,1469181461,1469181472,11
1,1469181464,1469181470,6
4,1469181472,1469181474,2
4,1469181474,1469181484,10
1,1469181480,1469181482,2
4,1469181485,1469181487,2
4,1469181488,1469181493,5
1,1469181489,1469181492,3
4,1469181493,1469181499,6
1,1469181496,1469181499,3
4,1469181500,1469181504,4
1,1469181510,1469181517,7
4,1469181524,1469181527,3
1,1469181524,1469181527,3
4,1469181527,1469181530,3
10,1469181529,1469181530,1
4,1469181532,1469181534,2
4,1469181534,1469181539,5
4,1469181539,1469181541,2
4,1469181541,1469181547,6
1,1469181544,1469181546,2
4,1469181547,1469181551,4
4,1469181554,1469181575,21
1,1469181567,1469181576,9
1,1469181582,1469181587,5
4,1469181587,1469181619,32
1,1469181616,1469181639,23
4,1469181619,1469181628,9
4,1469181628,1469181636,8
4,1469181639,1469181655,16
1,1469181652,1469181657,5
4,1469181655,1469181659,4
4,1469181659,1469181661,2
4,1469181661,1469181666,5
1,1469181663,1469181686,23
4,1469181666,1469181679,13
4,1469181683,1469181687,4
4,1469181687,1469181695,8
1,1469181690,1469181719,29
4,1469181699,1469181705,6
4,1469181715,1469181787,72
1,1469181748,1469181751,3
1,1469181755,1469181767,12
1,1469181782,1469181787,5
1,1469181794,1469181804,10
4,1469181799,1469181804,5
4,1469181805,1469181807,2
4,1469181807,1469181821,14
1,1469181808,1469181810,2
1,1469181815,1469181820,5
1,1469181842,1469181856,14
4,1469181852,1469181857,5
4,1469181858,1469181861,3
10,1469181859,1469181860,1
1,1469181859,1469181874,15
4,1469181861,1469181866,5
4,1469181866,1469181869,3
4,1469181869,1469181872,3
4,1469181875,1469181877,2
4,1469181879,1469181886,7
1,1469181890,1469181906,16
4,1469181891,1469181901,10
4,1469181904,1469181923,19
1,1469181910,1469181930,20
4,1469181926,1469181930,4
4,1469181930,1469181936,6
1,1469181933,1469181934,1
4,1469181938,1469181940,2
4,1469181940,1469181975,35
1,1469181945,1469181950,5
1,1469181965,1469181975,10
4,1469181976,1469181978,2
4,1469181980,1469181982,2
4,1469181982,1469181988,6
1,1469181985,1469181995,10
4,1469181988,1469181991,3
4,1469181991,1469181996,5
4,1469181996,1469182002,6
1,1469181998,1469182002,4
4,1469182006,1469182012,6
1,1469182007,1469182066,59
4,1469182014,1469182023,9
4,1469182039,1469182050,11
4,1469182058,1469182067,9
1,1469182078,1469182103,25
4,1469182081,1469182086,5
10,1469182083,1469182085,2
10,1469182087,1469182133,46
1,1469182106,1469182108,2
1,1469182117,1469182124,7
1,1469182129,1469182140,11
1,1469182145,1469182148,3
4,1469182145,1469182240,95
1,1469182210,1469182213,3
14,1469182213,1469182217,4
1,1469182219,1469182224,5
1,1469182227,1469182233,6
1,1469182237,1469182240,3
4,1469182241,1469182262,21
1,1469182249,1469182258,9
4,1469182265,1469182268,3
10,1469182267,1469182268,1
4,1469182268,1469182272,4
4,1469182272,1469182281,9
1,1469182274,1469182296,22
4,1469182290,1469182295,5
4,1469182295,1469182297,2
4,1469182298,1469182300,2
4,1469182300,1469182303,3
4,1469182303,1469182308,5
4,1469182308,1469182312,4
4,1469182312,1469182315,3
4,1469182315,1469182321,6
1,1469182327,1469182337,10
4,1469182331,1469182337,6
4,1469182339,1469182343,4
4,1469182343,1469182348,5
10,1469182343,1469182344,1
1,1469182371,1469182375,4
14,1469182374,1469182381,7
1,1469182381,1469182386,5
1,1469182392,1469182393,1
4,1469182395,1469182397,2
4,1469182397,1469182400,3
4,1469182401,1469182403,2
4,1469182403,1469182406,3
4,1469182410,1469182467,57
1,1469182464,1469182467,3
1,1469182470,1469182475,5
14,1469182474,1469182483,9
1,1469182484,1469182486,2
1,1469182492,1469182493,1
1,1469182500,1469182514,14
1,1469182518,1469182519,1
4,1469182521,1469182527,6
4,1469182527,1469182531,4
4,1469182531,1469182534,3
4,1469182534,1469182537,3
4,1469182537,1469182553,16
4,1469182553,1469182555,2
4,1469182556,1469182558,2
10,1469182557,1469182558,1
4,1469182558,1469182562,4
10,1469182559,1469182561,2
1,1469182560,1469182561,1
4,1469182563,1469182574,11
10,1469182566,1469182570,4
4,1469182574,1469182576,2
10,1469182574,1469182575,1
4,1469182577,1469182579,2
10,1469182577,1469182579,2
4,1469182581,1469182586,5
1,1469182593,1469182595,2
14,1469182595,1469182602,7
1,1469182617,1469182622,5
14,1469182621,1469182624,3
1,1469182627,1469182634,7
1,1469182642,1469182648,6
1,1469182654,1469182658,4
4,1469182660,1469182720,60
1,1469182671,1469182675,4
1,1469182702,1469182708,6
1,1469182712,1469182713,1
4,1469182721,1469182723,2
4,1469182724,1469182726,2
4,1469182727,1469182730,3
4,1469182730,1469182732,2
4,1469182732,1469182737,5
4,1469182737,1469182739,2
10,1469182739,1469182741,2
4,1469182741,1469182744,3
4,1469182745,1469182749,4
4,1469182749,1469182751,2
4,1469182752,1469182757,5
10,1469182752,1469182754,2
4,1469182757,1469182759,2
4,1469182759,1469182764,5
1,1469182760,1469182766,6
4,1469182764,1469182767,3
10,1469182764,1469182766,2
4,1469182767,1469182809,42
1,1469182772,1469182778,6
14,1469182777,1469182784,7
1,1469182781,1469182794,13
1,1469182803,1469182809,6
4,1469182811,1469182813,2
4,1469182813,1469182818,5
4,1469182818,1469182821,3
4,1469182822,1469182826,4
4,1469182826,1469182829,3
4,1469182830,1469182838,8
4,1469182838,1469182840,2
4,1469182841,1469182844,3
10,1469182841,1469182844,3
4,1469182844,1469182848,4
4,1469182849,1469182920,71
10,1469182850,1469182855,5
1,1469182912,1469182915,3
4,1469182920,1469182927,7
4,1469182927,1469182929,2
4,1469182929,1469182933,4
10,1469182930,1469182931,1
4,1469182933,1469182937,4
10,1469182934,1469182937,3
1,1469182943,1469182947,4
14,1469182945,1469182951,6
1,1469182952,1469182958,6
14,1469182958,1469182960,2
1,1469182963,1469182966,3
1,1469182975,1469182976,1
1,1469182980,1469182985,5
1,1469182997,1469183001,4
1,1469183017,1469183019,2
1,1469183032,1469183034,2
1,1469183079,1469183104,25
4,1469183086,1469183090,4
1,1469183107,1469183109,2
4,1469183110,1469183112,2
4,1469183113,1469183115,2
4,1469183115,1469183117,2
4,1469183118,1469183121,3
10,1469183119,1469183121,2
4,1469183121,1469183124,3
4,1469183124,1469183159,35
1,1469183145,1469183158,13
4,1469183159,1469183162,3
4,1469183162,1469183165,3
4,1469183165,1469183168,3
10,1469183165,1469183167,2
4,1469183169,1469183171,2
10,1469183171,1469183172,1
4,1469183172,1469183175,3
4,1469183176,1469183178,2
4,1469183178,1469183180,2
10,1469183178,1469183179,1
4,1469183180,1469183183,3
10,1469183181,1469183183,2
4,1469183183,1469183186,3
4,1469183186,1469183188,2
4,1469183189,1469183191,2
10,1469183189,1469183191,2
4,1469183192,1469183194,2
4,1469183194,1469183203,9
1,1469183198,1469183199,1
4,1469183204,1469183211,7
4,1469183213,1469183249,36
1,1469183215,1469183229,14
1,1469183244,1469183247,3
4,1469183249,1469183251,2
4,1469183252,1469183255,3
1,1469183256,1469183258,2
4,1469183258,1469183309,51
1,1469183270,1469183272,2
1,1469183298,1469183299,1
1,1469183306,1469183309,3
4,1469183310,1469183312,2
4,1469183313,1469183315,2
1,1469183315,1469183317,2
4,1469183318,1469183322,4
4,1469183322,1469183329,7
1,1469183322,1469183328,6
1,1469183348,1469183350,2
4,1469183350,1469183352,2
4,1469183352,1469183355,3
4,1469183355,1469183358,3
4,1469183358,1469183361,3
4,1469183363,1469185869,2506
10,1469183364,1469183366,2
1,1469183366,1469183373,7
1,1469183382,1469183399,17
1,1469183404,1469183406,2
1,1469183411,1469183413,2
1,1469185751,1469185755,4
1,1469185762,1469185769,7
1,1469185772,1469185775,3
1,1469185780,1469185782,2
1,1469185790,1469185794,4
1,1469185797,1469185820,23
1,1469185841,1469185847,6
1,1469185851,1469185862,11
14,1469185862,1469185877,15
11,1469185869,1469185877,8
4,1469185871,1469185873,2
4,1469185873,1469185877,4
5,1469185875,1469185877,2
1,1469185879,1469185883,4
1,1469185891,1469185896,5
1,1469185899,1469185902,3
4,1469185903,1469185906,3
4,1469185906,1469185913,7
1,1469185908,1469185912,4
4,1469185914,1469185921,7
1,1469185916,1469185918,2
4,1469185921,1469185924,3
10,1469185922,1469185924,2
4,1469185924,1469186087,163
1,1469185928,1469185930,2
14,1469185930,1469185936,6
1,1469185963,1469185967,4
1,1469185973,1469186009,36
1,1469186013,1469186014,1
1,1469186019,1469186021,2
1,1469186025,1469186053,28
1,1469186057,1469186108,51
1,1469186111,1469186121,10
1,1469186126,1469186142,16
1,1469186145,1469186184,39
1,1469186191,1469186200,9
1,1469186237,1469186238,1
1,1469186262,1469186285,23
1,1469186291,1469186304,13
1,1469186307,1469186315,8
14,1469186308,1469186401,93
11,1469186318,1469186324,6
1,1469186319,1469186333,14
4,1469186320,1469186322,2
4,1469186322,1469186340,18
11,1469186324,1469186327,3
11,1469186328,1469186329,1
11,1469186333,1469186337,4
1,1469186336,1469186357,21
11,1469186337,1469186339,2
11,1469186339,1469186354,15
4,1469186340,1469186346,6
11,1469186354,1469186356,2
4,1469186355,1469186401,46
11,1469186356,1469186401,45
1,1469186364,1469186394,30
1,1469186397,1469186404,7
5,1469186399,1469186401,2
4,1469186405,1469186407,2
4,1469186407,1469186415,8
4,1469186415,1469186480,65
1,1469186418,1469186422,4
14,1469186422,1469186428,6
1,1469186430,1469186433,3
1,1469186436,1469186457,21
1,1469186463,1469186477,14
4,1469186483,1469186531,48
1,1469186484,1469186490,6
14,1469186489,1469186496,7
1,1469186506,1469186507,1
1,1469186527,1469186530,3
1,1469186536,1469186547,11
1,1469186557,1469186581,24
1,1469186586,1469186594,8
1,1469186604,1469186607,3
1,1469186639,1469186643,4
14,1469186641,1469186774,133
11,1469186648,1469186654,6
1,1469186649,1469186665,16
4,1469186649,1469186651,2
4,1469186652,1469186654,2
11,1469186654,1469186661,7
11,1469186661,1469186774,113
1,1469186671,1469186680,9
1,1469186713,1469186718,5
4,1469186720,1469186722,2
4,1469186722,1469186724,2
4,1469186724,1469186727,3
4,1469186727,1469186730,3
4,1469186731,1469186737,6
1,1469186735,1469186736,1
4,1469186737,1469186745,8
1,1469186742,1469186744,2
4,1469186745,1469186749,4
4,1469186749,1469186774,25
1,1469186751,1469186753,2
1,1469186761,1469186782,21
5,1469186772,1469186774,2
4,1469186782,1469186785,3
4,1469186785,1469186827,42
1,1469186790,1469186795,5
14,1469186794,1469186801,7
1,1469186802,1469186807,5
14,1469186807,1469186809,2
1,1469186812,1469186814,2
14,1469186814,1469186817,3
1,1469186817,1469186826,9
4,1469186827,1469186833,6
4,1469186833,1469186920,87
1,1469186833,1469186835,2
1,1469186841,1469186851,10
14,1469186851,1469186861,10
1,1469186863,1469186868,5
1,1469186880,1469186887,7
1,1469186892,1469186900,8
1,1469186904,1469186907,3
1,1469186914,1469186919,5
4,1469186920,1469187142,222
1,1469186923,1469186933,10
10,1469186926,1469186928,2
1,1469186944,1469186949,5
14,1469186948,1469186955,7
1,1469186955,1469186966,11
14,1469186960,1469186962,2
1,1469186972,1469186989,17
1,1469186996,1469187029,33
1,1469187139,1469187142,3
1,1469187591,1469187616,25
1,1469187632,1469187648,16
1,1469187660,1469187662,2
1,1469187669,1469187672,3
1,1469187680,1469187681,1
1,1469187688,1469187689,1
1,1469187695,1469187704,9
1,1469187764,1469187785,21
14,1469187785,1469187795,10
1,1469187790,1469187791,1
1,1469187795,1469187802,7
14,1469187801,1469187804,3
1,1469187807,1469187813,6
1,1469187958,1469187962,4
1,1469187967,1469187969,2
1,1469187983,1469187997,14
1,1469188014,1469188018,4
1,1469188033,1469188037,4
1,1469188042,1469188065,23
4,1469188068,1469188086,18
1,1469188070,1469188085,15
4,1469188088,1469188090,2
4,1469188090,1469188095,5
10,1469188092,1469188094,2
1,1469188093,1469188096,3
4,1469188095,1469188097,2
4,1469188097,1469188100,3
4,1469188100,1469188103,3
4,1469188104,1469188106,2
4,1469188106,1469188109,3
4,1469188109,1469188114,5
4,1469188114,1469188116,2
4,1469188117,1469188120,3
10,1469188120,1469188123,3
4,1469188123,1469188127,4
10,1469188123,1469188124,1
10,1469188124,1469188127,3
4,1469188127,1469188129,2
4,1469188129,1469188132,3
4,1469188132,1469188135,3
4,1469188137,1469188139,2
4,1469188139,1469188142,3
4,1469188142,1469188144,2
4,1469188145,1469188147,2
4,1469188148,1469188150,2
4,1469188151,1469188153,2
4,1469188153,1469188163,10
1,1469188158,1469188162,4
4,1469188163,1469188166,3
4,1469188167,1469188169,2
4,1469188169,1469188171,2
4,1469188172,1469188174,2
4,1469188174,1469188176,2
4,1469188177,1469188179,2
4,1469188179,1469188181,2
4,1469188181,1469188188,7
10,1469188183,1469188184,1
1,1469188184,1469188188,4
4,1469188188,1469188198,10
1,1469188191,1469188196,5
10,1469188196,1469188198,2
4,1469188198,1469188209,11
1,1469188207,1469188208,1
4,1469188210,1469188213,3
4,1469188219,1469188229,10
1,1469188223,1469188227,4
4,1469188229,1469188253,24
10,1469188229,1469188230,1
1,1469188231,1469188233,2
1,1469188245,1469188253,8
4,1469188254,1469188259,5
10,1469188256,1469188259,3
4,1469188259,1469188261,2
10,1469188259,1469188261,2
4,1469188262,1469188265,3
10,1469188262,1469188265,3
4,1469188265,1469188272,7
1,1469188267,1469188287,20
4,1469188283,1469188310,27
1,1469188302,1469188330,28
4,1469188310,1469188312,2
4,1469188319,1469188330,11
4,1469188331,1469188338,7
10,1469188332,1469188333,1
1,1469188335,1469188338,3
4,1469188340,1469188445,105
1,1469188341,1469188342,1
1,1469188376,1469188386,10
1,1469188389,1469188391,2
1,1469188397,1469188400,3
1,1469188413,1469188429,16
14,1469188424,1469188434,10
1,1469188435,1469188445,10
4,1469188446,1469188449,3
10,1469188450,1469188452,2
4,1469188452,1469188458,6
10,1469188453,1469188454,1
4,1469188458,1469188505,47
1,1469188459,1469188462,3
14,1469188461,1469188467,6
1,1469188469,1469188475,6
1,1469188479,1469188518,39
4,1469188512,1469188520,8
1,1469188523,1469188531,8
10,1469188532,1469188533,1
4,1469188535,1469188603,68
1,1469188538,1469188620,82
4,1469188609,1469188616,7
4,1469188623,1469188632,9
1,1469188626,1469188639,13
4,1469188641,1469188689,48
1,1469188649,1469188704,55
14,1469188704,1469188716,12
1,1469188718,1469188730,12
14,1469188725,1469188750,25
1,1469188742,1469188763,21
14,1469188761,1469188774,13
1,1469188776,1469188783,7
1,1469188787,1469188795,8
1,1469188909,1469188912,3
4,1469188910,1469189058,148
1,1469188932,1469188961,29
1,1469188976,1469188994,18
1,1469189039,1469189042,3
1,1469189051,1469189057,6
4,1469189058,1469189062,4
4,1469189064,1469189077,13
1,1469189073,1469189075,2
4,1469189077,1469189086,9
1,1469189081,1469189085,4
4,1469189086,1469189089,3
4,1469189090,1469189102,12
1,1469189097,1469189101,4
4,1469189102,1469189105,3
4,1469189105,1469189117,12
1,1469189111,1469189116,5
4,1469189117,1469189120,3
4,1469189121,1469189131,10
1,1469189126,1469189130,4
4,1469189131,1469189138,7
4,1469189138,1469189145,7
4,1469189145,1469189148,3
4,1469189148,1469189151,3
4,1469189151,1469189154,3
4,1469189154,1469189182,28
1,1469189160,1469189171,11
1,1469189174,1469189181,7
4,1469189182,1469189184,2
4,1469189185,1469189219,34
1,1469189213,1469189221,8
4,1469189222,1469189225,3
4,1469189226,1469189239,13
1,1469189231,1469189241,10
4,1469189242,1469189246,4
4,1469189246,1469189260,14
1,1469189253,1469189256,3
1,1469189262,1469189266,4
1,1469189269,1469189288,19
4,1469189271,1469189289,18
1,1469189294,1469189299,5
1,1469189305,1469189309,4
1,1469189324,1469189327,3
1,1469189361,1469189363,2
4,1469189365,1469189370,5
1,1469189369,1469189375,6
4,1469189377,1469189383,6
1,1469189385,1469189389,4
4,1469189391,1469189397,6
1,1469189397,1469189401,4
4,1469189401,1469189774,373
1,1469189408,1469189411,3
1,1469189414,1469189430,16
1,1469189454,1469189463,9
1,1469189721,1469189740,19
1,1469189746,1469189776,30
4,1469189777,1469189779,2
4,1469189779,1469189781,2
4,1469189781,1469189786,5
10,1469189782,1469189784,2
1,1469189783,1469189785,2
4,1469189786,1469189789,3
10,1469189788,1469189789,1
1,1469189794,1469189795,1
4,1469189796,1469189799,3
4,1469189801,1469189804,3
1,1469189802,1469189805,3
4,1469189806,1469189808,2
10,1469189807,1469189808,1
4,1469189808,1469189811,3
4,1469189811,1469189816,5
1,1469189813,1469189824,11
4,1469189819,1469189823,4
10,1469189824,1469189827,3
4,1469189827,1469189866,39
1,1469189828,1469189832,4
14,1469189831,1469189842,11
1,1469189838,1469189841,3
1,1469189846,1469189865,19
4,1469189867,1469189871,4
1,1469189869,1469189871,2
4,1469189872,1469189875,3
10,1469189873,1469189874,1
1,1469189876,1469189877,1
4,1469189880,1469189883,3
10,1469189881,1469189882,1
4,1469189883,1469189885,2
4,1469189886,1469189888,2
4,1469189888,1469189891,3
1,1469189893,1469189897,4
4,1469189898,1469189901,3
10,1469189899,1469189900,1
10,1469189901,1469189903,2
4,1469189903,1469189905,2
10,1469189903,1469189905,2
4,1469189907,1469189911,4
4,1469189911,1469189953,42
1,1469189913,1469189918,5
14,1469189917,1469189924,7
1,1469189927,1469189959,32
4,1469189959,1469189990,31
1,1469189962,1469189965,3
14,1469189965,1469189972,7
1,1469189975,1469189999,24
4,1469189990,1469189992,2
4,1469189993,1469189996,3
4,1469189998,1469190000,2
4,1469190000,1469190004,4
1,1469190004,1469190017,13
4,1469190007,1469190040,33
14,1469190015,1469190022,7
1,1469190024,1469190039,15
4,1469190041,1469190044,3
1,1469190043,1469190044,1
4,1469190045,1469190047,2
4,1469190048,1469190065,17
1,1469190050,1469190052,2
1,1469190063,1469190064,1
4,1469190065,1469190069,4
4,1469190069,1469190072,3
4,1469190072,1469190074,2
4,1469190074,1469190077,3
4,1469190077,1469190086,9
1,1469190080,1469190087,7
4,1469190088,1469190092,4
1,1469190094,1469190100,6
4,1469190100,1469190102,2
4,1469190105,1469190111,6
1,1469190108,1469190117,9
4,1469190112,1469190118,6
4,1469190118,1469190121,3
10,1469190119,1469190120,1
4,1469190126,1469190131,5
1,1469190127,1469190128,1
4,1469190131,1469190139,8
4,1469190139,1469190146,7
1,1469190144,1469190145,1
4,1469190146,1469190148,2
10,1469190147,1469190148,1
4,1469190149,1469190152,3
10,1469190150,1469190152,2
4,1469190153,1469190599,446
1,1469190585,1469190598,13
4,1469190599,1469190601,2
4,1469190601,1469190603,2
4,1469190603,1469190606,3
4,1469190606,1469190609,3
4,1469190609,1469190612,3
4,1469190612,1469190615,3
4,1469190616,1469190618,2
4,1469190618,1469190622,4
10,1469190623,1469190625,2
1,1469190623,1469190625,2
4,1469190625,1469190628,3
4,1469190628,1469190633,5
4,1469190634,1469190637,3
4,1469190637,1469190640,3
10,1469190639,1469190640,1
4,1469190640,1469190650,10
10,1469190641,1469190649,8
4,1469190651,1469190664,13
1,1469190659,1469190663,4
4,1469190665,1469190667,2
4,1469190667,1469190672,5
10,1469190668,1469190670,2
1,1469190669,1469190674,5
4,1469190675,1469190678,3
4,1469190678,1469190681,3
4,1469190681,1469190686,5
1,1469190683,1469190710,27
4,1469190688,1469190698,10
4,1469190701,1469190711,10
4,1469190711,1469190713,2
4,1469190713,1469190715,2
4,1469190715,1469190720,5
4,1469190721,1469190723,2
4,1469190724,1469190726,2
4,1469190726,1469190728,2
4,1469190728,1469190730,2
4,1469190730,1469190732,2
4,1469190732,1469190737,5
1,1469190735,1469190736,1
4,1469190737,1469190742,5
4,1469190742,1469190747,5
10,1469190744,1469190745,1
4,1469190747,1469190750,3
4,1469190750,1469190752,2
4,1469190752,1469190755,3
4,1469190755,1469190759,4
10,1469190758,1469190759,1
4,1469190760,1469190764,4
4,1469190764,1469190768,4
1,1469190765,1469190775,10
4,1469190770,1469191034,264
14,1469190775,1469190785,10
1,1469190792,1469190795,3
1,1469190804,1469190827,23
1,1469190831,1469190867,36
1,1469190891,1469190898,7
1,1469190908,1469190914,6
1,1469190917,1469190924,7
1,1469190995,1469191000,5
1,1469191021,1469191022,1
1,1469191031,1469191033,2
4,1469191034,1469191111,77
1,1469191036,1469191049,13
1,1469191094,1469191109,15
1,1469191113,1469191122,9
10,1469191123,1469191126,3
4,1469191126,1469191141,15
1,1469191135,1469191153,18
1,1469191202,1469191212,10
1,1469191227,1469191229,2
4,1469191233,1469191267,34
1,1469191236,1469191243,7
1,1469191251,1469191259,8
1,1469191265,1469191278,13
4,1469191273,1469191278,5
4,1469191278,1469191280,2
1,1469191281,1469191287,6
4,1469191285,1469191287,2
4,1469191287,1469191290,3
4,1469191290,1469191295,5
4,1469191295,1469191298,3
4,1469191298,1469191301,3
4,1469191302,1469191306,4
4,1469191306,1469191309,3
4,1469191309,1469191312,3
4,1469191312,1469191342,30
1,1469191337,1469191341,4
4,1469191343,1469191345,2
4,1469191346,1469191348,2
4,1469191349,1469191352,3
1,1469191353,1469191354,1
4,1469191354,1469191357,3
4,1469191357,1469191361,4
1,1469191359,1469191361,2
4,1469191362,1469191364,2
1,1469191366,1469191369,3
4,1469191366,1469191370,4
4,1469191370,1469191374,4
4,1469191375,1469191400,25
1,1469191385,1469191398,13
4,1469191400,1469191405,5
4,1469191406,1469191408,2
4,1469191409,1469191421,12
1,1469191418,1469191420,2
4,1469191424,1469191434,10
1,1469191426,1469191427,1
4,1469191434,1469191436,2
4,1469191436,1469191440,4
4,1469191440,1469191449,9
4,1469191449,1469191452,3
1,1469191450,1469191451,1
4,1469191452,1469191469,17
4,1469191470,1469191473,3
1,1469191470,1469191472,2
4,1469191474,1469191477,3
4,1469191477,1469191482,5
1,1469191483,1469191492,9
4,1469191485,1469191493,8
4,1469191493,1469191497,4
4,1469191497,1469191500,3
4,1469191502,1469191505,3
1,1469191506,1469191508,2
4,1469191509,1469191511,2
4,1469191512,1469191514,2
4,1469191515,1469191517,2
4,1469191518,1469191521,3
4,1469191522,1469191526,4
4,1469191526,1469191531,5
4,1469191531,1469191533,2
4,1469191534,1469191551,17
1,1469191538,1469191554,16
4,1469191551,1469191555,4
4,1469191556,1469191563,7
1,1469191561,1469191563,2
4,1469191564,1469191582,18
1,1469191575,1469191594,19
4,1469191585,1469191592,7
4,1469191595,1469191657,62
4,1469191657,1469191849,192
1,1469191661,1469191676,15
14,1469191675,1469191682,7
1,1469191683,1469191686,3
1,1469191708,1469191711,3
1,1469191760,1469191772,12
1,1469191780,1469191800,20
1,1469191804,1469191807,3
1,1469191842,1469191848,6
4,1469191849,1469191852,3
4,1469191852,1469191854,2
1,1469191857,1469191870,13
4,1469191863,1469191878,15
1,1469191874,1469191882,8
4,1469191883,1469191887,4
1,1469191885,1469191887,2
4,1469191887,1469191894,7
1,1469191890,1469191893,3
4,1469191894,1469191900,6
10,1469191895,1469191898,3
1,1469191898,1469191899,1
4,1469191900,1469191903,3
4,1469191903,1469191913,10
1,1469191905,1469191914,9
10,1469191910,1469191912,2
4,1469191916,1469191918,2
4,1469191918,1469191926,8
10,1469191919,1469191921,2
1,1469191919,1469191928,9
1,1469191934,1469191953,19
4,1469191940,1469191943,3
4,1469191949,1469191953,4
1,1469191958,1469191959,1
4,1469191959,1469191971,12
1,1469191962,1469191964,2
1,1469191968,1469191969,1
1,1469191991,1469192002,11
4,1469192023,1469192025,2
4,1469192025,1469192029,4
10,1469192027,1469192028,1
4,1469192035,1469192037,2
4,1469192038,1469192040,2
4,1469192040,1469192043,3
4,1469192044,1469192048,4
10,1469192045,1469192047,2
1,1469192046,1469192047,1
4,1469192048,1469192050,2
4,1469192051,1469192053,2
4,1469192056,1469192071,15
4,1469192071,1469192073,2
4,1469192073,1469192076,3
4,1469192076,1469192078,2
10,1469192076,1469192078,2
4,1469192078,1469192080,2
4,1469192080,1469192082,2
4,1469192082,1469192085,3
4,1469192085,1469192088,3
4,1469192088,1469192115,27
1,1469192104,1469192107,3
4,1469192115,1469192118,3
4,1469192118,1469192120,2
4,1469192121,1469192123,2
4,1469192123,1469192126,3
4,1469192126,1469192128,2
4,1469192128,1469192131,3
4,1469192131,1469192133,2
10,1469192132,1469192133,1
4,1469192133,1469192137,4
10,1469192134,1469192135,1
10,1469192136,1469192137,1
10,1469192137,1469192141,4
4,1469192141,1469192146,5
10,1469192143,1469192146,3
4,1469192148,1469192151,3
10,1469192149,1469192150,1
4,1469192152,1469192161,9
4,1469192172,1469192174,2
4,1469192174,1469192177,3
10,1469192176,1469192177,1
4,1469192178,1469192180,2
4,1469192180,1469192182,2
10,1469192181,1469192182,1
4,1469192183,1469192185,2
10,1469192183,1469192185,2
4,1469192185,1469192187,2
4,1469192188,1469192191,3
10,1469192190,1469192191,1
4,1469192191,1469192195,4
10,1469192193,1469192195,2
4,1469192196,1469192199,3
4,1469192199,1469192204,5
10,1469192201,1469192204,3
4,1469192205,1469192221,16
4,1469192222,1469192227,5
10,1469192223,1469192225,2
4,1469192227,1469192234,7
10,1469192229,1469192231,2
4,1469192234,1469192237,3
10,1469192236,1469192237,1
4,1469192238,1469192240,2
10,1469192239,1469192240,1
4,1469192240,1469192243,3
4,1469192243,1469192245,2
10,1469192244,1469192245,1
4,1469192247,1469192249,2
1,1469192251,1469192258,7
1,1469192262,1469192272,10
4,1469192279,1469192282,3
10,1469192280,1469192281,1
4,1469192282,1469192359,77
10,1469192285,1469192287,2
1,1469192287,1469192292,5
14,1469192292,1469192299,7
1,1469192306,1469192310,4
14,1469192310,1469192313,3
1,1469192315,1469192325,10
1,1469192338,1469192339,1
1,1469192343,1469192344,1
1,1469192351,1469192376,25
4,1469192365,1469192782,417
1,1469192381,1469192385,4
1,1469192767,1469192780,13
4,1469192782,1469192794,12
1,1469192783,1469192798,15
4,1469192803,1469192805,2
4,1469192807,1469192809,2
10,1469192807,1469192808,1
4,1469192809,1469192828,19
1,1469192818,1469192829,11
4,1469192830,1469192832,2
4,1469192832,1469192836,4
4,1469192837,1469192839,2
4,1469192841,1469192844,3
4,1469192845,1469192855,10
1,1469192849,1469192853,4
4,1469192855,1469192858,3
4,1469192858,1469192860,2
4,1469192861,1469192892,31
1,1469192869,1469192872,3
1,1469192876,1469192901,25
4,1469192897,1469192902,5
4,1469192902,1469193270,368
1,1469192909,1469192910,1
1,1469192913,1469192916,3
1,1469192920,1469192927,7
14,1469192927,1469192938,11
1,1469192942,1469193017,75
1,1469193042,1469193048,6
1,1469193239,1469193246,7
1,1469193250,1469193269,19
4,1469193272,1469193276,4
4,1469193276,1469193283,7
1,1469193278,1469193282,4
4,1469193283,1469193286,3
4,1469193286,1469193291,5
4,1469193292,1469193298,6
1,1469193301,1469193302,1
4,1469193303,1469193306,3
4,1469193306,1469193315,9
1,1469193315,1469193317,2
1,1469193323,1469193325,2
4,1469193323,1469193335,12
1,1469193332,1469193341,9
4,1469193336,1469193341,5
4,1469193342,1469193360,18
1,1469193346,1469193347,1
1,1469193359,1469193365,6
4,1469193363,1469193372,9
1,1469193371,1469193378,7
4,1469193374,1469193376,2
1,1469193400,1469193422,22
4,1469193403,1469193410,7
4,1469193413,1469193419,6
4,1469193424,1469193430,6
1,1469193426,1469193430,4
4,1469193432,1469193436,4
1,1469193437,1469193438,1
4,1469193440,1469193442,2
4,1469193445,1469193458,13
1,1469193446,1469193448,2
4,1469193459,1469193469,10
4,1469193475,1469193491,16
1,1469193485,1469193492,7
4,1469193493,1469193499,6
1,1469193498,1469193501,3
4,1469193499,1469193533,34
1,1469193507,1469193510,3
14,1469193510,1469193517,7
1,1469193519,1469193525,6
1,1469193529,1469193532,3
1,1469193538,1469193548,10
14,1469193542,1469193549,7
1,1469193554,1469193569,15
14,1469193560,1469193562,2
14,1469193568,1469193572,4
1,1469193575,1469193579,4
1,1469193667,1469193688,21
4,1469193694,1469193709,15
1,1469193696,1469193698,2
1,1469193704,1469193708,4
4,1469193713,1469193721,8
1,1469193714,1469193718,4
1,1469193721,1469193730,9
4,1469193721,1469193928,207
1,1469193740,1469193743,3
1,1469193773,1469193780,7
1,1469193804,1469193808,4
1,1469193841,1469193852,11
1,1469193879,1469193880,1
1,1469193885,1469193897,12
1,1469193921,1469193936,15
4,1469193930,1469193948,18
4,1469193948,1469193957,9
1,1469193952,1469193954,2
4,1469193957,1469193961,4
1,1469193963,1469193964,1
4,1469193966,1469193973,7
4,1469193980,1469194032,52
1,1469193990,1469193993,3
1,1469193999,1469194000,1
1,1469194004,1469194008,4
1,1469194025,1469194029,4
4,1469194032,1469194039,7
10,1469194037,1469194039,2
4,1469194039,1469194043,4
10,1469194041,1469194043,2
4,1469194043,1469194045,2
4,1469194045,1469194047,2
10,1469194046,1469194047,1
4,1469194049,1469194052,3
4,1469194053,1469194059,6
1,1469194080,1469194082,2
1,1469194103,1469194106,3
4,1469194110,1469194112,2
4,1469194112,1469194116,4
1,1469194114,1469194120,6
4,1469194118,1469194120,2
1,1469194130,1469194143,13
4,1469194152,1469194162,10
1,1469194157,1469194202,45
4,1469194164,1469194178,14
4,1469194180,1469194183,3
4,1469194184,1469194188,4
10,1469194186,1469194187,1
4,1469194188,1469194196,8
4,1469194198,1469194202,4
4,1469194202,1469194209,7
1,1469194207,1469194215,8
4,1469194209,1469194244,35
1,1469194222,1469194228,6
4,1469194244,1469194251,7
1,1469194245,1469194248,3
4,1469194252,1469194254,2
4,1469194254,1469194262,8
1,1469194264,1469194276,12
4,1469194267,1469194277,10
10,1469194269,1469194271,2
4,1469194277,1469194279,2
4,1469194280,1469194284,4
10,1469194281,1469194282,1
1,1469194286,1469194290,4
4,1469194292,1469194296,4
4,1469194296,1469194298,2
10,1469194297,1469194298,1
4,1469194300,1469194303,3
10,1469194301,1469194303,2
4,1469194307,1469194315,8
1,1469194313,1469194318,5
4,1469194315,1469194320,5
1,1469194326,1469194333,7
4,1469194328,1469194405,77
14,1469194333,1469194343,10
1,1469194348,1469194355,7
1,1469194358,1469194373,15
1,1469194379,1469194380,1
1,1469194386,1469194393,7
1,1469194397,1469194404,7
4,1469194405,1469194408,3
4,1469194408,1469194411,3
10,1469194409,1469194410,1
4,1469194412,1469194415,3
4,1469194415,1469194418,3
10,1469194416,1469194418,2
4,1469194418,1469194421,3
10,1469194420,1469194421,1
4,1469194421,1469194425,4
10,1469194424,1469194425,1
4,1469194425,1469194433,8
1,1469194432,1469194439,7
4,1469194433,1469194503,70
1,1469194449,1469194459,10
14,1469194459,1469194469,10
1,1469194463,1469194488,25
1,1469194492,1469194499,7
14,1469194499,1469194640,141
11,1469194500,1469194508,8
1,1469194503,1469194528,25
4,1469194505,1469194509,4
11,1469194508,1469194640,132
1,1469194540,1469194546,6
1,1469194581,1469194592,11
4,1469194584,1469194595,11
4,1469194595,1469194599,4
10,1469194596,1469194598,2
4,1469194599,1469194602,3
4,1469194602,1469194604,2
10,1469194602,1469194604,2
4,1469194607,1469194611,4
10,1469194610,1469194611,1
4,1469194613,1469194617,4
4,1469194617,1469194623,6
1,1469194619,1469194623,4
4,1469194624,1469194632,8
1,1469194629,1469194647,18
4,1469194632,1469194641,9
1,1469194650,1469194651,1
1,1469194655,1469194657,2
4,1469194657,1469194661,4
10,1469194659,1469194661,2
4,1469194661,1469194664,3
4,1469194664,1469194666,2
4,1469194666,1469194668,2
4,1469194668,1469194672,4
10,1469194671,1469194672,1
4,1469194672,1469194675,3
4,1469194675,1469194677,2
4,1469194677,1469194681,4
4,1469194681,1469194693,12
1,1469194685,1469194692,7
4,1469194693,1469194697,4
1,1469194696,1469194697,1
4,1469194699,1469194703,4
4,1469194704,1469194729,25
1,1469194708,1469194711,3
1,1469194715,1469194717,2
1,1469194723,1469194726,3
4,1469194730,1469194735,5
1,1469194731,1469194739,8
4,1469194735,1469194740,5
4,1469194740,1469194745,5
1,1469194743,1469194747,4
4,1469194748,1469194750,2
4,1469194750,1469194752,2
10,1469194751,1469194752,1
4,1469194754,1469194756,2
4,1469194762,1469194770,8
1,1469194765,1469194769,4
4,1469194770,1469194773,3
4,1469194773,1469194776,3
10,1469194774,1469194776,2
4,1469194776,1469194781,5
10,1469194777,1469194780,3
1,1469194779,1469194780,1
4,1469194781,1469194785,4
4,1469194785,1469194787,2
1,1469194792,1469194800,8
14,1469194800,1469194811,11
1,1469194814,1469194820,6
1,1469194829,1469194837,8
1,1469194840,1469194848,8
14,1469194848,1469194898,50
11,1469194851,1469194857,6
4,1469194852,1469194855,3
4,1469194856,1469194899,43
11,1469194857,1469194898,41
1,1469194858,1469194864,6
1,1469194869,1469194874,5
1,1469194887,1469194899,12
5,1469194896,1469194898,2
4,1469194900,1469194905,5
4,1469194905,1469194907,2
4,1469194907,1469194909,2
4,1469194910,1469194912,2
10,1469194911,1469194912,1
4,1469194914,1469194918,4
10,1469194917,1469194918,1
4,1469194919,1469194927,8
4,1469194927,1469195175,248
4,1469195175,1469195177,2
4,1469195177,1469195179,2
4,1469195180,1469195188,8
4,1469195188,1469195206,18
1,1469195189,1469195198,9
14,1469195198,1469195353,155
11,1469195204,1469195211,7
4,1469195207,1469195209,2
4,1469195210,1469195231,21
11,1469195211,1469195230,19
1,1469195211,1469195218,7
1,1469195225,1469195232,7
11,1469195231,1469195233,2
11,1469195233,1469195353,120
1,1469195239,1469195251,12
4,1469195330,1469195332,2
4,1469195335,1469195353,18
1,1469195340,1469195343,3
1,1469195349,1469195358,9
5,1469195351,1469195353,2
14,1469195357,1469195413,56
11,1469195364,1469195370,6
4,1469195366,1469195368,2
1,1469195366,1469195379,13
4,1469195368,1469195379,11
11,1469195370,1469195378,8
11,1469195379,1469195382,3
1,1469195382,1469195395,13
11,1469195386,1469195413,27
4,1469195386,1469195414,28
1,1469195404,1469195419,15
5,1469195411,1469195413,2
4,1469195416,1469195420,4
4,1469195426,1469195561,135
1,1469195429,1469195431,2
1,1469195453,1469195454,1
1,1469195490,1469195514,24
4,1469195561,1469195568,7
4,1469195568,1469195576,8
1,1469195569,1469195570,1
4,1469195576,1469195637,61
1,1469195599,1469195611,12
14,1469195610,1469195617,7
1,1469195620,1469195628,8
1,1469195631,1469195632,1
14,1469195632,1469195731,99
11,1469195635,1469195641,6
4,1469195637,1469195639,2
11,1469195641,1469195647,6
1,1469195644,1469195653,9
11,1469195648,1469195650,2
11,1469195653,1469195669,16
1,1469195660,1469195662,2
1,1469195667,1469195705,38
4,1469195670,1469195724,54
11,1469195672,1469195678,6
11,1469195678,1469195684,6
11,1469195684,1469195685,1
11,1469195694,1469195699,5
11,1469195700,1469195731,31
1,1469195720,1469195723,3
4,1469195724,1469195732,8
1,1469195728,1469195741,13
5,1469195729,1469195731,2
14,1469195737,1469195744,7
1,1469195750,1469195755,5
14,1469195755,1469195955,200
11,1469195758,1469195763,5
1,1469195759,1469195761,2
4,1469195759,1469195761,2
4,1469195762,1469195813,51
11,1469195763,1469195768,5
1,1469195766,1469195771,5
11,1469195771,1469195812,41
1,1469195776,1469195778,2
1,1469195791,1469195805,14
1,1469195809,1469195812,3
11,1469195813,1469195821,8
1,1469195821,1469195827,6
11,1469195821,1469195823,2
11,1469195823,1469195824,1
11,1469195825,1469195837,12
1,1469195837,1469195839,2
11,1469195837,1469195839,2
11,1469195839,1469195955,116
1,1469195849,1469195857,8
1,1469195868,1469195877,9
4,1469195878,1469195880,2
4,1469195880,1469195882,2
4,1469195882,1469195891,9
1,1469195888,1469195891,3
1,1469195895,1469195896,1
4,1469195904,1469195922,18
1,1469195908,1469195917,9
1,1469195921,1469195925,4
4,1469195922,1469195926,4
4,1469195926,1469195931,5
1,1469195929,1469195935,6
4,1469195931,1469195937,6
4,1469195937,1469195955,18
1,1469195944,1469195962,18
5,1469195953,1469195955,2
14,1469195961,1469195968,7
1,1469195985,1469196007,22
1,1469196017,1469196025,8
4,1469196022,1469196026,4
4,1469196026,1469196029,3
10,1469196027,1469196029,2
4,1469196029,1469196037,8
4,1469196037,1469196282,245
1,1469196039,1469196043,4
14,1469196043,1469196050,7
1,1469196053,1469196057,4
14,1469196057,1469196061,4
1,1469196095,1469196107,12
14,1469196106,1469196111,5
1,1469196112,1469196119,7
1,1469196219,1469196223,4
1,1469196232,1469196247,15
1,1469196252,1469196254,2
4,1469196283,1469196285,2
4,1469196285,1469196288,3
10,1469196287,1469196288,1
4,1469196288,1469196291,3
10,1469196290,1469196291,1
4,1469196291,1469196293,2
10,1469196291,1469196293,2
4,1469196293,1469196297,4
10,1469196295,1469196296,1
1,1469196295,1469196297,2
4,1469196297,1469196300,3
10,1469196298,1469196300,2
4,1469196301,1469196304,3
10,1469196302,1469196304,2
4,1469196304,1469196306,2
4,1469196306,1469196309,3
4,1469196312,1469196316,4
1,1469196313,1469196315,2
4,1469196316,1469196323,7
1,1469196319,1469196323,4
4,1469196324,1469196326,2
10,1469196325,1469196326,1
4,1469196326,1469196331,5
4,1469196331,1469196334,3
10,1469196333,1469196334,1
4,1469196335,1469196340,5
4,1469196340,1469196344,4
1,1469196341,1469196343,2
4,1469196344,1469196346,2
4,1469196347,1469196356,9
10,1469196348,1469196349,1
1,1469196352,1469196375,23
10,1469196367,1469196368,1
4,1469196377,1469196381,4
4,1469196381,1469196383,2
4,1469196385,1469196391,6
4,1469196391,1469196414,23
4,1469196414,1469196419,5
1,1469196416,1469196422,6
4,1469196419,1469196423,4
10,1469196420,1469196422,2
4,1469196423,1469196426,3
4,1469196426,1469196429,3
10,1469196426,1469196428,2
4,1469196429,1469196436,7
4,1469196436,1469196444,8
1,1469196439,1469196440,1
4,1469196444,1469196454,10
1,1469196447,1469196457,10
4,1469196454,1469196462,8
10,1469196459,1469196461,2
4,1469196462,1469196464,2
4,1469196464,1469196472,8
4,1469196472,1469196474,2
4,1469196474,1469196481,7
4,1469196481,1469196487,6
4,1469196487,1469196502,15
1,1469196495,1469196498,3
4,1469196502,1469196513,11
10,1469196502,1469196504,2
1,1469196509,1469196510,1
10,1469196512,1469196513,1
4,1469196513,1469196624,111
1,1469196522,1469196531,9
14,1469196530,1469196539,9
1,1469196546,1469196548,2
1,1469196552,1469196563,11
1,1469196583,1469196590,7
1,1469196593,1469196613,20
1,1469196621,1469196623,2
4,1469196625,1469196628,3
4,1469196628,1469196631,3
4,1469196634,1469196643,9
4,1469196644,1469196647,3
4,1469196647,1469196654,7
4,1469196654,1469196678,24
1,1469196659,1469196665,6
14,1469196662,1469196670,8
1,1469196672,1469196677,5
4,1469196678,1469196698,20
1,1469196687,1469196688,1
1,1469196693,1469196695,2
4,1469196699,1469196702,3
4,1469196702,1469196704,2
4,1469196704,1469196709,5
1,1469196705,1469196708,3
4,1469196709,1469196712,3
4,1469196713,1469196755,42
1,1469196727,1469196734,7
14,1469196734,1469196744,10
1,1469196747,1469196754,7
4,1469196755,1469196823,68
1,1469196761,1469196767,6
14,1469196766,1469196775,9
1,1469196777,1469196780,3
14,1469196779,1469196784,5
1,1469196785,1469196803,18
1,1469196807,1469196808,1
1,1469196812,1469196828,16
4,1469196825,1469196843,18
1,1469196834,1469196864,30
4,1469196843,1469196849,6
4,1469196854,1469196856,2
4,1469196858,1469196862,4
1,1469196876,1469196879,3
14,1469196879,1469196887,8
1,1469196889,1469196922,33
4,1469196907,1469196917,10
1,1469196945,1469196949,4
1,1469196953,1469196958,5
1,1469196962,1469196970,8
1,1469196978,1469196988,10
1,1469196999,1469197009,10
1,1469197037,1469197053,16
4,1469197051,1469197055,4
4,1469197059,1469197066,7
1,1469197061,1469197065,4
1,1469197069,1469197094,25
1,1469197101,1469197109,8
4,1469197105,1469197133,28
1,1469197116,1469197124,8
1,1469197128,1469197145,17
4,1469197140,1469197162,22
4,1469197162,1469197249,87
1,1469197162,1469197164,2
1,1469197172,1469197174,2
1,1469197197,1469197207,10
14,1469197200,1469197213,13
1,1469197214,1469197221,7
1,1469197225,1469197227,2
1,1469197239,1469197248,9
4,1469197249,1469197255,6
10,1469197252,1469197255,3
4,1469197255,1469197260,5
4,1469197264,1469197267,3
4,1469197268,1469197271,3
4,1469197271,1469197274,3
4,1469197274,1469197276,2
4,1469197276,1469197278,2
4,1469197278,1469197280,2
4,1469197281,1469197283,2
4,1469197283,1469197285,2
4,1469197286,1469197288,2
4,1469197289,1469197292,3
4,1469197292,1469197296,4
1,1469197293,1469197295,2
4,1469197296,1469197304,8
1,1469197301,1469197302,1
1,1469197311,1469197316,5
1,1469197337,1469197343,6
4,1469197344,1469197356,12
1,1469197347,1469197355,8
4,1469197356,1469197363,7
1,1469197358,1469197366,8
4,1469197364,1469197367,3
10,1469197364,1469197366,2
1,1469197369,1469197371,2
4,1469197372,1469197385,13
1,1469197374,1469197376,2
10,1469197377,1469197379,2
1,1469197380,1469197392,12
4,1469197385,1469197455,70
10,1469197387,1469197390,3
1,1469197405,1469197418,13
1,1469197423,1469197426,3
1,1469197444,1469197449,5
1,1469197460,1469197462,2
1,1469197468,1469197470,2
10,1469197473,1469197474,1
4,1469197474,1469197488,14
1,1469197485,1469197498,13
4,1469197489,1469197493,4
4,1469197495,1469197500,5
1,1469197502,1469197503,1
4,1469197506,1469197509,3
1,1469197529,1469197530,1
4,1469197531,1469197534,3
4,1469197535,1469197537,2
10,1469197536,1469197537,1
4,1469197537,1469197539,2
4,1469197540,1469197542,2
4,1469197544,1469197551,7
1,1469197545,1469197557,12
4,1469197556,1469197561,5
1,1469197563,1469197564,1
4,1469197566,1469197571,5
4,1469197571,1469197577,6
1,1469197574,1469197577,3
4,1469197583,1469197603,20
1,1469197586,1469197587,1
1,1469197592,1469197606,14
1,1469197612,1469197632,20
4,1469197621,1469197624,3
4,1469197630,1469197633,3
4,1469197633,1469197635,2
4,1469197635,1469197646,11
1,1469197639,1469197648,9
1,1469197658,1469197659,1
1,1469197663,1469197665,2
1,1469197675,1469197683,8
10,1469197685,1469197687,2
4,1469197686,1469197693,7
1,1469197688,1469197703,15
4,1469197697,1469197700,3
4,1469197704,1469197711,7
4,1469197714,1469197718,4
1,1469197716,1469197718,2
4,1469197719,1469197721,2
4,1469197721,1469197727,6
10,1469197721,1469197724,3
10,1469197726,1469197727,1
4,1469197727,1469197730,3
10,1469197728,1469197729,1
4,1469197731,1469197734,3
4,1469197734,1469197743,9
1,1469197737,1469197743,6
4,1469197748,1469197755,7
4,1469197756,1469197760,4
1,1469197756,1469197771,15
4,1469197762,1469197767,5
4,1469197768,1469197772,4
1,1469197777,1469197793,16
1,1469197796,1469197807,11
1,1469197815,1469197820,5
1,1469197827,1469197832,5
1,1469197882,1469197883,1
1,1469197888,1469197895,7
4,1469197896,1469197905,9
10,1469197896,1469197901,5
1,1469197902,1469197904,2
4,1469197905,1469197916,11
10,1469197907,1469197910,3
1,1469197910,1469197916,6
4,1469197918,1469197921,3
4,1469197921,1469197926,5
1,1469197924,1469197929,5
4,1469197926,1469197931,5
10,1469197927,1469197929,2
4,1469197931,1469197940,9
1,1469197933,1469197945,12
1,1469197949,1469197953,4
4,1469197953,1469197958,5
10,1469197954,1469197958,4
10,1469197958,1469197961,3
4,1469197961,1469197965,4
10,1469197961,1469197965,4
4,1469197965,1469197971,6
4,1469197973,1469197977,4
1,1469197979,1469197981,2
1,1469197991,1469197999,8
4,1469197999,1469198014,15
1,1469198005,1469198017,12
4,1469198014,1469198018,4
4,1469198019,1469198021,2
4,1469198021,1469198023,2
4,1469198023,1469198029,6
10,1469198025,1469198026,1
4,1469198029,1469198032,3
4,1469198032,1469198035,3
10,1469198033,1469198035,2
4,1469198045,1469198047,2
10,1469198045,1469198046,1
4,1469198049,1469198051,2
4,1469198051,1469198057,6
4,1469198057,1469198060,3
1,1469198061,1469198076,15
4,1469198072,1469198076,4
4,1469198078,1469198090,12
1,1469198082,1469198089,7
4,1469198093,1469198098,5
1,1469198095,1469198098,3
4,1469198100,1469198114,14
1,1469198102,1469198105,3
1,1469198110,1469198117,7
4,1469198120,1469198221,101
1,1469198121,1469198130,9
14,1469198130,1469198137,7
1,1469198141,1469198144,3
1,1469198151,1469198157,6
1,1469198172,1469198176,4
1,1469198179,1469198184,5
1,1469198189,1469198202,13
1,1469198211,1469198216,5
14,1469198216,1469198310,94
11,1469198219,1469198225,6
4,1469198221,1469198224,3
11,1469198225,1469198310,85
4,1469198225,1469198261,36
1,1469198227,1469198234,7
1,1469198251,1469198259,8
4,1469198261,1469198265,4
1,1469198266,1469198274,8
4,1469198273,1469198294,21
1,1469198278,1469198280,2
4,1469198295,1469198298,3
1,1469198296,1469198298,2
4,1469198300,1469198310,10
1,1469198303,1469198315,12
14,1469198315,1469198323,8
1,1469198326,1469198329,3
1,1469198338,1469198340,2
4,1469198342,1469198413,71
1,1469198379,1469198381,2
14,1469198381,1469198389,8
1,1469198392,1469198395,3
1,1469198399,1469198411,12
4,1469198414,1469198416,2
4,1469198416,1469198418,2
4,1469198418,1469198438,20
10,1469198419,1469198420,1
1,1469198429,1469198445,16
4,1469198443,1469198445,2
1,1469198462,1469198468,6
1,1469198471,1469198484,13
1,1469198488,1469198497,9
1,1469198550,1469198579,29
1,1469198588,1469198598,10
1,1469198629,1469198630,1
1,1469198634,1469198641,7
4,1469198644,1469198651,7
1,1469198645,1469198660,15
4,1469198655,1469198661,6
1,1469198663,1469198665,2
1,1469198670,1469198671,1
1,1469198688,1469198697,9
4,1469198760,1469198769,9
1,1469198776,1469198781,5
4,1469198777,1469198926,149
1,1469198786,1469198791,5
1,1469198801,1469198808,7
1,1469198827,1469198828,1
1,1469198922,1469198925,3
4,1469198926,1469198928,2
4,1469198928,1469198931,3
4,1469198931,1469198934,3
4,1469198934,1469198937,3
4,1469198937,1469198939,2
4,1469198940,1469198942,2
4,1469198942,1469198944,2
4,1469198944,1469198947,3
4,1469198947,1469198955,8
4,1469198955,1469198985,30
1,1469198982,1469198984,2
1,1469198988,1469198994,6
4,1469198990,1469199020,30
1,1469199013,1469199026,13
4,1469199024,1469199026,2
4,1469199032,1469199090,58
1,1469199033,1469199036,3
1,1469199043,1469199048,5
1,1469199064,1469199086,22
4,1469199090,1469199100,10
1,1469199095,1469199097,2
4,1469199100,1469199156,56
1,1469199101,1469199102,1
1,1469199112,1469199115,3
1,1469199123,1469199124,1
1,1469199129,1469199138,9
1,1469199142,1469199153,11
1,1469199181,1469199191,10
4,1469199189,1469199203,14
1,1469199195,1469199200,5
4,1469199203,1469199244,41
1,1469199203,1469199208,5
1,1469199234,1469199242,8
1,1469199247,1469199249,2
1,1469199259,1469199266,7
5,1469199266,1469199270,4
1,1469199272,1469199286,14
4,1469199282,1469199286,4
4,1469199287,1469199289,2
4,1469199290,1469199292,2
4,1469199292,1469199295,3
10,1469199293,1469199296,3
4,1469199295,1469199299,4
1,1469199298,1469199300,2
4,1469199301,1469199304,3
4,1469199304,1469199308,4
4,1469199309,1469199319,10
1,1469199313,1469199316,3
10,1469199318,1469199319,1
1,1469199321,1469199323,2
4,1469199325,1469199331,6
4,1469199331,1469199337,6
1,1469199333,1469199341,8
4,1469199337,1469199341,4
4,1469199341,1469199350,9
1,1469199352,1469199363,11
4,1469199362,1469199373,11
1,1469199369,1469199387,18
4,1469199373,1469199376,3
4,1469199376,1469199379,3
4,1469199379,1469199385,6
10,1469199381,1469199382,1
4,1469199385,1469199389,4
4,1469199394,1469199426,32
1,1469199396,1469199403,7
1,1469199409,1469199425,16
4,1469199426,1469199431,5
4,1469199432,1469199505,73
1,1469199453,1469199456,3
1,1469199460,1469199463,3
1,1469199467,1469199469,2
1,1469199474,1469199477,3
1,1469199480,1469199485,5
1,1469199489,1469199492,3
1,1469199496,1469199498,2
1,1469199503,1469199505,2
4,1469199505,1469199508,3
4,1469199508,1469199515,7
10,1469199510,1469199513,3
4,1469199515,1469199517,2
10,1469199517,1469199519,2
4,1469199519,1469199522,3
1,1469199522,1469199529,7
4,1469199527,1469199562,35
1,1469199541,1469199549,8
5,1469199548,1469199554,6
1,1469199555,1469199565,10
4,1469199566,1469199570,4
4,1469199571,1469199574,3
4,1469199574,1469199582,8
4,1469199582,1469199584,2
4,1469199584,1469199588,4
4,1469199592,1469199594,2
4,1469199594,1469199599,5
4,1469199601,1469199603,2
10,1469199601,1469199602,1
4,1469199604,1469199615,11
1,1469199606,1469199608,2
4,1469199615,1469199620,5
1,1469199616,1469199626,10
4,1469199620,1469199623,3
4,1469199623,1469199627,4
4,1469199627,1469199631,4
10,1469199628,1469199631,3
4,1469199631,1469199638,7
1,1469199633,1469199641,8
4,1469199639,1469199641,2
10,1469199639,1469199640,1
4,1469199642,1469199647,5
4,1469199647,1469199716,69
1,1469199648,1469199653,5
1,1469199664,1469199674,10
1,1469199679,1469199703,24
1,1469199707,1469199714,7
1,1469199718,1469199726,8
4,1469199727,1469199737,10
1,1469199730,1469199758,28
4,1469199739,1469199741,2
4,1469199745,1469199748,3
4,1469199748,1469199751,3
4,1469199751,1469199756,5
4,1469199760,1469199768,8
1,1469199762,1469199765,3
1,1469199768,1469199785,17
14,1469199784,1469199794,10
1,1469199797,1469199806,9
4,1469199806,1469199809,3
4,1469199809,1469199811,2
4,1469199811,1469199813,2
10,1469199814,1469199817,3
4,1469199817,1469199847,30
1,1469199820,1469199825,5
14,1469199824,1469199831,7
1,1469199832,1469199836,4
14,1469199835,1469199838,3
1,1469199841,1469199846,5
4,1469199847,1469199911,64
1,1469199853,1469199868,15
14,1469199865,1469199875,10
1,1469199877,1469199884,7
14,1469199883,1469199888,5
1,1469199888,1469199893,5
1,1469199896,1469199901,5
1,1469199907,1469199911,4
4,1469199912,1469200195,283
1,1469199917,1469199920,3
1,1469199924,1469199941,17
1,1469199946,1469199955,9
1,1469199963,1469199997,34
1,1469200000,1469200007,7
1,1469200011,1469200049,38
1,1469200067,1469200089,22
1,1469200095,1469200120,25
1,1469200123,1469200133,10
1,1469200137,1469200149,12
14,1469200149,1469200162,13
1,1469200164,1469200188,24
14,1469200189,1469200217,28
11,1469200192,1469200201,9
1,1469200194,1469200208,14
4,1469200196,1469200199,3
4,1469200199,1469200201,2
11,1469200201,1469200205,4
11,1469200208,1469200217,9
1,1469200214,1469200218,4
5,1469200215,1469200217,2
4,1469200218,1469200221,3
4,1469200221,1469200225,4
4,1469200225,1469200228,3
1,1469200232,1469200237,5
14,1469200236,1469200244,8
1,1469200256,1469200265,9
1,1469200273,1469200332,59
1,1469200336,1469200390,54
14,1469200386,1469200396,10
1,1469200400,1469200411,11
1,1469200414,1469200415,1
1,1469200419,1469200427,8
4,1469200428,1469200445,17
10,1469200429,1469200431,2
1,1469200433,1469200450,17
4,1469200445,1469200450,5
1,1469200456,1469200461,5
4,1469200457,1469200700,243
1,1469200465,1469200472,7
14,1469200472,1469200482,10
1,1469200490,1469200496,6
1,1469200685,1469200723,38
4,1469200718,1469200721,3
4,1469200726,1469200730,4
1,1469200728,1469200736,8
4,1469200730,1469200738,8
4,1469200739,1469200742,3
1,1469200741,1469200746,5
10,1469200743,1469200744,1
4,1469200745,1469200773,28
10,1469200746,1469200753,7
1,1469200752,1469200753,1
1,1469200771,1469200772,1
4,1469200773,1469200798,25
10,1469200775,1469200786,11
1,1469200776,1469200801,25
4,1469200799,1469200802,3
4,1469200803,1469200809,6
10,1469200805,1469200806,1
4,1469200809,1469200812,3
4,1469200812,1469200814,2
4,1469200814,1469200817,3
4,1469200817,1469200821,4
10,1469200819,1469200820,1
4,1469200821,1469200826,5
1,1469200823,1469200825,2
4,1469200826,1469200835,9
10,1469200828,1469200833,5
1,1469200832,1469200837,5
4,1469200838,1469200840,2
4,1469200841,1469200843,2
4,1469200844,1469200847,3
10,1469200845,1469200846,1
4,1469200847,1469200850,3
4,1469200850,1469200853,3
4,1469200854,1469200857,3
1,1469200859,1469200862,3
4,1469200860,1469200863,3
4,1469200870,1469200872,2
4,1469200873,1469200875,2
4,1469200876,1469200886,10
10,1469200876,1469200877,1
4,1469200886,1469200889,3
4,1469200890,1469200893,3
10,1469200891,1469200893,2
4,1469200893,1469200898,5
4,1469200898,1469200901,3
4,1469200901,1469200903,2
4,1469200904,1469200906,2
4,1469200912,1469200917,5
1,1469200915,1469200916,1
4,1469200918,1469200921,3
10,1469200920,1469200921,1
4,1469200921,1469200923,2
4,1469200923,1469200925,2
4,1469200926,1469200933,7
10,1469200928,1469200931,3
1,1469200930,1469200944,14
4,1469200933,1469200936,3
4,1469200936,1469200945,9
4,1469200945,1469200954,9
1,1469200950,1469200952,2
4,1469200954,1469200981,27
1,1469200978,1469200979,1
4,1469200981,1469200983,2
4,1469200983,1469200993,10
10,1469200993,1469200996,3
4,1469200996,1469200999,3
1,1469201001,1469201016,15
4,1469201014,1469201017,3
4,1469201017,1469201022,5
10,1469201019,1469201022,3
4,1469201022,1469201025,3
4,1469201028,1469201030,2
1,1469201036,1469201046,10
14,1469201045,1469201057,12
1,1469201056,1469201075,19
4,1469201072,1469201076,4
10,1469201073,1469201074,1
4,1469201076,1469201080,4
4,1469201082,1469201085,3
4,1469201085,1469201088,3
10,1469201086,1469201088,2
4,1469201088,1469201090,2
4,1469201090,1469201117,27
1,1469201094,1469201097,3
14,1469201097,1469201107,10
1,1469201111,1469201116,5
4,1469201118,1469201120,2
4,1469201120,1469201126,6
1,1469201121,1469201132,11
4,1469201127,1469201133,6
4,1469201133,1469201135,2
4,1469201136,1469201139,3
1,1469201137,1469201178,41
4,1469201139,1469201148,9
4,1469201149,1469201152,3
4,1469201153,1469201155,2
4,1469201156,1469201164,8
4,1469201164,1469201168,4
4,1469201168,1469201174,6
10,1469201169,1469201172,3
4,1469201174,1469201179,5
4,1469201179,1469201184,5
1,1469201182,1469201194,12
4,1469201184,1469201193,9
4,1469201195,1469201198,3
4,1469201198,1469272663,71465
1,1469201205,1469201218,13
14,1469201218,1469201226,8
1,1469201245,1469201270,25
1,1469201275,1469201280,5
14,1469201280,1469201290,10
1,1469201287,1469201293,6
14,1469201293,1469201298,5
1,1469201302,1469201312,10
1,1469201364,1469201377,13
1,1469201394,1469201397,3
1,1469201420,1469201439,19
1,1469201473,1469201478,5
1,1469201536,1469201537,1
1,1469202953,1469202956,3
1,1469272636,1469272648,12
5,1469272648,1469272653,5
1,1469272655,1469272681,26
4,1469272663,1469272724,61
5,1469272681,1469272685,4
1,1469272686,1469272691,5
5,1469272691,1469272696,5
1,1469272699,1469272727,28
4,1469272731,1469272733,2
4,1469272736,1469272741,5
1,1469272742,1469272774,32
4,1469272763,1469272766,3
4,1469272775,1469272778,3
4,1469272778,1469272780,2
4,1469272780,1469272784,4
4,1469272784,1469272789,5
10,1469272788,1469272789,1
4,1469272789,1469272797,8
1,1469272792,1469272824,32
4,1469272802,1469272807,5
4,1469272812,1469272820,8
4,1469272820,1469272829,9
1,1469272828,1469272834,6
4,1469272829,1469272831,2
4,1469272836,1469272846,10
1,1469272841,1469272852,11
10,1469272844,1469272846,2
4,1469272852,1469272858,6
1,1469272857,1469272885,28
4,1469272858,1469272866,8
4,1469272876,1469272921,45
1,1469272895,1469272915,20
4,1469272921,1469272946,25
1,1469272926,1469272949,23
4,1469272946,1469272950,4
4,1469272950,1469272997,47
1,1469272956,1469272959,3
1,1469272983,1469273002,19
4,1469272997,1469273257,260
1,1469273234,1469273289,55
4,1469273257,1469273260,3
4,1469273269,1469273279,10
4,1469273279,1469273285,6
1,1469273303,1469273308,5
4,1469273308,1469273311,3
4,1469273311,1469273331,20
1,1469273313,1469273350,37
4,1469273331,1469273334,3
4,1469273345,1469273365,20
1,1469273357,1469273404,47
4,1469273370,1469273385,15
4,1469273385,1469273391,6
4,1469273391,1469273417,26
1,1469273408,1469273416,8
4,1469273417,1469273419,2
4,1469273419,1469273423,4
1,1469273420,1469273434,14
4,1469273423,1469273432,9
4,1469273438,1469273443,5
1,1469273441,1469273448,7
4,1469273447,1469273449,2
4,1469273449,1469273451,2
4,1469273451,1469273457,6
10,1469273458,1469273460,2
1,1469273460,1469273462,2
4,1469273463,1469273500,37
1,1469273484,1469273567,83
4,1469273504,1469273532,28
4,1469273532,1469273535,3
4,1469273535,1469273541,6
4,1469273541,1469273544,3
4,1469273547,1469273551,4
4,1469273551,1469273555,4
4,1469273555,1469273559,4
1,1469273583,1469273636,53
4,1469273592,1469273599,7
4,1469273608,1469273611,3
4,1469273615,1469273622,7
4,1469273622,1469273632,10
4,1469273632,1469273647,15
1,1469273642,1469273668,26
4,1469273647,1469273649,2
4,1469273649,1469273655,6
4,1469273655,1469273658,3
4,1469273658,1469273669,11
1,1469273672,1469273674,2
4,1469273676,1469273694,18
1,1469273686,1469273720,34
4,1469273700,1469273705,5
4,1469273710,1469273732,22
1,1469273725,1469273749,24
4,1469273739,1469273741,2
4,1469273741,1469273883,142
1,1469273872,1469273900,28
4,1469273883,1469273893,10
4,1469273893,1469273897,4
1,1469273904,1469273918,14
4,1469273904,1469273909,5
4,1469273917,1469273949,32
1,1469273928,1469273930,2
1,1469273945,1469274030,85
4,1469273952,1469273991,39
4,1469274000,1469274007,7
4,1469274010,1469274016,6
4,1469274018,1469274027,9
4,1469274029,1469274047,18
1,1469274035,1469274037,2
1,1469274040,1469274066,26
4,1469274049,1469274056,7
4,1469274058,1469274062,4
4,1469274062,1469274072,10
1,1469274071,1469274078,7
4,1469274080,1469274083,3
1,1469274085,1469274142,57
4,1469274093,1469274132,39
4,1469274137,1469274153,16
1,1469274148,1469274152,4
4,1469274153,1469274158,5
1,1469274155,1469274162,7
4,1469274158,1469274163,5
4,1469274163,1469274166,3
1,1469274169,1469274172,3
4,1469274174,1469274212,38
1,1469274176,1469274200,24
1,1469274205,1469274209,4
4,1469274212,1469274223,11
1,1469274216,1469274227,11
4,1469274224,1469274228,4
4,1469274228,1469274241,13
1,1469274231,1469274299,68
4,1469274243,1469274276,33
4,1469274278,1469274282,4
4,1469274287,1469274294,7
4,1469274296,1469274306,10
1,1469274302,1469274311,9
4,1469274308,1469274330,22
1,1469274314,1469274339,25
4,1469274335,1469274353,18
1,1469274342,1469274410,68
4,1469274360,1469274370,10
4,1469274378,1469274381,3
4,1469274389,1469274392,3
4,1469274392,1469274405,13
4,1469274409,1469274416,7
1,1469274418,1469274466,48
4,1469274424,1469274442,18
4,1469274444,1469274493,49
1,1469274473,1469274538,65
4,1469274503,1469274513,10
4,1469274518,1469274522,4
4,1469274534,1469274539,5
4,1469274539,1469274551,12
1,1469274542,1469274546,4
4,1469274551,1469274553,2
4,1469274553,1469274568,15
1,1469274555,1469274576,21
4,1469274574,1469274583,9
1,1469274579,1469274600,21
1,1469274611,1469274613,2
1,1469274632,1469274639,7
1,1469274655,1469274657,2
1,1469274677,1469274684,7
1,1469274689,1469274693,4
1,1469274698,1469274700,2
1,1469274707,1469274716,9
4,1469274722,1469274794,72
1,1469274726,1469274739,13
1,1469274745,1469274747,2
1,1469274750,1469274752,2
1,1469274769,1469274777,8
5,1469274777,1469274785,8
1,1469274786,1469274852,66
4,1469274798,1469274811,13
4,1469274816,1469274822,6
4,1469274822,1469274827,5
4,1469274827,1469274832,5
4,1469274833,1469274836,3
4,1469274837,1469274840,3
4,1469274841,1469274844,3
4,1469274845,1469274850,5
1,1469274860,1469274863,3
4,1469274868,1469274886,18
1,1469274869,1469274874,5
1,1469274877,1469274885,8
1,1469274897,1469274901,4
4,1469274898,1469274902,4
4,1469274903,1469274907,4
4,1469274907,1469274909,2
4,1469274909,1469274911,2
4,1469274911,1469274914,3
4,1469274914,1469274916,2
4,1469274916,1469274926,10
1,1469274924,1469274928,4
4,1469274929,1469274939,10
1,1469274973,1469274991,18
1,1469275002,1469275025,23
5,1469275025,1469275030,5
1,1469275031,1469275046,15
4,1469275040,1469275045,5
4,1469275047,1469275049,2
4,1469275049,1469275052,3
10,1469275051,1469275052,1
4,1469275052,1469275054,2
4,1469275055,1469275057,2
4,1469275057,1469275059,2
4,1469275059,1469275064,5
10,1469275061,1469275064,3
1,1469275062,1469275065,3
4,1469275066,1469275070,4
1,1469275070,1469275073,3
4,1469275070,1469275075,5
1,1469275077,1469275080,3
1,1469275084,1469275142,58
4,1469275114,1469275116,2
4,1469275119,1469275153,34
1,1469275146,1469275180,34
4,1469275153,1469275157,4
4,1469275157,1469275160,3
4,1469275162,1469275167,5
4,1469275167,1469275171,4
4,1469275171,1469275173,2
4,1469275173,1469275178,5
4,1469275181,1469275207,26
1,1469275200,1469275241,41
4,1469275207,1469275354,147
1,1469275337,1469275421,84
4,1469275364,1469275389,25
4,1469275397,1469275408,11
4,1469275417,1469275423,6
1,1469275425,1469275445,20
4,1469275428,1469275431,3
4,1469275434,1469275441,7
4,1469275446,1469275452,6
10,1469275453,1469275454,1
4,1469275454,1469275466,12
1,1469275463,1469275487,24
4,1469275469,1469275499,30
1,1469275493,1469275498,5
4,1469275499,1469275507,8
1,1469275501,1469275515,14
10,1469275501,1469275504,3
1,1469275553,1469275572,19
4,1469275554,1469275597,43
1,1469275591,1469275594,3
4,1469275598,1469275602,4
10,1469275601,1469275602,1
4,1469275602,1469275606,4
1,1469275603,1469275610,7
4,1469275609,1469275814,205
1,1469275620,1469275626,6
1,1469275630,1469275637,7
1,1469275642,1469275644,2
1,1469275647,1469275654,7
1,1469275695,1469275696,1
1,1469275746,1469275757,11
1,1469275764,1469275766,2
1,1469275774,1469275779,5
1,1469275785,1469275789,4
1,1469275793,1469275796,3
1,1469275803,1469275804,1
4,1469275814,1469275832,18
1,1469275816,1469275819,3
4,1469275832,1469275877,45
1,1469275836,1469275839,3
1,1469275847,1469275850,3
1,1469275858,1469275860,2
1,1469275869,1469275880,11
4,1469275881,1469275987,106
1,1469275893,1469275896,3
1,1469275900,1469275902,2
1,1469275908,1469275913,5
1,1469275917,1469275922,5
1,1469275945,1469275971,26
1,1469275974,1469275985,11
1,1469275989,1469275999,10
4,1469276000,1469276004,4
1,1469276005,1469276009,4
4,1469276010,1469276013,3
10,1469276012,1469276013,1
4,1469276013,1469276021,8
1,1469276014,1469276025,11
4,1469276025,1469276052,27
1,1469276048,1469276053,5
4,1469276057,1469276135,78
1,1469276075,1469276081,6
1,1469276125,1469276132,7
4,1469276136,1469276426,290
1,1469276140,1469276141,1
1,1469276154,1469276156,2
1,1469276167,1469276168,1
1,1469276180,1469276182,2
1,1469276192,1469276195,3
1,1469276224,1469276228,4
5,1469276228,1469276320,92
1,1469276239,1469276244,5
1,1469276251,1469276252,1
1,1469276262,1469276267,5
1,1469276272,1469276280,8
1,1469276289,1469276302,13
1,1469276306,1469276334,28
1,1469276339,1469276341,2
1,1469276370,1469276386,16
14,1469276374,1469276379,5
1,1469276392,1469276402,10
1,1469276417,1469276429,12
4,1469276426,1469276430,4
10,1469276427,1469276429,2
4,1469276430,1469276474,44
10,1469276432,1469276436,4
1,1469276434,1469276443,9
14,1469276441,1469276448,7
1,1469276447,1469276456,9
1,1469276462,1469276477,15
1,1469276749,1469276750,1
4,1469276753,1469276756,3
1,1469276754,1469276755,1
1,1469276759,1469276765,6
1,1469276784,1469276790,6
14,1469276788,1469276795,7
1,1469276796,1469276801,5
14,1469276802,1469276806,4
1,1469276809,1469276813,4
1,1469276819,1469276835,16
1,1469276862,1469276880,18
1,1469276884,1469276888,4
1,1469276896,1469276905,9
4,1469276907,1469277118,211
1,1469276914,1469276917,3
1,1469276958,1469276965,7
1,1469277110,1469277142,32
4,1469277118,1469277130,12
4,1469277130,1469277136,6
4,1469277139,1469277143,4
4,1469277144,1469277146,2
1,1469277150,1469277154,4
4,1469277153,1469277163,10
1,1469277157,1469277163,6
8,1469277164,1469277168,4
4,1469277166,1469277168,2
4,1469277168,1469277227,59
1,1469277172,1469277176,4
14,1469277175,1469277181,6
1,1469277179,1469277188,9
1,1469277192,1469277201,9
1,1469277219,1469277224,5
4,1469277227,1469277233,6
1,1469277229,1469277232,3
4,1469277236,1469277359,123
1,1469277237,1469277242,5
1,1469277259,1469277263,4
1,1469277281,1469277284,3
1,1469277331,1469277333,2
1,1469277352,1469277358,6
4,1469277359,1469277361,2
4,1469277362,1469277364,2
4,1469277364,1469277369,5
1,1469277366,1469277369,3
4,1469277369,1469277376,7
10,1469277371,1469277374,3
1,1469277373,1469277375,2
4,1469277376,1469277379,3
4,1469277379,1469277382,3
4,1469277382,1469277385,3
4,1469277385,1469277391,6
1,1469277388,1469277390,2
4,1469277392,1469277394,2
10,1469277393,1469277394,1
4,1469277397,1469277401,4
4,1469277401,1469277437,36
1,1469277404,1469277413,9
14,1469277413,1469277423,10
1,1469277425,1469277426,1
14,1469277427,1469277493,66
11,1469277432,1469277448,16
1,1469277435,1469277437,2
4,1469277438,1469277440,2
1,1469277441,1469277442,1
4,1469277441,1469277450,9
11,1469277448,1469277493,45
1,1469277449,1469277461,12
1,1469277475,1469277479,4
4,1469277480,1469277495,15
1,1469277483,1469277489,6
5,1469277489,1469277493,4
1,1469277494,1469277499,5
4,1469277495,1469277499,4
4,1469277500,1469277503,3
10,1469277501,1469277503,2
4,1469277503,1469277513,10
1,1469277510,1469277515,5
4,1469277513,1469277516,3
4,1469277516,1469277519,3
4,1469277519,1469277521,2
10,1469277520,1469277521,1
4,1469277521,1469277524,3
10,1469277523,1469277524,1
4,1469277524,1469277526,2
4,1469277526,1469277528,2
10,1469277527,1469277528,1
4,1469277528,1469277539,11
10,1469277530,1469277535,5
10,1469277537,1469277539,2
10,1469277539,1469277541,2
1,1469277542,1469277544,2
4,1469277544,1469277547,3
4,1469277547,1469277550,3
10,1469277547,1469277549,2
4,1469277550,1469277554,4
1,1469277552,1469277553,1
4,1469277554,1469277560,6
10,1469277555,1469277557,2
4,1469277561,1469277563,2
1,1469277561,1469277573,12
4,1469277564,1469277574,10
4,1469277576,1469277578,2
4,1469277578,1469277580,2
1,1469277583,1469277585,2
1,1469277597,1469277604,7
4,1469277605,1469277608,3
4,1469277608,1469277613,5
4,1469277614,1469277616,2
10,1469277615,1469277616,1
4,1469277616,1469277619,3
4,1469277620,1469277622,2
10,1469277622,1469277625,3
4,1469277625,1469277628,3
4,1469277632,1469277637,5
4,1469277637,1469277639,2
4,1469277640,1469277643,3
4,1469277643,1469277646,3
10,1469277645,1469277646,1
4,1469277648,1469277652,4
4,1469277652,1469277654,2
4,1469277654,1469277656,2
4,1469277656,1469277659,3
4,1469277659,1469277661,2
10,1469277660,1469277661,1
4,1469277663,1469277670,7
4,1469277670,1469277676,6
10,1469277672,1469277676,4
4,1469277676,1469277678,2
4,1469277678,1469277681,3
4,1469277683,1469277686,3
10,1469277685,1469277686,1
4,1469277687,1469277690,3
10,1469277688,1469277691,3
4,1469277690,1469277693,3
4,1469277695,1469277700,5
4,1469277700,1469277702,2
4,1469277702,1469277705,3
4,1469277705,1469277707,2
4,1469277708,1469277710,2
4,1469277710,1469277713,3
10,1469277711,1469277712,1
4,1469277715,1469277718,3
10,1469277716,1469277718,2
4,1469277718,1469277726,8
4,1469277726,1469277728,2
4,1469277728,1469277740,12
1,1469277737,1469277738,1
4,1469277740,1469277744,4
10,1469277742,1469277744,2
4,1469277744,1469277747,3
4,1469277747,1469277754,7
10,1469277749,1469277750,1
1,1469277751,1469277753,2
4,1469277754,1469277757,3
10,1469277755,1469277757,2
4,1469277757,1469277760,3
4,1469277760,1469277763,3
4,1469277763,1469277771,8
1,1469277766,1469277770,4
4,1469277771,1469277774,3
4,1469277774,1469277776,2
4,1469277776,1469277779,3
10,1469277777,1469277779,2
4,1469277779,1469277781,2
10,1469277780,1469277781,1
10,1469277782,1469277784,2
4,1469277784,1469277787,3
10,1469277784,1469277786,2
4,1469277787,1469277791,4
10,1469277789,1469277791,2
4,1469277797,1469277801,4
4,1469277804,1469277807,3
1,1469277804,1469277806,2
4,1469277808,1469277862,54
1,1469277812,1469277813,1
1,1469277831,1469277843,12
14,1469277841,1469277858,17
1,1469277847,1469277851,4
1,1469277857,1469277861,4
4,1469277862,1469277869,7
1,1469277865,1469277868,3
10,1469277865,1469277867,2
4,1469277871,1469277876,5
10,1469277872,1469277876,4
4,1469277876,1469277879,3
4,1469277879,1469277884,5
1,1469277881,1469277883,2
4,1469277884,1469277900,16
10,1469277886,1469277888,2
1,1469277898,1469277899,1
4,1469277900,1469277902,2
4,1469277903,1469277906,3
4,1469277908,1469277916,8
1,1469277910,1469277935,25
4,1469277936,1469277938,2
4,1469277938,1469277948,10
1,1469277942,1469277948,6
4,1469277949,1469277955,6
1,1469277951,1469277958,7
10,1469277952,1469277954,2
4,1469277955,1469277959,4
4,1469277959,1469277974,15
10,1469277962,1469277971,9
1,1469277962,1469277971,9
4,1469277976,1469277986,10
1,1469277983,1469277990,7
4,1469277995,1469277998,3
4,1469277999,1469278004,5
1,1469278002,1469278008,6
4,1469278005,1469278012,7
1,1469278011,1469278013,2
4,1469278013,1469278021,8
1,1469278018,1469278026,8
4,1469278026,1469278032,6
10,1469278029,1469278032,3
4,1469278032,1469278034,2
1,1469278040,1469278041,1
4,1469278042,1469278054,12
1,1469278050,1469278059,9
4,1469278060,1469278064,4
4,1469278064,1469278066,2
4,1469278067,1469278069,2
4,1469278069,1469278100,31
1,1469278072,1469278076,4
14,1469278076,1469278085,9
1,1469278089,1469278101,12
1,1469278114,1469278117,3
14,1469278116,1469278123,7
1,1469278124,1469278139,15
1,1469278142,1469278162,20
4,1469278144,1469278154,10
4,1469278164,1469278221,57
1,1469278168,1469278174,6
14,1469278173,1469278180,7
1,1469278181,1469278202,21
1,1469278206,1469278211,5
14,1469278210,1469278329,119
11,1469278217,1469278228,11
4,1469278222,1469278224,2
4,1469278225,1469278262,37
11,1469278228,1469278261,33
1,1469278233,1469278240,7
1,1469278259,1469278270,11
11,1469278267,1469278328,61
1,1469278277,1469278281,4
4,1469278282,1469278301,19
4,1469278302,1469278304,2
1,1469278302,1469278305,3
4,1469278306,1469278308,2
4,1469278308,1469278310,2
4,1469278310,1469278312,2
4,1469278312,1469278328,16
1,1469278319,1469278323,4
5,1469278323,1469278328,5
1,1469278329,1469278334,5
14,1469278334,1469278346,12
1,1469278355,1469278360,5
14,1469278360,1469278594,234
11,1469278367,1469278381,14
1,1469278369,1469278373,4
4,1469278370,1469278372,2
4,1469278373,1469278375,2
4,1469278375,1469278381,6
11,1469278381,1469278386,5
1,1469278382,1469278400,18
4,1469278387,1469278390,3
4,1469278392,1469278394,2
11,1469278394,1469278498,104
1,1469278485,1469278488,3
1,1469278498,1469278502,4
11,1469278498,1469278593,95
4,1469278498,1469278534,36
1,1469278533,1469278538,5
4,1469278534,1469278539,5
4,1469278541,1469278544,3
1,1469278543,1469278545,2
1,1469278550,1469278552,2
4,1469278557,1469278559,2
1,1469278563,1469278567,4
4,1469278567,1469278570,3
4,1469278571,1469278573,2
4,1469278573,1469278578,5
1,1469278576,1469278577,1
4,1469278578,1469278595,17
1,1469278583,1469278589,6
5,1469278589,1469278593,4
1,1469278594,1469278598,4
14,1469278598,1469278613,15
1,1469278642,1469278655,13
4,1469278649,1469278653,4
4,1469278655,1469278682,27
1,1469278663,1469278664,1
14,1469278664,1469278672,8
1,1469278680,1469278686,6
14,1469278686,1469278694,8
1,1469278706,1469278710,4
4,1469278716,1469278718,2
4,1469278718,1469278721,3
4,1469278721,1469278725,4
4,1469278727,1469278729,2
4,1469278729,1469278731,2
4,1469278732,1469278736,4
4,1469278739,1469278741,2
4,1469278742,1469278750,8
4,1469278750,1469278754,4
4,1469278754,1469278756,2
4,1469278757,1469278759,2
4,1469278759,1469278762,3
4,1469278762,1469278765,3
4,1469278765,1469278771,6
10,1469278766,1469278771,5
4,1469278771,1469278779,8
4,1469278779,1469278782,3
4,1469278782,1469278788,6
10,1469278783,1469278785,2
4,1469278790,1469278890,100
10,1469278792,1469278795,3
1,1469278794,1469278810,16
1,1469278822,1469278834,12
1,1469278839,1469278842,3
1,1469278849,1469278852,3
1,1469278856,1469278875,19
1,1469278884,1469278892,8
10,1469278893,1469278895,2
1,1469278895,1469278899,4
1,1469278905,1469278937,32
4,1469278913,1469278938,25
10,1469278918,1469278920,2
4,1469278938,1469278941,3
4,1469278941,1469278943,2
1,1469278942,1469278950,8
10,1469278944,1469278946,2
1,1469278960,1469278986,26
4,1469278964,1469278966,2
4,1469278966,1469278969,3
10,1469278970,1469278971,1
1,1469278998,1469279005,7
4,1469279002,1469279006,4
4,1469279007,1469279009,2
4,1469279010,1469279013,3
4,1469279013,1469279017,4
4,1469279017,1469279019,2
4,1469279019,1469279023,4
10,1469279024,1469279025,1
1,1469279026,1469279031,5
1,1469279037,1469279038,1
1,1469279042,1469279049,7
1,1469279054,1469279059,5
1,1469279070,1469279084,14
4,1469279073,1469279255,182
1,1469279156,1469279166,10
1,1469279170,1469279174,4
1,1469279248,1469279257,9
4,1469279257,1469279262,5
1,1469279261,1469279264,3
4,1469279262,1469279265,3
4,1469279266,1469279283,17
10,1469279267,1469279268,1
1,1469279268,1469279281,13
4,1469279283,1469279295,12
1,1469279287,1469279305,18
10,1469279299,1469279300,1
1,1469279327,1469279342,15
4,1469279343,1469279348,5
1,1469279345,1469279358,13
4,1469279348,1469279353,5
4,1469279353,1469279358,5
4,1469279359,1469279361,2
4,1469279361,1469279368,7
1,1469279363,1469279392,29
4,1469279373,1469279377,4
4,1469279381,1469279392,11
4,1469279393,1469279529,136
10,1469279396,1469279397,1
1,1469279397,1469279404,7
1,1469279447,1469279457,10
1,1469279520,1469279528,8
4,1469279529,1469279532,3
4,1469279532,1469279534,2
4,1469279534,1469279537,3
4,1469279537,1469279539,2
4,1469279539,1469279542,3
4,1469279542,1469279544,2
10,1469279543,1469279544,1
4,1469279545,1469279548,3
10,1469279547,1469279548,1
4,1469279548,1469279550,2
4,1469279550,1469279560,10
1,1469279552,1469279558,6
4,1469279562,1469279564,2
4,1469279564,1469279566,2
4,1469279567,1469279569,2
4,1469279571,1469279573,2
4,1469279574,1469279577,3
4,1469279577,1469279579,2
4,1469279581,1469279583,2
4,1469279585,1469279587,2
4,1469279587,1469279590,3
10,1469279589,1469279590,1
10,1469279593,1469279595,2
1,1469279597,1469279617,20
1,1469279620,1469279627,7
4,1469279628,1469279631,3
10,1469279628,1469279629,1
4,1469279631,1469279634,3
4,1469279636,1469279642,6
4,1469279642,1469279645,3
4,1469279645,1469279649,4
1,1469279646,1469279651,5
4,1469279652,1469279694,42
10,1469279653,1469279662,9
1,1469279697,1469279704,7
4,1469279701,1469279705,4
8,1469279702,1469279707,5
4,1469279705,1469279707,2
4,1469279708,1469279738,30
1,1469279727,1469279731,4
14,1469279731,1469279952,221
11,1469279737,1469279743,6
4,1469279738,1469279740,2
4,1469279741,1469279744,3
11,1469279743,1469279748,5
1,1469279744,1469279751,7
11,1469279748,1469279952,204
1,1469279777,1469279784,7
4,1469279784,1469279787,3
4,1469279788,1469279790,2
1,1469279788,1469279802,14
4,1469279790,1469279797,7
10,1469279792,1469279793,1
4,1469279803,1469279808,5
1,1469279806,1469279808,2
4,1469279811,1469279822,11
10,1469279813,1469279822,9
4,1469279822,1469279825,3
4,1469279826,1469279833,7
1,1469279831,1469279849,18
10,1469279835,1469279836,1
4,1469279839,1469279846,7
4,1469279846,1469279850,4
10,1469279847,1469279848,1
4,1469279850,1469279853,3
1,1469279855,1469279856,1
1,1469279871,1469279876,5
4,1469279878,1469279880,2
1,1469279879,1469279886,7
4,1469279883,1469279887,4
4,1469279888,1469279895,7
1,1469279890,1469279907,17
10,1469279890,1469279893,3
4,1469279898,1469279902,4
4,1469279905,1469279910,5
4,1469279910,1469279912,2
1,1469279913,1469279919,6
4,1469279916,1469279919,3
4,1469279920,1469279925,5
1,1469279922,1469279962,40
4,1469279934,1469279938,4
4,1469279941,1469279945,4
5,1469279950,1469279952,2
4,1469279952,1469279959,7
4,1469279959,1469279963,4
4,1469279963,1469279967,4
10,1469279964,1469279968,4
1,1469279967,1469279973,6
4,1469279971,1469279976,5
4,1469279976,1469279980,4
1,1469279977,1469279993,16
4,1469279980,1469279983,3
4,1469279985,1469280008,23
1,1469279997,1469280002,5
4,1469280008,1469280022,14
1,1469280012,1469280035,23
4,1469280030,1469280037,7
1,1469280039,1469280042,3
4,1469280044,1469280049,5
4,1469280049,1469280055,6
4,1469280055,1469280058,3
1,1469280071,1469280080,9
4,1469280076,1469280082,6
4,1469280082,1469280110,28
1,1469280102,1469280121,19
4,1469280110,1469280112,2
4,1469280112,1469280116,4
4,1469280117,1469280119,2
4,1469280121,1469280126,5
4,1469280126,1469280130,4
1,1469280127,1469280129,2
1,1469280133,1469280139,6
14,1469280139,1469280148,9
1,1469280153,1469280157,4
1,1469280164,1469280166,2
1,1469280183,1469280187,4
1,1469280235,1469280251,16
4,1469280249,1469280252,3
4,1469280252,1469280255,3
4,1469280256,1469280260,4
10,1469280256,1469280258,2
1,1469280257,1469280286,29
4,1469280261,1469280266,5
4,1469280266,1469280271,5
10,1469280267,1469280269,2
4,1469280271,1469280274,3
4,1469280274,1469280281,7
10,1469280275,1469280278,3
4,1469280287,1469280290,3
4,1469280291,1469280294,3
1,1469280292,1469280298,6
4,1469280295,1469280299,4
4,1469280300,1469280302,2
4,1469280302,1469280304,2
4,1469280304,1469280317,13
1,1469280309,1469280310,1
1,1469280315,1469280322,7
4,1469280319,1469280324,5
4,1469280324,1469280329,5
1,1469280326,1469280328,2
4,1469280329,1469280331,2
10,1469280330,1469280331,1
4,1469280331,1469280334,3
4,1469280334,1469280342,8
1,1469280336,1469280341,5
4,1469280342,1469280346,4
10,1469280343,1469280345,2
1,1469280345,1469280394,49
4,1469280346,1469280352,6
4,1469280355,1469280359,4
4,1469280359,1469280365,6
4,1469280365,1469280371,6
4,1469280371,1469280375,4
4,1469280375,1469280380,5
10,1469280376,1469280377,1
4,1469280388,1469280405,17
1,1469280398,1469280409,11
4,1469280410,1469280412,2
4,1469280414,1469280418,4
1,1469280415,1469280432,17
4,1469280419,1469280422,3
4,1469280422,1469280426,4
4,1469280426,1469280440,14
1,1469280436,1469280451,15
4,1469280440,1469280443,3
4,1469280443,1469280447,4
4,1469280451,1469280455,4
4,1469280456,1469280464,8
1,1469280459,1469280469,10
4,1469280471,1469280483,12
1,1469280473,1469280475,2
4,1469280483,1469280492,9
1,1469280487,1469280506,19
4,1469280492,1469280501,9
4,1469280503,1469280506,3
4,1469280506,1469280511,5
1,1469280520,1469280524,4
14,1469280523,1469280530,7
1,1469280537,1469280541,4
1,1469280592,1469280593,1
1,1469280598,1469280602,4
1,1469280609,1469280612,3
1,1469280617,1469280618,1
1,1469282853,1469282855,2
1,1469303278,1469303281,3
1,1469303299,1469303308,9
1,1469303357,1469303375,18
4,1469303367,1469303370,3
4,1469303370,1469303374,4
10,1469303370,1469303372,2
4,1469303377,1469303380,3
4,1469303380,1469303411,31
1,1469303398,1469303408,10
1,1469303415,1469303421,6
14,1469303420,1469303428,8
1,1469303434,1469303440,6
1,1469303456,1469303458,2
1,1469303462,1469303482,20
4,1469303483,1469303485,2
4,1469303488,1469303513,25
1,1469303500,1469303509,9
4,1469303516,1469303518,2
4,1469303519,1469303522,3
4,1469303523,1469303526,3
1,1469303528,1469303529,1
1,1469303536,1469303546,10
4,1469303542,1469303553,11
4,1469303553,1469303558,5
1,1469303556,1469303560,4
4,1469303561,1469303569,8
1,1469303563,1469303568,5
1,1469303571,1469303577,6
4,1469303575,1469303578,3
4,1469303578,1469303580,2
4,1469303580,1469303582,2
4,1469303582,1469303585,3
4,1469303585,1469303588,3
4,1469303588,1469303590,2
4,1469303590,1469303603,13
1,1469303596,1469303602,6
4,1469303603,1469303609,6
10,1469303604,1469303606,2
1,1469303606,1469303613,7
4,1469303616,1469303619,3
4,1469303619,1469303621,2
4,1469303622,1469303624,2
1,1469303622,1469303638,16
4,1469303624,1469303627,3
4,1469303627,1469303632,5
4,1469303632,1469303637,5
1,1469303641,1469303645,4
4,1469303646,1469303650,4
10,1469303647,1469303649,2
4,1469303650,1469303652,2
4,1469303653,1469303664,11
4,1469303665,1469303668,3
4,1469303668,1469303673,5
10,1469303671,1469303673,2
4,1469303674,1469303679,5
10,1469303676,1469303679,3
4,1469303679,1469303682,3
4,1469303682,1469303686,4
10,1469303684,1469303686,2
4,1469303688,1469303697,9
4,1469303700,1469303733,33
4,1469303733,1469303735,2
4,1469303735,1469303755,20
10,1469303736,1469303755,19
4,1469303755,1469303758,3
10,1469303755,1469303758,3
4,1469303758,1469303760,2
4,1469303760,1469303765,5
10,1469303761,1469303765,4
4,1469303765,1469303767,2
4,1469303767,1469303779,12
10,1469303776,1469303779,3
4,1469303780,1469303782,2
10,1469303781,1469303782,1
4,1469303788,1469303802,14
4,1469303809,1469303952,143
10,1469303810,1469303945,135
1,1469303850,1469303852,2
1,1469303869,1469303871,2
1,1469303900,1469303903,3
1,1469303942,1469303948,6
4,1469303952,1469303955,3
4,1469303955,1469303957,2
10,1469303956,1469303957,1
4,1469303957,1469303960,3
4,1469303961,1469303963,2
4,1469303963,1469303969,6
4,1469303969,1469303995,26
1,1469303976,1469303988,12
1,1469303992,1469303994,2
4,1469303995,1469303997,2
4,1469303998,1469304003,5
10,1469304000,1469304002,2
4,1469304003,1469304006,3
10,1469304004,1469304006,2
4,1469304006,1469304008,2
4,1469304008,1469304010,2
4,1469304011,1469304013,2
4,1469304013,1469304020,7
1,1469304017,1469304018,1
4,1469304021,1469304023,2
4,1469304023,1469304025,2
10,1469304024,1469304025,1
4,1469304026,1469304072,46
10,1469304026,1469304056,30
1,1469304029,1469304030,1
1,1469304038,1469304043,5
1,1469304055,1469304059,4
1,1469304066,1469304086,20
4,1469304075,1469304078,3
4,1469304080,1469304087,7
4,1469304088,1469304093,5
1,1469304091,1469304092,1
4,1469304093,1469304096,3
10,1469304094,1469304096,2
4,1469304096,1469304102,6
1,1469304096,1469304104,8
1,1469304110,1469304111,1
4,1469304114,1469304116,2
4,1469304117,1469304126,9
10,1469304119,1469304123,4
10,1469304125,1469304126,1
4,1469304126,1469304128,2
10,1469304127,1469304128,1
4,1469304128,1469304134,6
1,1469304131,1469304133,2
4,1469304134,1469304141,7
1,1469304137,1469304140,3
4,1469304141,1469304143,2
4,1469304143,1469304146,3
4,1469304146,1469304148,2
4,1469304148,1469304152,4
10,1469304149,1469304150,1
4,1469304152,1469304158,6
10,1469304154,1469304156,2
1,1469304154,1469304157,3
1,1469304160,1469304164,4
4,1469304165,1469304184,19
10,1469304166,1469304169,3
1,1469304167,1469304175,8
1,1469304180,1469304207,27
4,1469304184,1469304192,8
4,1469304195,1469304198,3
4,1469304202,1469304212,10
4,1469304212,1469304217,5
1,1469304212,1469304217,5
4,1469304218,1469304222,4
10,1469304219,1469304222,3
4,1469304222,1469304241,19
1,1469304227,1469304229,2
4,1469304241,1469304266,25
10,1469304242,1469304246,4
1,1469304244,1469304246,2
1,1469304256,1469304257,1
1,1469304263,1469304264,1
4,1469304267,1469304269,2
4,1469304269,1469304271,2
4,1469304271,1469304273,2
4,1469304274,1469304276,2
4,1469304276,1469304279,3
4,1469304279,1469304281,2
4,1469304281,1469304283,2
4,1469304283,1469304289,6
1,1469304287,1469304294,7
4,1469304289,1469304304,15
1,1469304302,1469304306,4
4,1469304304,1469304308,4
4,1469304308,1469304310,2
4,1469304311,1469304313,2
4,1469304313,1469304316,3
10,1469304314,1469304316,2
4,1469304317,1469304319,2
10,1469304317,1469304318,1
4,1469304320,1469304324,4
1,1469304321,1469304357,36
4,1469304324,1469304329,5
4,1469304342,1469304346,4
4,1469304359,1469304372,13
1,1469304361,1469304371,10
4,1469304373,1469304377,4
1,1469304375,1469304377,2
4,1469304377,1469304386,9
1,1469304380,1469304401,21
4,1469304386,1469304393,7
4,1469304393,1469304399,6
1,1469304405,1469304407,2
4,1469304416,1469304419,3
4,1469304419,1469304489,70
1,1469304422,1469304427,5
1,1469304460,1469304470,10
1,1469304475,1469304491,16
4,1469304493,1469304534,41
1,1469304496,1469304525,29
5,1469304525,1469304531,6
1,1469304533,1469304564,31
4,1469304534,1469304538,4
4,1469304538,1469304550,12
4,1469304555,1469304562,7
4,1469304562,1469304567,5
4,1469304567,1469304571,4
1,1469304569,1469304588,19
4,1469304576,1469304578,2
4,1469304589,1469304592,3
4,1469304592,1469304596,4
10,1469304594,1469304596,2
4,1469304596,1469304601,5
1,1469304598,1469304600,2
4,1469304602,1469304605,3
4,1469304606,1469304610,4
4,1469304610,1469304612,2
1,1469304613,1469304616,3
4,1469304617,1469304619,2
4,1469304619,1469304625,6
1,1469304622,1469304630,8
4,1469304628,1469304631,3
4,1469304631,1469304636,5
4,1469304637,1469304639,2
4,1469304639,1469304649,10
1,1469304646,1469304651,5
4,1469304649,1469304651,2
4,1469304652,1469304654,2
4,1469304654,1469304669,15
1,1469304655,1469304659,4
1,1469304665,1469304669,4
4,1469304671,1469304675,4
10,1469304673,1469304675,2
4,1469304675,1469304684,9
1,1469304676,1469304683,7
4,1469304684,1469304747,63
10,1469304686,1469304688,2
1,1469304686,1469304692,6
1,1469304739,1469304740,1
1,1469304743,1469304812,69
4,1469304753,1469304764,11
4,1469304766,1469304769,3
4,1469304770,1469304776,6
4,1469304779,1469304782,3
4,1469304784,1469304789,5
4,1469304792,1469304795,3
4,1469304797,1469304799,2
4,1469304802,1469304806,4
4,1469304806,1469304809,3
1,1469304836,1469304840,4
1,1469304844,1469304853,9
4,1469304854,1469304856,2
10,1469304855,1469304856,1
4,1469304856,1469304859,3
1,1469304857,1469304875,18
4,1469304864,1469304869,5
4,1469304870,1469304879,9
10,1469304870,1469304873,3
4,1469304879,1469304884,5
4,1469304885,1469304887,2
4,1469304887,1469304890,3
4,1469304890,1469304892,2
4,1469304892,1469304896,4
4,1469304897,1469304900,3
4,1469304900,1469304902,2
4,1469304902,1469304904,2
4,1469304905,1469304914,9
1,1469304908,1469304916,8
4,1469304914,1469304930,16
1,1469304920,1469304939,19
1,1469304945,1469304949,4
4,1469304947,1469304957,10
1,1469304954,1469304956,2
4,1469304957,1469304959,2
4,1469304959,1469304961,2
4,1469304961,1469304965,4
1,1469304967,1469304979,12
4,1469304970,1469304973,3
4,1469304977,1469304987,10
4,1469304987,1469304993,6
1,1469304989,1469304992,3
4,1469304994,1469304996,2
4,1469304996,1469304999,3
10,1469304998,1469304999,1
4,1469304999,1469305002,3
4,1469305003,1469305008,5
1,1469305004,1469305011,7
4,1469305008,1469305013,5
4,1469305015,1469305017,2
1,1469305018,1469305019,1
4,1469305022,1469305029,7
1,1469305024,1469305092,68
4,1469305035,1469305041,6
4,1469305043,1469305046,3
4,1469305048,1469305053,5
4,1469305059,1469305066,7
4,1469305067,1469305074,7
4,1469305076,1469305082,6
4,1469305085,1469305087,2
4,1469305094,1469305101,7
1,1469305095,1469305116,21
4,1469305102,1469305107,5
4,1469305109,1469305115,6
4,1469305116,1469305119,3
4,1469305119,1469305123,4
1,1469305120,1469305133,13
4,1469305125,1469305136,11
1,1469305139,1469305148,9
4,1469305143,1469305195,52
1,1469305190,1469305206,16
4,1469305197,1469305201,4
4,1469305203,1469305207,4
4,1469305211,1469305225,14
1,1469305214,1469305216,2
4,1469305227,1469305229,2
4,1469305229,1469305232,3
4,1469305232,1469305235,3
4,1469305235,1469305240,5
10,1469305237,1469305240,3
4,1469305240,1469305243,3
1,1469305241,1469305262,21
5,1469305256,1469305257,1
1,1469305285,1469305288,3
1,1469305292,1469305320,28
4,1469305305,1469305317,12
4,1469305364,1469305377,13
1,1469305364,1469305368,4
1,1469305371,1469305387,16
4,1469305377,1469305383,6
4,1469305383,1469305387,4
10,1469305384,1469305386,2
4,1469305388,1469305399,11
10,1469305389,1469305390,1
1,1469305391,1469305398,7
4,1469305404,1469305414,10
1,1469305409,1469305413,4
4,1469305414,1469305416,2
4,1469305418,1469305421,3
4,1469305422,1469305425,3
4,1469305426,1469305429,3
4,1469305430,1469305432,2
4,1469305433,1469305444,11
1,1469305436,1469305443,7
4,1469305444,1469305451,7
1,1469305447,1469305456,9
4,1469305453,1469305456,3
4,1469305457,1469305492,35
1,1469305465,1469305468,3
1,1469305474,1469305491,17
4,1469305492,1469305524,32
1,1469305499,1469305506,7
1,1469305510,1469305523,13
4,1469305524,1469305531,7
1,1469305528,1469305558,30
4,1469305532,1469305534,2
4,1469305539,1469305551,12
4,1469305551,1469305560,9
4,1469305560,1469305563,3
4,1469305563,1469305566,3
1,1469305564,1469305571,7
4,1469305567,1469305572,5
4,1469305573,1469305575,2
4,1469305575,1469305579,4
1,1469305577,1469305579,2
4,1469305579,1469305612,33
1,1469305590,1469305603,13
1,1469305614,1469305629,15
4,1469305623,1469305626,3
1,1469305634,1469305653,19
4,1469305638,1469305641,3
4,1469305642,1469305644,2
4,1469305645,1469305650,5
4,1469305650,1469305653,3
4,1469305654,1469305656,2
4,1469305656,1469305660,4
1,1469305657,1469305660,3
4,1469305661,1469305663,2
4,1469305663,1469305727,64
1,1469305665,1469305666,1
1,1469305693,1469305697,4
1,1469305701,1469305706,5
1,1469305717,1469305726,9
4,1469305728,1469305731,3
4,1469305733,1469305739,6
1,1469305735,1469305741,6
4,1469305741,1469305744,3
4,1469305745,1469305747,2
4,1469305747,1469305750,3
1,1469305748,1469305750,2
4,1469305750,1469305757,7
1,1469305754,1469305755,1
4,1469305757,1469305762,5
10,1469305758,1469305759,1
4,1469305762,1469305765,3
1,1469305763,1469305784,21
4,1469305769,1469305773,4
4,1469305773,1469305777,4
4,1469305777,1469305783,6
4,1469305787,1469305790,3
1,1469305788,1469305789,1
4,1469305790,1469305800,10
1,1469305793,1469305799,6
4,1469305802,1469305804,2
4,1469305804,1469305808,4
4,1469305808,1469305819,11
1,1469305814,1469305816,2
4,1469305819,1469305826,7
4,1469305826,1469305831,5
1,1469305827,1469305830,3
4,1469305831,1469305837,6
4,1469305837,1469305843,6
1,1469305841,1469305843,2
4,1469305847,1469305851,4
1,1469305848,1469305857,9
4,1469305853,1469305857,4
4,1469305857,1469305880,23
1,1469305873,1469305883,10
4,1469305883,1469305888,5
4,1469305894,1469305910,16
1,1469305896,1469305909,13
4,1469305918,1469305920,2
1,1469305921,1469305927,6
4,1469305925,1469305928,3
4,1469305932,1469305950,18
1,1469305934,1469305937,3
1,1469305941,1469305960,19
4,1469305951,1469305953,2
4,1469305963,1469305973,10
1,1469305969,1469305975,6
4,1469305973,1469305976,3
4,1469306001,1469306007,6
1,1469306022,1469306024,2
4,1469306024,1469306027,3
4,1469306027,1469306029,2
4,1469306029,1469306031,2
4,1469306031,1469306035,4
4,1469306036,1469306038,2
4,1469306039,1469306051,12
4,1469306051,1469306065,14
4,1469306068,1469306338,270
1,1469306101,1469306104,3
1,1469306327,1469306367,40
4,1469306338,1469306341,3
4,1469306347,1469306352,5
4,1469306360,1469306362,2
4,1469306370,1469306374,4
1,1469306371,1469306390,19
4,1469306379,1469306382,3
4,1469306382,1469306386,4
4,1469306386,1469306390,4
4,1469306390,1469306399,9
1,1469306393,1469306445,52
4,1469306400,1469306402,2
4,1469306410,1469306413,3
4,1469306426,1469306429,3
4,1469306449,1469306458,9
1,1469306460,1469306466,6
1,1469306470,1469306518,48
4,1469306475,1469306485,10
4,1469306492,1469306495,3
4,1469306508,1469306512,4
4,1469306518,1469306520,2
4,1469306520,1469306535,15
1,1469306532,1469306537,5
4,1469306535,1469306538,3
4,1469306538,1469306540,2
1,1469306541,1469306558,17
4,1469306546,1469306549,3
4,1469306555,1469306557,2
1,1469306568,1469306570,2
1,1469306575,1469306578,3
4,1469306579,1469306700,121
1,1469306595,1469306600,5
1,1469306619,1469306620,1
1,1469306681,1469306683,2
1,1469306697,1469306698,1
4,1469306700,1469306703,3
10,1469306701,1469306703,2
4,1469306703,1469306706,3
10,1469306704,1469306705,1
4,1469306706,1469306710,4
10,1469306707,1469306710,3
4,1469306710,1469306717,7
4,1469306717,1469306719,2
10,1469306718,1469306720,2
4,1469306720,1469306722,2
4,1469306724,1469306729,5
4,1469306730,1469306733,3
4,1469306733,1469306735,2
4,1469306736,1469306739,3
4,1469306739,1469306742,3
4,1469306742,1469306748,6
4,1469306748,1469306750,2
4,1469306751,1469306765,14
1,1469306758,1469306762,4
4,1469306766,1469306775,9
10,1469306767,1469306768,1
4,1469306775,1469306778,3
1,1469306779,1469306792,13
4,1469306782,1469306789,7
10,1469306784,1469306786,2
4,1469306789,1469306793,4
4,1469306793,1469306798,5
10,1469306796,1469306798,2
1,1469306797,1469306798,1
4,1469306798,1469306803,5
10,1469306801,1469306803,2
1,1469306805,1469306813,8
4,1469306809,1469306814,5
4,1469306814,1469306822,8
1,1469306817,1469306824,7
4,1469306822,1469306829,7
4,1469306829,1469306839,10
1,1469306831,1469306836,5
4,1469306839,1469306849,10
1,1469306844,1469306848,4
4,1469306849,1469306851,2
4,1469306851,1469306853,2
4,1469306853,1469306903,50
10,1469306854,1469306863,9
1,1469306856,1469306863,7
1,1469306868,1469306872,4
1,1469306877,1469306879,2
1,1469306888,1469306892,4
4,1469306905,1469306908,3
4,1469306908,1469306910,2
4,1469306911,1469306915,4
10,1469306914,1469306915,1
4,1469306916,1469306922,6
1,1469306918,1469306922,4
4,1469306922,1469306925,3
4,1469306925,1469306929,4
1,1469306926,1469306927,1
10,1469306928,1469306929,1
4,1469306929,1469306931,2
4,1469306932,1469306935,3
4,1469306935,1469306937,2
10,1469306936,1469306937,1
4,1469306938,1469306942,4
10,1469306940,1469306941,1
1,1469306940,1469306942,2
4,1469306942,1469306969,27
10,1469306943,1469306944,1
1,1469306952,1469306956,4
4,1469306976,1469307019,43
1,1469306993,1469307000,7
1,1469307008,1469307010,2
1,1469307016,1469307017,1
4,1469307020,1469307024,4
10,1469307023,1469307024,1
4,1469307024,1469307028,4
10,1469307027,1469307028,1
4,1469307028,1469307030,2
4,1469307030,1469307032,2
4,1469307033,1469307036,3
10,1469307034,1469307035,1
4,1469307036,1469307045,9
1,1469307040,1469307045,5
4,1469307046,1469307051,5
1,1469307048,1469307054,6
4,1469307053,1469307072,19
1,1469307064,1469307066,2
4,1469307072,1469307075,3
4,1469307075,1469307080,5
10,1469307076,1469307078,2
10,1469307079,1469307080,1
4,1469307081,1469307084,3
10,1469307082,1469307084,2
4,1469307085,1469307087,2
4,1469307088,1469307090,2
1,1469307088,1469307093,5
1,1469307100,1469307109,9
4,1469307102,1469307106,4
4,1469307110,1469307115,5
1,1469307116,1469307122,6
4,1469307118,1469307121,3
1,1469307139,1469307142,3
1,1469307162,1469307165,3
1,1469307176,1469307177,1
4,1469307179,1469307183,4
4,1469307184,1469307203,19
1,1469307219,1469307220,1
4,1469307221,1469307223,2
4,1469307224,1469307226,2
4,1469307226,1469307229,3
10,1469307228,1469307230,2
4,1469307229,1469307233,4
4,1469307233,1469307254,21
4,1469307255,1469307257,2
4,1469307257,1469307269,12
4,1469307269,1469307275,6
10,1469307272,1469307275,3
4,1469307275,1469307282,7
4,1469307282,1469307285,3
4,1469307285,1469307287,2
4,1469307287,1469307290,3
4,1469307290,1469307298,8
1,1469307294,1469307302,8
4,1469307300,1469307303,3
4,1469307303,1469307306,3
4,1469307310,1469307316,6
1,1469307314,1469307315,1
4,1469307316,1469307318,2
10,1469307316,1469307319,3
4,1469307320,1469307322,2
4,1469307322,1469307324,2
4,1469307325,1469307327,2
4,1469307327,1469307331,4
1,1469307328,1469307329,1
4,1469307333,1469307345,12
1,1469307337,1469307351,14
4,1469307351,1469307389,38
1,1469307385,1469307391,6
4,1469307389,1469307393,4
4,1469307394,1469307400,6
10,1469307395,1469307397,2
1,1469307395,1469307400,5
4,1469307401,1469307403,2
4,1469307403,1469307409,6
1,1469307407,1469307411,4
4,1469307410,1469307412,2
4,1469307412,1469307428,16
1,1469307417,1469307418,1
4,1469307428,1469307430,2
4,1469307432,1469307434,2
10,1469307433,1469307434,1
4,1469307434,1469307436,2
4,1469307436,1469307438,2
4,1469307441,1469307443,2
1,1469307442,1469307452,10
4,1469307444,1469307446,2
4,1469307447,1469307449,2
4,1469307449,1469307453,4
4,1469307453,1469307456,3
4,1469307456,1469307458,2
4,1469307458,1469307461,3
1,1469307462,1469307531,69
4,1469307467,1469307471,4
4,1469307475,1469307480,5
4,1469307482,1469307487,5
4,1469307489,1469307493,4
4,1469307494,1469307498,4
4,1469307500,1469307505,5
4,1469307507,1469307512,5
4,1469307514,1469307519,5
4,1469307521,1469307525,4
4,1469307527,1469307531,4
4,1469307532,1469307534,2
1,1469307535,1469307572,37
4,1469307541,1469307546,5
4,1469307548,1469307552,4
4,1469307554,1469307559,5
4,1469307560,1469307564,4
4,1469307567,1469307570,3
4,1469307573,1469307577,4
4,1469307577,1469307596,19
1,1469307578,1469307583,5
1,1469307590,1469307595,5
4,1469307598,1469307602,4
10,1469307604,1469307606,2
4,1469307606,1469307610,4
4,1469307610,1469307616,6
4,1469307616,1469307618,2
1,1469307669,1469307673,4
4,1469307673,1469307675,2
4,1469307676,1469307682,6
10,1469307678,1469307679,1
1,1469307678,1469307681,3
4,1469307682,1469307685,3
4,1469307685,1469307688,3
4,1469307688,1469307696,8
10,1469307690,1469307691,1
1,1469307690,1469307705,15
1,1469307708,1469307712,4
4,1469307713,1469307717,4
10,1469307714,1469307717,3
4,1469307717,1469307723,6
10,1469307717,1469307718,1
1,1469307719,1469307727,8
4,1469307725,1469307727,2
4,1469307727,1469307737,10
10,1469307730,1469307731,1
1,1469307731,1469307737,6
4,1469307738,1469307746,8
1,1469307744,1469307746,2
4,1469307749,1469307755,6
1,1469307750,1469307768,18
4,1469307757,1469307759,2
4,1469307761,1469307765,4
4,1469307765,1469307769,4
4,1469307769,1469307771,2
1,1469307772,1469307773,1
4,1469307774,1469307776,2
10,1469307777,1469307778,1
1,1469307777,1469307784,7
4,1469307782,1469307785,3
1,1469307802,1469307814,12
4,1469307806,1469307808,2
4,1469307812,1469307815,3
1,1469307817,1469307827,10
4,1469307819,1469307995,176
1,1469307926,1469307934,8
1,1469307938,1469307945,7
14,1469307944,1469307947,3
1,1469307949,1469307957,8
1,1469307982,1469307985,3
1,1469307989,1469308000,11
4,1469307996,1469307998,2
4,1469307998,1469308024,26
1,1469308004,1469308010,6
14,1469308008,1469308016,8
1,1469308018,1469308025,7
4,1469308024,1469308140,116
1,1469308030,1469308034,4
14,1469308034,1469308041,7
1,1469308053,1469308055,2
1,1469308066,1469308068,2
1,1469308087,1469308089,2
1,1469308096,1469308108,12
1,1469308113,1469308118,5
1,1469308121,1469308170,49
4,1469308159,1469308163,4
4,1469308171,1469308188,17
1,1469308174,1469308181,7
4,1469308188,1469308301,113
1,1469308190,1469308196,6
1,1469308215,1469308217,2
1,1469308226,1469308234,8
1,1469308238,1469308242,4
1,1469308283,1469308304,21
4,1469308301,1469308306,5
4,1469308306,1469308309,3
4,1469308310,1469308316,6
1,1469308312,1469308314,2
1,1469308318,1469308321,3
4,1469308322,1469308327,5
4,1469308332,1469308344,12
4,1469308346,1469308359,13
1,1469308355,1469308368,13
4,1469308359,1469308362,3
4,1469308365,1469308367,2
1,1469308372,1469308382,10
4,1469308374,1469308377,3
4,1469308378,1469308394,16
10,1469308380,1469308392,12
1,1469308391,1469308400,9
4,1469308394,1469308399,5
1,1469308404,1469308406,2
4,1469308407,1469308409,2
4,1469308410,1469308413,3
10,1469308411,1469308414,3
4,1469308413,1469308416,3
4,1469308416,1469308425,9
1,1469308418,1469308445,27
4,1469308434,1469308438,4
4,1469308441,1469308456,15
1,1469308448,1469308456,8
4,1469308457,1469308459,2
4,1469308459,1469308462,3
1,1469308460,1469308472,12
4,1469308464,1469308468,4
1,1469308476,1469308483,7
1,1469308486,1469308499,13
4,1469308490,1469308493,3
4,1469308495,1469308504,9
4,1469308506,1469308510,4
1,1469308507,1469308514,7
4,1469308511,1469308515,4
4,1469308515,1469308517,2
4,1469308518,1469308534,16
10,1469308518,1469308519,1
1,1469308520,1469308532,12
4,1469308534,1469308538,4
10,1469308535,1469308537,2
1,1469308535,1469308537,2
4,1469308538,1469308544,6
1,1469308541,1469308548,7
4,1469308546,1469308549,3
4,1469308549,1469308553,4
1,1469308551,1469308558,7
4,1469308554,1469308556,2
4,1469308558,1469308568,10
1,1469308561,1469308587,26
10,1469308562,1469308565,3
4,1469308568,1469308571,3
4,1469308571,1469308580,9
10,1469308573,1469308577,4
4,1469308584,1469308587,3
4,1469308588,1469308593,5
1,1469308590,1469308593,3
10,1469308591,1469308593,2
4,1469308593,1469308595,2
10,1469308596,1469308599,3
4,1469308600,1469308608,8
10,1469308601,1469308608,7
4,1469308608,1469308614,6
1,1469308611,1469308630,19
4,1469308622,1469308628,6
4,1469308628,1469308631,3
4,1469308631,1469308633,2
4,1469308634,1469308637,3
10,1469308635,1469308636,1
4,1469308638,1469308645,7
10,1469308640,1469308643,3
1,1469308640,1469308648,8
4,1469308647,1469308649,2
4,1469308649,1469308652,3
4,1469308652,1469308655,3
4,1469308655,1469308660,5
10,1469308657,1469308660,3
4,1469308660,1469308663,3
4,1469308663,1469308668,5
1,1469308665,1469308668,3
4,1469308671,1469308674,3
1,1469308672,1469308675,3
1,1469308679,1469308683,4
4,1469308686,1469308694,8
1,1469308687,1469308692,5
4,1469308695,1469308701,6
1,1469308702,1469308718,16
4,1469308705,1469308711,6
4,1469308711,1469308716,5
4,1469308716,1469308720,4
4,1469308722,1469308727,5
1,1469308726,1469308727,1
4,1469308728,1469308730,2
1,1469308731,1469308741,10
4,1469308733,1469308738,5
4,1469308741,1469308827,86
1,1469308757,1469308760,3
1,1469308786,1469308787,1
1,1469308799,1469308800,1
1,1469308803,1469308809,6
1,1469308814,1469308819,5
1,1469308822,1469308825,3
4,1469308827,1469308959,132
1,1469308830,1469308840,10
1,1469308846,1469308849,3
14,1469308849,1469308860,11
1,1469308863,1469308867,4
1,1469308871,1469308880,9
1,1469308896,1469308898,2
1,1469308922,1469308935,13
1,1469308951,1469308958,7
4,1469308961,1469309050,89
1,1469309045,1469309048,3
4,1469309050,1469309053,3
1,1469309055,1469309060,5
4,1469309057,1469309061,4
4,1469309066,1469309092,26
1,1469309070,1469309079,9
1,1469309090,1469309091,1
4,1469309092,1469309094,2
1,1469309098,1469309099,1
4,1469309100,1469309102,2
4,1469309104,1469309106,2
4,1469309106,1469309109,3
4,1469309109,1469309112,3
10,1469309111,1469309112,1
4,1469309112,1469309116,4
4,1469309117,1469309121,4
4,1469309122,1469309126,4
4,1469309129,1469309134,5
4,1469309135,1469309151,16
1,1469309140,1469309150,10
4,1469309151,1469309154,3
4,1469309154,1469309169,15
1,1469309157,1469309158,1
1,1469309167,1469309177,10
4,1469309174,1469309178,4
4,1469309178,1469309192,14
1,1469309181,1469309189,8
4,1469309194,1469309204,10
1,1469309202,1469309203,1
1,1469309215,1469309216,1
4,1469309217,1469309220,3
4,1469309220,1469309223,3
4,1469309223,1469309225,2
4,1469309225,1469309228,3
4,1469309229,1469309231,2
4,1469309231,1469309234,3
4,1469309235,1469309237,2
4,1469309237,1469309252,15
1,1469309242,1469309259,17
14,1469309258,1469309265,7
1,1469309266,1469309271,5
1,1469309277,1469309279,2
4,1469309280,1469309283,3
4,1469309286,1469309290,4
1,1469309289,1469309296,7
4,1469309298,1469309300,2
4,1469309300,1469309305,5
4,1469309310,1469309317,7
10,1469309312,1469309313,1
4,1469309317,1469309319,2
4,1469309320,1469309333,13
1,1469309322,1469309332,10
4,1469309333,1469309335,2
1,1469309338,1469309349,11
4,1469309341,1469309366,25
14,1469309348,1469309355,7
1,1469309357,1469309364,7
4,1469309366,1469309375,9
1,1469309368,1469309373,5
10,1469309369,1469309371,2
1,1469309383,1469309392,9
4,1469309384,1469309387,3
4,1469309392,1469309396,4
4,1469309396,1469309404,8
1,1469309400,1469309402,2
4,1469309406,1469309408,2
4,1469309409,1469309419,10
1,1469309412,1469309428,16
4,1469309421,1469309428,7
4,1469309437,1469309439,2
4,1469309439,1469309442,3
4,1469309443,1469309445,2
4,1469309445,1469309447,2
4,1469309447,1469309450,3
4,1469309450,1469309452,2
4,1469309453,1469309455,2
4,1469309455,1469309465,10
1,1469309461,1469309464,3
4,1469309465,1469309472,7
1,1469309468,1469309470,2
4,1469309478,1469309485,7
10,1469309479,1469309481,2
1,1469309480,1469309493,13
4,1469309485,1469309520,35
14,1469309492,1469309499,7
1,1469309501,1469309520,19
4,1469309521,1469309523,2
10,1469309521,1469309524,3
4,1469309524,1469309527,3
10,1469309525,1469309527,2
1,1469309528,1469309540,12
4,1469309531,1469309533,2
4,1469309534,1469309536,2
4,1469309538,1469309540,2
4,1469309540,1469309544,4
4,1469309544,1469309550,6
4,1469309550,1469309600,50
1,1469309553,1469309558,5
14,1469309557,1469309564,7
1,1469309566,1469309569,3
1,1469309573,1469309583,10
1,1469309589,1469309592,3
1,1469309595,1469309598,3
1,1469309601,1469309607,6
1,1469309624,1469309629,5
1,1469309650,1469309693,43
4,1469309655,1469309660,5
4,1469309660,1469309663,3
4,1469309675,1469309688,13
4,1469309694,1469309696,2
4,1469309696,1469309701,5
4,1469309701,1469309704,3
10,1469309705,1469309707,2
4,1469309707,1469309709,2
4,1469309711,1469309715,4
4,1469309715,1469309718,3
4,1469309719,1469309722,3
4,1469309727,1469309730,3
4,1469309730,1469309733,3
1,1469309730,1469309735,5
4,1469309736,1469309741,5
1,1469309754,1469309762,8
14,1469309762,1469309769,7
1,1469309775,1469309782,7
1,1469309795,1469309800,5
14,1469309800,1469309914,114
11,1469309803,1469309809,6
1,1469309803,1469309806,3
4,1469309805,1469309807,2
4,1469309807,1469309809,2
11,1469309809,1469309911,102
1,1469309811,1469309820,9
1,1469309833,1469309839,6
1,1469309844,1469309851,7
1,1469309870,1469309871,1
1,1469309901,1469309923,22
11,1469309911,1469309914,3
4,1469309912,1469309914,2
5,1469309913,1469309914,1
1,1469309960,1469309970,10
1,1469309988,1469309990,2
1,1469309995,1469310007,12
1,1469310011,1469310019,8
4,1469310016,1469310020,4
4,1469310020,1469310022,2
4,1469310022,1469310031,9
10,1469310024,1469310025,1
1,1469310025,1469310030,5
4,1469310036,1469310041,5
1,1469310046,1469310047,1
4,1469310048,1469310050,2
4,1469310051,1469310053,2
10,1469310052,1469310053,1
4,1469310053,1469310057,4
1,1469310056,1469310069,13
4,1469310062,1469310067,5
4,1469310067,1469310070,3
4,1469310070,1469310073,3
4,1469310073,1469310076,3
4,1469310077,1469310083,6
1,1469310079,1469310081,2
4,1469310083,1469310085,2
10,1469310084,1469310085,1
4,1469310085,1469310087,2
10,1469310088,1469310090,2
4,1469310090,1469310092,2
4,1469310094,1469310097,3
10,1469310096,1469310097,1
4,1469310097,1469310101,4
10,1469310099,1469310101,2
4,1469310101,1469310105,4
4,1469310106,1469310108,2
4,1469310108,1469310111,3
10,1469310110,1469310111,1
4,1469310111,1469310115,4
10,1469310113,1469310115,2
4,1469310115,1469310118,3
4,1469310118,1469310120,2
4,1469310120,1469310125,5
10,1469310123,1469310125,2
4,1469310125,1469310127,2
4,1469310127,1469310129,2
4,1469310129,1469310132,3
10,1469310131,1469310132,1
4,1469310132,1469310135,3
10,1469310134,1469310135,1
4,1469310135,1469310142,7
10,1469310135,1469310142,7
4,1469310142,1469310145,3
4,1469310145,1469310148,3
4,1469310148,1469310151,3
1,1469310149,1469310150,1
4,1469310151,1469310155,4
10,1469310153,1469310155,2
4,1469310155,1469310158,3
4,1469310159,1469310162,3
1,1469310160,1469310161,1
4,1469310162,1469310170,8
1,1469310165,1469310183,18
4,1469310171,1469310173,2
4,1469310174,1469310177,3
4,1469310177,1469310180,3
4,1469310181,1469310184,3
4,1469310188,1469310203,15
1,1469310196,1469310221,25
4,1469310208,1469310213,5
4,1469310214,1469310218,4
4,1469310222,1469310225,3
4,1469310225,1469310229,4
1,1469310227,1469310232,5
4,1469310229,1469310256,27
10,1469310230,1469310231,1
1,1469310236,1469310244,8
1,1469310251,1469310267,16
4,1469310261,1469310265,4
4,1469310265,1469310268,3
4,1469310268,1469310291,23
10,1469310270,1469310272,2
1,1469310273,1469310276,3
1,1469310287,1469310292,5
4,1469310291,1469310299,8
4,1469310299,1469310302,3
10,1469310301,1469310302,1
4,1469310303,1469310305,2
10,1469310304,1469310305,1
4,1469310305,1469310308,3
4,1469310312,1469310319,7
1,1469310316,1469310317,1
4,1469310319,1469310325,6
10,1469310321,1469310325,4
4,1469310326,1469310331,5
1,1469310328,1469310333,5
4,1469310331,1469310334,3
4,1469310335,1469310338,3
10,1469310336,1469310338,2
1,1469310339,1469310342,3
4,1469310341,1469310343,2
4,1469310344,1469310346,2
10,1469310345,1469310346,1
4,1469310348,1469310350,2
1,1469310349,1469310350,1
4,1469310350,1469310355,5
10,1469310352,1469310355,3
4,1469310357,1469310360,3
1,1469310358,1469310359,1
10,1469310361,1469310363,2
4,1469310363,1469310367,4
4,1469310368,1469310370,2
1,1469310368,1469310369,1
10,1469310371,1469310374,3
4,1469310374,1469310376,2
4,1469310376,1469310379,3
10,1469310380,1469310397,17
4,1469310397,1469310401,4
1,1469310398,1469310400,2
4,1469310401,1469310428,27
10,1469310403,1469310409,6
1,1469310416,1469310427,11
4,1469310428,1469310431,3
4,1469310431,1469310439,8
10,1469310431,1469310436,5
4,1469310439,1469310441,2
4,1469310441,1469310443,2
4,1469310446,1469310449,3
4,1469310449,1469310453,4
10,1469310451,1469310453,2
4,1469310454,1469310458,4
1,1469310455,1469310457,2
4,1469310461,1469310464,3
1,1469310462,1469310463,1
4,1469310464,1469310472,8
10,1469310466,1469310472,6
4,1469310475,1469310478,3
10,1469310476,1469310478,2
4,1469310480,1469310483,3
1,1469310481,1469310482,1
4,1469310483,1469310488,5
10,1469310484,1469310488,4
1,1469310485,1469310504,19
4,1469310491,1469310500,9
10,1469310494,1469310500,6
4,1469310503,1469310505,2
4,1469310505,1469310507,2
1,1469310509,1469310511,2
4,1469310512,1469310514,2
4,1469310514,1469310518,4
1,1469310515,1469310519,4
1,1469310529,1469310532,3
1,1469310538,1469310558,20
1,1469310592,1469310595,3
1,1469310602,1469310606,4
1,1469310628,1469310629,1
1,1469310633,1469310635,2
1,1469310639,1469310669,30
14,1469310659,1469310666,7
14,1469310668,1469310671,3
1,1469310674,1469310681,7
1,1469310721,1469310723,2
1,1469310746,1469310752,6
1,1469310757,1469310760,3
1,1469310780,1469310785,5
1,1469310789,1469310797,8
1,1469310822,1469310824,2
1,1469310834,1469310837,3
1,1469310847,1469310859,12
4,1469310853,1469310860,7
4,1469310861,1469310863,2
4,1469310865,1469310872,7
1,1469310868,1469310876,8
4,1469310876,1469310881,5
1,1469310879,1469310912,33
4,1469310881,1469310886,5
4,1469310886,1469310889,3
4,1469310893,1469310897,4
4,1469310897,1469310902,5
4,1469310902,1469310907,5
4,1469310910,1469310913,3
1,1469310916,1469310939,23
4,1469310925,1469310933,8
4,1469310940,1469310942,2
4,1469310942,1469310945,3
1,1469310947,1469310949,2
4,1469310950,1469310954,4
1,1469310953,1469310979,26
4,1469310956,1469310960,4
4,1469310961,1469310964,3
4,1469310964,1469310968,4
4,1469310968,1469310971,3
4,1469310975,1469310979,4
4,1469310979,1469310981,2
4,1469310981,1469310983,2
1,1469310982,1469310985,3
4,1469310985,1469311001,16
1,1469310989,1469311003,14
4,1469311002,1469311004,2
4,1469311004,1469311008,4
4,1469311008,1469311010,2
4,1469311010,1469311028,18
1,1469311015,1469311032,17
4,1469311030,1469311033,3
4,1469311033,1469311045,12
1,1469311038,1469311044,6
4,1469311047,1469311053,6
4,1469311053,1469311055,2
4,1469311055,1469311061,6
1,1469311058,1469311067,9
4,1469311062,1469311064,2
4,1469311064,1469311068,4
4,1469311068,1469311079,11
1,1469311072,1469311085,13
4,1469311081,1469311084,3
4,1469311085,1469311089,4
1,1469311088,1469311091,3
4,1469311092,1469311097,5
4,1469311097,1469311103,6
1,1469311099,1469311102,3
4,1469311103,1469311106,3
4,1469311106,1469311159,53
1,1469311108,1469311110,2
1,1469311119,1469311121,2
1,1469311133,1469311138,5
1,1469311142,1469311146,4
1,1469311150,1469311158,8
1,1469311161,1469311162,1
1,1469311168,1469311170,2
1,1469311185,1469311209,24
4,1469311188,1469311196,8
4,1469311208,1469311211,3
1,1469311213,1469311216,3
4,1469311217,1469311220,3
4,1469311222,1469311331,109
1,1469311228,1469311233,5
14,1469311233,1469311241,8
1,1469311246,1469311247,1
1,1469311273,1469311274,1
1,1469311292,1469311298,6
1,1469311312,1469311327,15
14,1469311327,1469311538,211
11,1469311330,1469311335,5
4,1469311331,1469311334,3
11,1469311335,1469311538,203
4,1469311336,1469311463,127
1,1469311336,1469311348,12
1,1469311355,1469311395,40
1,1469311405,1469311413,8
1,1469311418,1469311433,15
1,1469311441,1469311446,5
1,1469311456,1469311461,5
4,1469311464,1469311467,3
10,1469311465,1469311467,2
4,1469311468,1469311487,19
1,1469311474,1469311475,1
1,1469311492,1469311499,7
4,1469311493,1469311508,15
1,1469311505,1469311508,3
4,1469311509,1469311516,7
10,1469311510,1469311511,1
1,1469311512,1469311515,3
4,1469311516,1469311539,23
1,1469311519,1469311546,27
14,1469311544,1469311552,8
1,1469311559,1469311562,3
1,1469311566,1469311576,10
4,1469311577,1469311580,3
10,1469311579,1469311580,1
4,1469311589,1469311630,41
1,1469311590,1469311596,6
14,1469311595,1469311603,8
1,1469311607,1469311610,3
1,1469311616,1469311619,3
1,1469311622,1469311624,2
1,1469311628,1469311630,2
4,1469311631,1469311633,2
4,1469311634,1469311639,5
10,1469311634,1469311639,5
4,1469311639,1469311641,2
4,1469311641,1469311650,9
10,1469311642,1469311645,3
4,1469311650,1469311653,3
4,1469311653,1469311655,2
4,1469311655,1469311658,3
4,1469311659,1469311662,3
10,1469311661,1469311663,2
4,1469311662,1469311665,3
4,1469311665,1469311688,23
10,1469311667,1469311684,17
1,1469311698,1469311713,15
1,1469311733,1469311750,17
4,1469311753,1469311755,2
4,1469311756,1469311763,7
10,1469311758,1469311763,5
10,1469311764,1469311766,2
4,1469311766,1469311769,3
10,1469311767,1469311769,2
4,1469311769,1469311772,3
4,1469311772,1469311776,4
10,1469311774,1469311776,2
4,1469311776,1469311778,2
10,1469311777,1469311778,1
4,1469311778,1469311784,6
4,1469311786,1469311788,2
10,1469311787,1469311788,1
4,1469311789,1469311791,2
4,1469311792,1469311794,2
4,1469311794,1469311796,2
4,1469311797,1469311799,2
4,1469311805,1469311807,2
4,1469311808,1469311811,3
4,1469311811,1469311814,3
4,1469311815,1469311817,2
4,1469311818,1469311820,2
10,1469311819,1469311820,1
4,1469311821,1469311823,2
4,1469311823,1469311826,3
10,1469311824,1469311826,2
4,1469311826,1469311830,4
1,1469311828,1469311830,2
4,1469311830,1469311838,8
1,1469311833,1469311835,2
4,1469311839,1469311844,5
10,1469311840,1469311844,4
4,1469311844,1469311848,4
4,1469311848,1469311851,3
10,1469311849,1469311850,1
4,1469311857,1469311862,5
10,1469311859,1469311862,3
4,1469311862,1469311864,2
4,1469311864,1469311903,39
1,1469311877,1469311880,3
1,1469311884,1469311908,24
4,1469311903,1469311909,6
4,1469311910,1469311913,3
10,1469311911,1469311913,2
1,1469311912,1469311927,15
4,1469311913,1469311918,5
10,1469311914,1469311916,2
10,1469311916,1469311918,2
4,1469311921,1469311929,8
1,1469311931,1469311941,10
4,1469311937,1469311944,7
4,1469311944,1469311946,2
4,1469311947,1469311978,31
1,1469311949,1469311968,19
14,1469311967,1469311984,17
11,1469311977,1469311984,7
4,1469311978,1469311981,3
4,1469311981,1469311984,3
5,1469311982,1469311984,2
1,1469311987,1469311989,2
14,1469311989,1469312000,11
11,1469311992,1469312000,8
1,1469311993,1469312000,7
4,1469311994,1469311996,2
4,1469311998,1469312000,2
5,1469311998,1469312000,2
1,1469312013,1469312019,6
4,1469312020,1469312024,4
10,1469312023,1469312024,1
4,1469312024,1469312027,3
10,1469312026,1469312027,1
4,1469312027,1469312034,7
1,1469312028,1469312043,15
4,1469312038,1469312044,6
4,1469312044,1469312066,22
1,1469312052,1469312058,6
14,1469312058,1469312155,97
11,1469312065,1469312071,6
1,1469312067,1469312068,1
4,1469312067,1469312071,4
11,1469312071,1469312075,4
1,1469312072,1469312077,5
11,1469312076,1469312082,6
11,1469312082,1469312095,13
1,1469312095,1469312097,2
11,1469312095,1469312096,1
4,1469312095,1469312156,61
11,1469312096,1469312097,1
11,1469312097,1469312105,8
1,1469312102,1469312109,7
11,1469312106,1469312107,1
11,1469312107,1469312109,2
11,1469312109,1469312123,14
1,1469312123,1469312128,5
11,1469312124,1469312125,1
11,1469312125,1469312155,30
1,1469312147,1469312148,1
1,1469312153,1469312160,7
5,1469312153,1469312155,2
4,1469312161,1469312164,3
4,1469312164,1469312167,3
4,1469312167,1469312173,6
10,1469312170,1469312172,2
4,1469312173,1469312176,3
4,1469312176,1469312178,2
4,1469312179,1469312183,4
4,1469312183,1469312186,3
10,1469312185,1469312186,1
4,1469312186,1469312188,2
4,1469312188,1469312191,3
10,1469312189,1469312190,1
4,1469312191,1469312194,3
10,1469312192,1469312194,2
4,1469312194,1469312196,2
4,1469312196,1469312199,3
4,1469312200,1469312205,5
4,1469312208,1469312211,3
4,1469312212,1469312214,2
4,1469312216,1469312219,3
4,1469312219,1469312221,2
4,1469312222,1469312228,6
4,1469312228,1469312231,3
4,1469312231,1469312234,3
4,1469312234,1469312239,5
1,1469312241,1469312245,4
4,1469312247,1469312251,4
10,1469312249,1469312251,2
4,1469312251,1469312254,3
10,1469312252,1469312254,2
4,1469312254,1469312256,2
10,1469312258,1469312259,1
4,1469312259,1469312277,18
1,1469312263,1469312278,15
4,1469312278,1469312281,3
4,1469312281,1469312286,5
1,1469312282,1469312293,11
4,1469312286,1469312289,3
4,1469312290,1469312294,4
4,1469312300,1469312303,3
1,1469312300,1469312303,3
4,1469312303,1469312521,218
1,1469312517,1469312520,3
4,1469312523,1469312527,4
4,1469312529,1469312531,2
4,1469312531,1469312534,3
10,1469312532,1469312534,2
4,1469312535,1469312538,3
4,1469312539,1469312542,3
10,1469312540,1469312542,2
4,1469312542,1469312545,3
4,1469312545,1469312548,3
4,1469312550,1469312552,2
10,1469312553,1469312555,2
1,1469312559,1469312561,2
4,1469312563,1469312576,13
1,1469312575,1469312578,3
1,1469312591,1469312595,4
1,1469312608,1469312610,2
1,1469312616,1469312630,14
4,1469312631,1469312633,2
4,1469312633,1469312638,5
1,1469312635,1469312637,2
4,1469312638,1469312640,2
4,1469312641,1469312647,6
1,1469312643,1469312647,4
4,1469312647,1469312650,3
10,1469312649,1469312651,2
4,1469312652,1469312654,2
4,1469312654,1469312659,5
1,1469312657,1469312662,5
4,1469312660,1469312671,11
1,1469312675,1469312677,2
1,1469312715,1469312722,7
4,1469312725,1469312728,3
4,1469312728,1469312739,11
1,1469312731,1469312742,11
4,1469312746,1469312749,3
4,1469312751,1469312755,4
10,1469312752,1469312754,2
4,1469312756,1469312760,4
4,1469312760,1469312763,3
4,1469312763,1469312766,3
4,1469312766,1469312783,17
1,1469312771,1469312792,21
4,1469312784,1469312786,2
4,1469312789,1469312792,3
1,1469312795,1469312798,3
4,1469312799,1469312801,2
4,1469312801,1469312805,4
10,1469312801,1469312803,2
4,1469312805,1469312808,3
4,1469312808,1469312812,4
4,1469312812,1469312814,2
4,1469312814,1469312818,4
10,1469312815,1469312818,3
4,1469312818,1469312821,3
4,1469312821,1469312824,3
4,1469312824,1469312826,2
4,1469312826,1469312828,2
4,1469312830,1469312832,2
4,1469312833,1469312836,3
1,1469312838,1469312840,2
4,1469312841,1469312850,9
10,1469312842,1469312844,2
1,1469312846,1469312851,5
4,1469312850,1469312853,3
4,1469312854,1469312868,14
1,1469312859,1469312886,27
4,1469312870,1469312874,4
4,1469312874,1469312876,2
4,1469312877,1469312885,8
10,1469312878,1469312883,5
4,1469312887,1469312889,2
4,1469312889,1469312891,2
4,1469312891,1469312923,32
1,1469312913,1469312915,2
1,1469312919,1469312922,3
4,1469312923,1469312929,6
1,1469312926,1469312927,1
4,1469312929,1469312935,6
10,1469312932,1469312935,3
4,1469312935,1469312943,8
1,1469312938,1469312954,16
4,1469312943,1469312946,3
4,1469312946,1469312955,9
10,1469312947,1469312949,2
4,1469312955,1469312961,6
1,1469312957,1469312967,10
4,1469312963,1469312974,11
1,1469312971,1469312975,4
4,1469312975,1469312977,2
4,1469312978,1469312980,2
4,1469312980,1469312983,3
1,1469312985,1469312991,6
4,1469312992,1469312996,4
4,1469312998,1469313000,2
4,1469313000,1469313002,2
4,1469313002,1469313006,4
4,1469313007,1469313011,4
4,1469313011,1469313016,5
1,1469313014,1469313035,21
4,1469313016,1469313020,4
4,1469313020,1469313024,4
4,1469313024,1469313027,3
4,1469313027,1469313030,3
4,1469313030,1469313033,3
4,1469313034,1469313036,2
4,1469313036,1469313044,8
1,1469313039,1469313053,14
4,1469313048,1469313052,4
4,1469313057,1469313067,10
1,1469313060,1469313083,23
4,1469313070,1469313074,4
14,1469313083,1469313094,11
1,1469313087,1469313106,19
1,1469313109,1469313115,6
4,1469313117,1469313119,2
4,1469313119,1469313197,78
1,1469313126,1469313160,34
14,1469313158,1469313165,7
1,1469313166,1469313180,14
4,1469313197,1469313199,2
4,1469313199,1469313214,15
1,1469313209,1469313212,3
4,1469313214,1469313223,9
1,1469313215,1469313221,6
1,1469313226,1469313233,7
14,1469313230,1469313237,7
1,1469313238,1469313252,14
4,1469313254,1469313264,10
1,1469313257,1469313272,15
4,1469313266,1469313325,59
14,1469313271,1469313280,9
1,1469313285,1469313296,11
1,1469313300,1469313306,6
14,1469313306,1469313308,2
1,1469313309,1469313328,19
4,1469313326,1469313329,3
4,1469313330,1469313336,6
1,1469313342,1469313344,2
14,1469313344,1469313351,7
1,1469313353,1469313359,6
4,1469313360,1469313421,61
1,1469313363,1469313371,8
14,1469313366,1469313374,8
1,1469313375,1469313380,5
1,1469313398,1469313409,11
1,1469313413,1469313417,4
10,1469313420,1469313421,1
4,1469313421,1469313431,10
1,1469313425,1469313428,3
4,1469313431,1469313434,3
4,1469313434,1469313440,6
1,1469313439,1469313442,3
4,1469313440,1469313478,38
1,1469313469,1469313492,23
4,1469313486,1469313494,8
4,1469313498,1469313502,4
1,1469313499,1469313511,12
10,1469313499,1469313501,2
4,1469313507,1469313509,2
4,1469313509,1469313515,6
1,1469313515,1469313525,10
4,1469313515,1469313704,189
14,1469313521,1469313530,9
1,1469313528,1469313535,7
1,1469313550,1469313554,4
1,1469313615,1469313618,3
1,1469313636,1469313654,18
14,1469313653,1469313656,3
1,1469313667,1469313668,1
1,1469313680,1469313685,5
1,1469313691,1469313703,12
4,1469313704,1469313707,3
4,1469313707,1469313710,3
4,1469313710,1469313712,2
10,1469313711,1469313712,1
4,1469313712,1469313715,3
4,1469313715,1469313719,4
10,1469313716,1469313717,1
4,1469313719,1469313723,4
10,1469313720,1469313723,3
4,1469313725,1469313727,2
4,1469313727,1469313736,9
1,1469313735,1469313745,10
4,1469313738,1469313856,118
14,1469313745,1469313752,7
1,1469313836,1469313841,5
1,1469313844,1469313855,11
1,1469313858,1469313863,5
14,1469313863,1469313871,8
1,1469313898,1469313909,11
1,1469314025,1469314036,11
14,1469314035,1469314430,395
11,1469314038,1469314044,6
4,1469314040,1469314042,2
4,1469314043,1469314060,17
11,1469314044,1469314059,15
1,1469314046,1469314050,4
1,1469314058,1469314066,8
11,1469314060,1469314430,370
4,1469314061,1469314254,193
1,1469314071,1469314073,2
1,1469314076,1469314080,4
1,1469314087,1469314093,6
1,1469314099,1469314122,23
1,1469314125,1469314152,27
1,1469314162,1469314175,13
1,1469314189,1469314191,2
1,1469314201,1469314204,3
1,1469314229,1469314231,2
1,1469314236,1469314262,26
4,1469314254,1469314260,6
4,1469314264,1469314267,3
4,1469314267,1469314297,30
1,1469314294,1469314296,2
1,1469314308,1469314317,9
1,1469314331,1469314339,8
4,1469314335,1469314361,26
1,1469314343,1469314394,51
4,1469314362,1469314414,52
1,1469314398,1469314420,22
4,1469314421,1469314430,9
1,1469314423,1469314426,3
5,1469314426,1469314430,4
1,1469314477,1469314482,5
1,1469314492,1469314495,3
4,1469314497,1469314500,3
4,1469314500,1469314509,9
1,1469314501,1469314504,3
1,1469314507,1469314509,2
1,1469314518,1469314520,2
4,1469314521,1469314524,3
4,1469314525,1469314531,6
4,1469314531,1469314534,3
4,1469314534,1469314537,3
4,1469314537,1469314545,8
1,1469314540,1469314548,8
4,1469314545,1469314548,3
4,1469314566,1469314569,3
4,1469314569,1469314572,3
4,1469314572,1469314577,5
4,1469314579,1469314583,4
4,1469314583,1469314585,2
4,1469314585,1469314588,3
4,1469314588,1469314593,5
1,1469314589,1469314591,2
4,1469314593,1469314595,2
4,1469314595,1469314598,3
4,1469314599,1469314601,2
4,1469314603,1469314609,6
4,1469314609,1469314612,3
4,1469314612,1469314615,3
4,1469314620,1469314626,6
4,1469314628,1469314633,5
4,1469314633,1469314636,3
4,1469314637,1469314640,3
4,1469314642,1469314645,3
4,1469314645,1469314652,7
4,1469314652,1469314657,5
1,1469314654,1469314720,66
4,1469314657,1469314664,7
4,1469314665,1469314683,18
4,1469314683,1469314687,4
4,1469314687,1469314691,4
4,1469314693,1469314697,4
4,1469314700,1469314705,5
4,1469314709,1469314711,2
4,1469314717,1469314721,4
4,1469314722,1469314728,6
1,1469314727,1469314735,8
4,1469314728,1469314736,8
4,1469314736,1469314740,4
4,1469314740,1469314767,27
1,1469314748,1469314758,10
14,1469314756,1469314766,10
1,1469314763,1469314774,11
4,1469314769,1469314774,5
1,1469314777,1469314783,6
4,1469314777,1469314835,58
1,1469314786,1469314788,2
1,1469314793,1469314804,11
1,1469314816,1469314819,3
1,1469314840,1469314841,1
4,1469314843,1469314875,32
10,1469314844,1469314846,2
1,1469314850,1469314875,25
4,1469314876,1469314883,7
1,1469314880,1469314886,6
4,1469314887,1469314889,2
4,1469314889,1469314893,4
1,1469314891,1469314892,1
4,1469314894,1469314897,3
10,1469314896,1469314897,1
4,1469314897,1469314900,3
10,1469314899,1469314900,1
4,1469314902,1469314904,2
4,1469314904,1469314910,6
4,1469314911,1469314913,2
4,1469314913,1469314915,2
4,1469314915,1469314921,6
10,1469314916,1469314921,5
4,1469314922,1469314924,2
10,1469314923,1469314925,2
4,1469314925,1469314928,3
4,1469314929,1469314933,4
10,1469314932,1469314933,1
4,1469314934,1469314962,28
4,1469314964,1469314966,2
4,1469314966,1469314972,6
10,1469314968,1469314972,4
4,1469314974,1469314976,2
4,1469314976,1469315001,25
10,1469314978,1469314980,2
4,1469315021,1469315026,5
1,1469315024,1469315025,1
4,1469315026,1469315028,2
4,1469315030,1469315034,4
1,1469315031,1469315038,7
4,1469315040,1469315044,4
1,1469315042,1469315049,7
4,1469315045,1469315049,4
4,1469315050,1469315106,56
10,1469315052,1469315054,2
1,1469315053,1469315072,19
1,1469315090,1469315095,5
1,1469315098,1469315101,3
4,1469315106,1469315108,2
4,1469315114,1469315116,2
4,1469315118,1469315125,7
10,1469315122,1469315125,3
1,1469315124,1469315133,9
4,1469315125,1469315131,6
4,1469315134,1469315151,17
1,1469315137,1469315140,3
1,1469315144,1469315150,6
4,1469315152,1469315157,5
1,1469315154,1469315161,7
4,1469315158,1469315162,4
4,1469315162,1469315164,2
4,1469315164,1469315172,8
4,1469315172,1469315178,6
1,1469315174,1469315180,6
4,1469315180,1469315182,2
4,1469315183,1469315185,2
4,1469315185,1469315191,6
10,1469315186,1469315188,2
1,1469315186,1469315194,8
4,1469315193,1469315222,29
1,1469315214,1469315217,3
1,1469315225,1469315233,8
14,1469315228,1469315238,10
1,1469315240,1469315245,5
1,1469315248,1469315257,9
4,1469315259,1469315266,7
4,1469315266,1469315271,5
10,1469315267,1469315269,2
4,1469315271,1469315276,5
10,1469315273,1469315276,3
4,1469315280,1469315283,3
4,1469315283,1469315286,3
10,1469315284,1469315286,2
4,1469315286,1469315304,18
4,1469315304,1469315307,3
4,1469315312,1469315321,9
10,1469315312,1469315313,1
4,1469315321,1469315327,6
10,1469315322,1469315325,3
4,1469315327,1469315330,3
1,1469315328,1469315336,8
4,1469315330,1469315340,10
4,1469315340,1469315344,4
10,1469315341,1469315342,1
4,1469315344,1469315348,4
1,1469315344,1469315355,11
4,1469315349,1469315352,3
4,1469315353,1469315358,5
4,1469315358,1469315360,2
10,1469315361,1469315362,1
4,1469315362,1469315366,4
4,1469315366,1469315368,2
4,1469315383,1469315403,20
4,1469315405,1469315407,2
10,1469315406,1469315408,2
4,1469315409,1469315420,11
4,1469315421,1469315423,2
4,1469315423,1469315426,3
4,1469315426,1469315430,4
4,1469315430,1469315435,5
4,1469315435,1469315440,5
4,1469315441,1469315447,6
4,1469315447,1469315450,3
10,1469315448,1469315449,1
4,1469315450,1469315454,4
4,1469315454,1469315457,3
4,1469315457,1469315459,2
4,1469315463,1469315467,4
4,1469315469,1469315475,6
4,1469315475,1469315477,2
4,1469315477,1469315479,2
4,1469315480,1469315483,3
4,1469315485,1469315488,3
4,1469315489,1469315495,6
10,1469315490,1469315494,4
4,1469315495,1469315525,30
4,1469315525,1469315527,2
4,1469315527,1469315534,7
1,1469315531,1469315533,2
4,1469315536,1469315542,6
10,1469315539,1469315542,3
10,1469315542,1469315544,2
4,1469315545,1469315551,6
10,1469315548,1469315551,3
4,1469315551,1469315555,4
4,1469315555,1469315559,4
4,1469315562,1469315566,4
4,1469315567,1469315569,2
4,1469315569,1469315613,44
10,1469315571,1469315577,6
1,1469315572,1469315593,21
1,1469315606,1469315619,13
4,1469315622,1469315625,3
4,1469315626,1469315630,4
1,1469315627,1469315635,8
1,1469315657,1469315658,1
1,1469315662,1469315702,40
4,1469315689,1469315693,4
4,1469315703,1469315706,3
10,1469315704,1469315706,2
4,1469315707,1469315736,29
10,1469315709,1469315712,3
1,1469315710,1469315712,2
1,1469315721,1469315733,12
4,1469315736,1469315738,2
4,1469315738,1469315741,3
4,1469315741,1469315752,11
1,1469315749,1469315751,2
4,1469315752,1469315756,4
10,1469315755,1469315756,1
4,1469315757,1469315765,8
1,1469315765,1469315768,3
4,1469315765,1469315772,7
4,1469315772,1469315776,4
4,1469315776,1469315779,3
4,1469315779,1469315781,2
4,1469315781,1469315784,3
1,1469315803,1469315819,16
4,1469315811,1469315814,3
1,1469315837,1469315839,2
4,1469315840,1469315869,29
1,1469315845,1469315857,12
1,1469315861,1469315864,3
4,1469315869,1469315917,48
10,1469315871,1469315873,2
1,1469315879,1469315885,6
14,1469315885,1469315892,7
1,1469315903,1469315913,10
14,1469315913,1469316102,189
11,1469315916,1469315923,7
4,1469315918,1469315920,2
4,1469315921,1469315924,3
11,1469315923,1469315960,37
1,1469315927,1469315932,5
1,1469315935,1469315960,25
11,1469315961,1469315966,5
4,1469315962,1469316057,95
1,1469315964,1469315992,28
11,1469315967,1469315968,1
11,1469315968,1469315970,2
11,1469315972,1469315974,2
11,1469315974,1469315975,1
11,1469315975,1469315976,1
11,1469315977,1469316102,125
1,1469316033,1469316037,4
1,1469316044,1469316057,13
4,1469316058,1469316060,2
10,1469316059,1469316060,1
4,1469316060,1469316064,4
1,1469316062,1469316064,2
4,1469316064,1469316067,3
4,1469316067,1469316069,2
1,1469316071,1469316078,7
4,1469316073,1469316076,3
4,1469316076,1469316079,3
4,1469316079,1469316086,7
4,1469316086,1469316103,17
1,1469316097,1469316112,15
14,1469316110,1469316119,9
1,1469316121,1469316130,9
1,1469316135,1469316141,6
1,1469316156,1469316172,16
4,1469316159,1469316189,30
10,1469316161,1469316163,2
14,1469316171,1469316177,6
1,1469316187,1469316190,3
4,1469316189,1469316214,25
1,1469316194,1469316220,26
14,1469316205,1469316212,7
4,1469316218,1469316221,3
4,1469316221,1469316227,6
1,1469316226,1469316240,14
4,1469316227,1469316306,79
14,1469316234,1469316242,8
1,1469316255,1469316263,8
1,1469316267,1469316274,7
1,1469316284,1469316286,2
1,1469316302,1469316303,1
4,1469316306,1469316309,3
4,1469316310,1469316312,2
4,1469316312,1469316314,2
4,1469316315,1469316319,4
4,1469316319,1469316324,5
10,1469316321,1469316322,1
4,1469316325,1469316330,5
1,1469316326,1469316333,7
4,1469316330,1469316335,5
4,1469316335,1469316340,5
10,1469316337,1469316339,2
10,1469316341,1469316342,1
4,1469316342,1469316346,4
10,1469316345,1469316346,1
4,1469316346,1469316349,3
4,1469316349,1469316352,3
4,1469316352,1469316363,11
10,1469316363,1469316365,2
4,1469316367,1469316370,3
4,1469316371,1469316375,4
10,1469316372,1469316374,2
4,1469316379,1469316382,3
4,1469316384,1469316386,2
10,1469316388,1469316389,1
4,1469316389,1469316391,2
4,1469316391,1469316393,2
4,1469316394,1469316396,2
4,1469316396,1469316400,4
4,1469316402,1469316404,2
4,1469316405,1469316407,2
4,1469316407,1469316410,3
4,1469316410,1469316413,3
4,1469316413,1469316419,6
4,1469316425,1469316428,3
10,1469316426,1469316427,1
4,1469316428,1469316430,2
4,1469316431,1469316433,2
10,1469316432,1469316433,1
4,1469316434,1469316438,4
4,1469316439,1469316441,2
4,1469316441,1469316443,2
4,1469316443,1469316450,7
4,1469316450,1469316457,7
10,1469316453,1469316455,2
4,1469316457,1469316463,6
4,1469316463,1469316466,3
4,1469316466,1469316470,4
4,1469316470,1469316472,2
10,1469316471,1469316472,1
4,1469316472,1469316476,4
4,1469316476,1469316480,4
4,1469316480,1469316482,2
10,1469316481,1469316482,1
4,1469316484,1469316486,2
4,1469316488,1469316491,3
4,1469316491,1469316500,9
10,1469316491,1469316494,3
1,1469316496,1469316505,9
4,1469316505,1469316508,3
4,1469316508,1469316574,66
1,1469316515,1469316519,4
14,1469316517,1469316527,10
1,1469316530,1469316533,3
1,1469316543,1469316544,1
1,1469316552,1469316553,1
1,1469316558,1469316560,2
1,1469316565,1469316570,5
14,1469316570,1469316599,29
11,1469316573,1469316578,5
1,1469316573,1469316575,2
4,1469316575,1469316577,2
11,1469316578,1469316599,21
1,1469316596,1469316600,4
5,1469316597,1469316599,2
4,1469316600,1469316602,2
4,1469316602,1469316611,9
4,1469316612,1469316615,3
4,1469316615,1469316618,3
4,1469316618,1469316621,3
4,1469316621,1469316663,42
1,1469316625,1469316632,7
14,1469316629,1469316638,9
1,1469316640,1469316645,5
1,1469316648,1469316666,18
4,1469316665,1469316670,5
4,1469316670,1469316744,74
1,1469316671,1469316673,2
1,1469316681,1469316688,7
14,1469316686,1469316694,8
1,1469316697,1469316702,5
14,1469316701,1469316704,3
1,1469316714,1469316720,6
1,1469316730,1469316731,1
1,1469316735,1469316741,6
14,1469316741,1469316838,97
11,1469316743,1469316749,6
4,1469316745,1469316747,2
11,1469316749,1469316827,78
1,1469316751,1469316753,2
1,1469316803,1469316805,2
1,1469316825,1469316847,22
11,1469316827,1469316831,4
4,1469316828,1469316839,11
11,1469316831,1469316838,7
5,1469316836,1469316838,2
1,1469316875,1469316883,8
1,1469316890,1469316896,6
4,1469316897,1469316900,3
10,1469316899,1469316900,1
4,1469316900,1469316903,3
4,1469316905,1469316908,3
4,1469316908,1469316913,5
4,1469316914,1469316917,3
1,1469316919,1469316920,1
4,1469316921,1469316924,3
10,1469316923,1469316924,1
4,1469316924,1469316929,5
10,1469316926,1469316929,3
4,1469316929,1469316934,5
4,1469316934,1469316936,2
4,1469316936,1469316938,2
4,1469316939,1469316946,7
4,1469316946,1469316949,3
4,1469316955,1469316973,18
1,1469316957,1469316961,4
4,1469316973,1469317012,39
1,1469316979,1469316981,2
1,1469316985,1469316989,4
1,1469317007,1469317021,14
4,1469317012,1469317016,4
4,1469317016,1469317045,29
10,1469317017,1469317019,2
1,1469317040,1469317043,3
4,1469317047,1469317051,4
1,1469317049,1469317064,15
4,1469317052,1469317058,6
10,1469317054,1469317055,1
4,1469317065,1469317077,12
4,1469317085,1469317102,17
1,1469317086,1469317087,1
1,1469317090,1469317101,11
4,1469317102,1469317105,3
4,1469317105,1469317110,5
10,1469317106,1469317107,1
4,1469317110,1469317113,3
1,1469317116,1469317121,5
14,1469317119,1469317133,14
1,1469317131,1469317132,1
1,1469317165,1469317169,4
1,1469317173,1469317185,12
4,1469317177,1469317180,3
14,1469317184,1469317191,7
1,1469317200,1469317201,1
1,1469317214,1469317219,5
1,1469317230,1469317235,5
14,1469317235,1469317335,100
11,1469317237,1469317244,7
1,1469317239,1469317240,1
4,1469317239,1469317241,2
4,1469317242,1469317264,22
11,1469317244,1469317247,3
1,1469317245,1469317252,7
11,1469317247,1469317248,1
11,1469317249,1469317250,1
11,1469317252,1469317263,11
1,1469317257,1469317278,21
11,1469317263,1469317267,4
11,1469317267,1469317271,4
11,1469317276,1469317284,8
1,1469317282,1469317294,12
11,1469317284,1469317289,5
11,1469317291,1469317301,10
1,1469317299,1469317317,18
11,1469317301,1469317303,2
11,1469317303,1469317306,3
11,1469317306,1469317311,5
11,1469317311,1469317313,2
11,1469317313,1469317335,22
1,1469317320,1469317341,21
5,1469317333,1469317335,2
4,1469317336,1469317345,9
14,1469317341,1469317418,77
11,1469317343,1469317349,6
4,1469317345,1469317347,2
4,1469317348,1469317375,27
11,1469317349,1469317355,6
1,1469317349,1469317358,9
11,1469317356,1469317374,18
1,1469317371,1469317379,8
11,1469317375,1469317377,2
11,1469317377,1469317418,41
1,1469317414,1469317420,6
5,1469317416,1469317418,2
4,1469317419,1469317423,4
4,1469317424,1469317426,2
4,1469317426,1469317428,2
4,1469317428,1469317438,10
10,1469317436,1469317438,2
4,1469317438,1469317453,15
1,1469317440,1469317452,12
4,1469317453,1469317455,2
4,1469317455,1469317458,3
4,1469317458,1469317460,2
4,1469317460,1469317464,4
4,1469317464,1469317466,2
4,1469317467,1469317469,2
4,1469317474,1469317491,17
1,1469317495,1469317501,6
14,1469317501,1469317508,7
1,1469317524,1469317531,7
4,1469317532,1469317534,2
4,1469317535,1469317538,3
10,1469317536,1469317538,2
4,1469317540,1469317544,4
4,1469317544,1469317557,13
1,1469317561,1469317563,2
1,1469317569,1469317571,2
14,1469317571,1469317579,8
1,1469317596,1469317598,2
1,1469317602,1469317609,7
14,1469317609,1469357347,39738
11,1469317612,1469317617,5
4,1469317613,1469317615,2
4,1469317615,1469317618,3
11,1469317617,1469317627,10
1,1469317618,1469317627,9
11,1469317627,1469317631,4
4,1469317628,1469357348,39720
1,1469317631,1469317636,5
11,1469317631,1469357347,39716
1,1469317643,1469317649,6
1,1469317797,1469317800,3
1,1469317897,1469317899,2
1,1469317911,1469317915,4
1,1469318510,1469318514,4
1,1469357340,1469357348,8
5,1469357344,1469357347,3
1,1469357351,1469357361,10
5,1469357361,1469357372,11
1,1469357373,1469357391,18
4,1469357387,1469357393,6
4,1469357395,1469357397,2
4,1469357397,1469357400,3
4,1469357400,1469357403,3
4,1469357403,1469357408,5
1,1469357411,1469357422,11
1,1469357446,1469357448,2
1,1469357460,1469357471,11
4,1469357471,1469357518,47
1,1469357479,1469357481,2
1,1469357492,1469357498,6
1,1469357511,1469357517,6
4,1469357518,1469357521,3
1,1469357524,1469357526,2
4,1469357525,1469357527,2
4,1469357527,1469357529,2
4,1469357529,1469357532,3
4,1469357532,1469357535,3
4,1469357535,1469357537,2
4,1469357538,1469357542,4
4,1469357542,1469357545,3
4,1469357546,1469357550,4
4,1469357550,1469357553,3
4,1469357553,1469357557,4
4,1469357559,1469357562,3
4,1469357562,1469357567,5
10,1469357563,1469357567,4
4,1469357567,1469357570,3
10,1469357568,1469357569,1
4,1469357570,1469357576,6
10,1469357572,1469357576,4
4,1469357576,1469357578,2
4,1469357578,1469357587,9
1,1469357583,1469357585,2
10,1469357587,1469357589,2
4,1469357590,1469357595,5
4,1469357595,1469357600,5
1,1469357595,1469357600,5
4,1469357600,1469357603,3
4,1469357603,1469357610,7
4,1469357610,1469357676,66
1,1469357672,1469357675,3
4,1469357677,1469357679,2
4,1469357679,1469357682,3
4,1469357682,1469357684,2
4,1469357684,1469357686,2
4,1469357686,1469357689,3
10,1469357688,1469357689,1
4,1469357689,1469357692,3
4,1469357692,1469357695,3
4,1469357695,1469357697,2
4,1469357697,1469357724,27
1,1469357721,1469357730,9
4,1469357727,1469357749,22
1,1469357746,1469357748,2
10,1469357750,1469357751,1
4,1469357751,1469357760,9
10,1469357751,1469357754,3
1,1469357753,1469357755,2
1,1469357758,1469357760,2
1,1469357764,1469357767,3
4,1469357768,1469357771,3
10,1469357769,1469357771,2
4,1469357771,1469357775,4
4,1469357775,1469357777,2
4,1469357777,1469357782,5
4,1469357782,1469357791,9
4,1469357791,1469357794,3
4,1469357794,1469357801,7
1,1469357797,1469357799,2
4,1469357802,1469357805,3
1,1469357803,1469357808,5
4,1469357809,1469357812,3
10,1469357811,1469357812,1
4,1469357812,1469357815,3
4,1469357815,1469357819,4
10,1469357816,1469357818,2
1,1469357817,1469357828,11
4,1469357820,1469357826,6
10,1469357823,1469357825,2
4,1469357839,1469357842,3
10,1469357840,1469357841,1
4,1469357842,1469357850,8
1,1469357843,1469357853,10
4,1469357855,1469357857,2
10,1469357856,1469357857,1
4,1469357857,1469357862,5
10,1469357859,1469357862,3
4,1469357862,1469357867,5
4,1469357867,1469357870,3
4,1469357870,1469357875,5
4,1469357877,1469357879,2
10,1469357878,1469357879,1
4,1469357879,1469357882,3
4,1469357882,1469357908,26
1,1469357904,1469357914,10
4,1469357909,1469357911,2
4,1469357912,1469357917,5
10,1469357912,1469357914,2
4,1469357917,1469357919,2
10,1469357917,1469357919,2
4,1469357919,1469357923,4
4,1469357923,1469357926,3
1,1469357924,1469357926,2
10,1469357928,1469357943,15
4,1469357943,1469357945,2
4,1469357947,1469357949,2
4,1469357950,1469357953,3
10,1469357952,1469357953,1
4,1469357953,1469358005,52
1,1469357970,1469357978,8
1,1469357982,1469357983,1
1,1469357999,1469358001,2
4,1469358008,1469358012,4
1,1469358009,1469358018,9
4,1469358012,1469358015,3
4,1469358015,1469358019,4
10,1469358017,1469358018,1
4,1469358019,1469358023,4
10,1469358021,1469358024,3
4,1469358023,1469358032,9
1,1469358029,1469358031,2
4,1469358032,1469358036,4
4,1469358036,1469358038,2
4,1469358039,1469358043,4
1,1469358072,1469358074,2
4,1469358075,1469358077,2
4,1469358077,1469358079,2
4,1469358080,1469358083,3
10,1469358082,1469358084,2
4,1469358083,1469358087,4
4,1469358087,1469358090,3
4,1469358090,1469358093,3
4,1469358094,1469358096,2
4,1469358096,1469358098,2
4,1469358098,1469358102,4
4,1469358104,1469358106,2
10,1469358105,1469358106,1
4,1469358115,1469358118,3
4,1469358118,1469358123,5
4,1469358123,1469358126,3
4,1469358127,1469358131,4
10,1469358128,1469358131,3
4,1469358132,1469358134,2
4,1469358134,1469358136,2
4,1469358140,1469358143,3
10,1469358140,1469358141,1
4,1469358143,1469358146,3
4,1469358146,1469358155,9
4,1469358158,1469358161,3
4,1469358162,1469358168,6
4,1469358168,1469358171,3
4,1469358171,1469358176,5
4,1469358176,1469358178,2
4,1469358180,1469358183,3
4,1469358184,1469358186,2
10,1469358184,1469358186,2
10,1469358186,1469358188,2
4,1469358188,1469358190,2
4,1469358190,1469358192,2
4,1469358195,1469358197,2
4,1469358208,1469358210,2
4,1469358210,1469358212,2
4,1469358213,1469358215,2
4,1469358217,1469358221,4
4,1469358223,1469358270,47
1,1469358262,1469358263,1
4,1469358270,1469358272,2
4,1469358273,1469358275,2
4,1469358276,1469358280,4
4,1469358280,1469358283,3
4,1469358283,1469358287,4
4,1469358287,1469358290,3
4,1469358290,1469358297,7
10,1469358291,1469358293,2
4,1469358297,1469358299,2
4,1469358300,1469358302,2
4,1469358302,1469358305,3
4,1469358307,1469358311,4
10,1469358308,1469358311,3
4,1469358311,1469358313,2
10,1469358311,1469358313,2
4,1469358313,1469358317,4
4,1469358317,1469358328,11
1,1469358323,1469358342,19
4,1469358328,1469358335,7
4,1469358338,1469358341,3
4,1469358342,1469358433,91
1,1469358389,1469358394,5
14,1469358394,1469358406,12
1,1469358409,1469358419,10
1,1469358430,1469358433,3
4,1469358434,1469358443,9
10,1469358436,1469358439,3
4,1469358443,1469358451,8
1,1469358460,1469358467,7
1,1469358470,1469358483,13
14,1469358483,1469358491,8
1,1469358496,1469358498,2
1,1469358502,1469358506,4
4,1469358507,1469358510,3
1,1469358520,1469358526,6
1,1469358538,1469358554,16
4,1469358539,1469358541,2
4,1469358541,1469358544,3
4,1469358544,1469358551,7
4,1469358554,1469358630,76
1,1469358562,1469358565,3
1,1469358612,1469358615,3
1,1469358627,1469358629,2
4,1469358630,1469358632,2
4,1469358632,1469358635,3
4,1469358635,1469358639,4
4,1469358641,1469358643,2
4,1469358643,1469358645,2
4,1469358646,1469358648,2
4,1469358648,1469358650,2
4,1469358650,1469358653,3
4,1469358654,1469358656,2
4,1469358656,1469358659,3
4,1469358659,1469358661,2
4,1469358662,1469358664,2
4,1469358664,1469358666,2
4,1469358666,1469358672,6
4,1469358672,1469358704,32
1,1469358696,1469358698,2
4,1469358704,1469358708,4
10,1469358706,1469358708,2
1,1469358709,1469358715,6
4,1469358711,1469358716,5
4,1469358716,1469358720,4
4,1469358722,1469358724,2
4,1469358724,1469358726,2
4,1469358726,1469358729,3
10,1469358727,1469358728,1
4,1469358729,1469358733,4
4,1469358734,1469358740,6
10,1469358736,1469358740,4
4,1469358740,1469358743,3
4,1469358743,1469358746,3
4,1469358746,1469358750,4
4,1469358750,1469358757,7
1,1469358754,1469358757,3
4,1469358757,1469358763,6
10,1469358759,1469358760,1
4,1469358768,1469358771,3
4,1469358772,1469358774,2
4,1469358775,1469358777,2
4,1469358777,1469358781,4
10,1469358778,1469358781,3
4,1469358781,1469358784,3
4,1469358784,1469358786,2
4,1469358787,1469358798,11
10,1469358789,1469358798,9
4,1469358798,1469358800,2
4,1469358800,1469358803,3
10,1469358801,1469358803,2
4,1469358803,1469358806,3
4,1469358807,1469358810,3
10,1469358809,1469358811,2
4,1469358813,1469358815,2
4,1469358815,1469358818,3
4,1469358818,1469358824,6
1,1469358822,1469358823,1
4,1469358824,1469358827,3
4,1469358828,1469358830,2
4,1469358847,1469358851,4
4,1469358854,1469358856,2
4,1469358857,1469358859,2
4,1469358859,1469358862,3
4,1469358862,1469358864,2
4,1469358866,1469358887,21
4,1469358887,1469358890,3
1,1469358891,1469358893,2
4,1469358894,1469358896,2
4,1469358896,1469358904,8
4,1469358904,1469358907,3
4,1469358907,1469358910,3
4,1469358910,1469358912,2
4,1469358912,1469358920,8
4,1469358920,1469358926,6
1,1469358923,1469358925,2
4,1469358926,1469358929,3
4,1469358929,1469358935,6
1,1469358933,1469358935,2
4,1469358937,1469358945,8
10,1469358939,1469358940,1
1,1469358940,1469358950,10
4,1469358945,1469358952,7
10,1469358946,1469358948,2
4,1469358952,1469358954,2
4,1469358954,1469358957,3
4,1469358963,1469358978,15
1,1469358972,1469358986,14
4,1469358978,1469358988,10
4,1469358988,1469358992,4
10,1469358990,1469358991,1
4,1469358992,1469359001,9
1,1469358995,1469359018,23
4,1469359006,1469359014,8
10,1469359007,1469359008,1
10,1469359009,1469359012,3
4,1469359020,1469359022,2
4,1469359023,1469359025,2
4,1469359025,1469359031,6
1,1469359029,1469359030,1
4,1469359031,1469359034,3
4,1469359034,1469359038,4
10,1469359037,1469359038,1
4,1469359039,1469359053,14
1,1469359043,1469359046,3
4,1469359057,1469359060,3
4,1469359060,1469359063,3
10,1469359062,1469359063,1
4,1469359063,1469359065,2
4,1469359065,1469359068,3
4,1469359068,1469359071,3
4,1469359071,1469359074,3
4,1469359076,1469359078,2
4,1469359078,1469359080,2
10,1469359079,1469359080,1
4,1469359080,1469359084,4
10,1469359082,1469359084,2
4,1469359084,1469359086,2
10,1469359087,1469359088,1
4,1469359088,1469359091,3
4,1469359091,1469359099,8
10,1469359093,1469359099,6
4,1469359100,1469359104,4
4,1469359105,1469359107,2
4,1469359108,1469359111,3
10,1469359110,1469359111,1
4,1469359111,1469359113,2
10,1469359112,1469359113,1
4,1469359113,1469359116,3
4,1469359116,1469359119,3
10,1469359118,1469359120,2
4,1469359119,1469359123,4
10,1469359124,1469359126,2
4,1469359126,1469359129,3
1,1469359127,1469359129,2
1,1469359163,1469359189,26
10,1469359167,1469359176,9
4,1469359181,1469359187,6
4,1469359193,1469359200,7
1,1469359197,1469359204,7
4,1469359201,1469359205,4
4,1469359206,1469359208,2
4,1469359208,1469359213,5
10,1469359208,1469359211,3
1,1469359209,1469359219,10
4,1469359219,1469359230,11
1,1469359225,1469359246,21
4,1469359232,1469359235,3
4,1469359239,1469359242,3
4,1469359244,1469359247,3
4,1469359247,1469359286,39
10,1469359249,1469359253,4
1,1469359259,1469359264,5
14,1469359263,1469359272,9
1,1469359274,1469359284,10
4,1469359286,1469359389,103
1,1469359289,1469359305,16
14,1469359305,1469359312,7
1,1469359316,1469359318,2
1,1469359323,1469359334,11
1,1469359342,1469359354,12
1,1469359378,1469359395,17
4,1469359396,1469359505,109
1,1469359400,1469359406,6
1,1469359413,1469359416,3
14,1469359416,1469359424,8
1,1469359425,1469359435,10
1,1469359440,1469359447,7
1,1469359451,1469359454,3
1,1469359461,1469359469,8
14,1469359469,1469359471,2
1,1469359477,1469359519,42
4,1469359511,1469359515,4
1,1469359523,1469359526,3
14,1469359526,1469359533,7
1,1469359539,1469359541,2
1,1469359547,1469359559,12
14,1469359559,1469359791,232
11,1469359561,1469359568,7
1,1469359562,1469359584,22
4,1469359563,1469359566,3
4,1469359566,1469359596,30
11,1469359568,1469359571,3
11,1469359571,1469359573,2
11,1469359574,1469359575,1
11,1469359576,1469359578,2
11,1469359579,1469359596,17
1,1469359587,1469359607,20
11,1469359596,1469359598,2
11,1469359600,1469359614,14
1,1469359613,1469359615,2
11,1469359614,1469359615,1
11,1469359615,1469359791,176
1,1469359658,1469359665,7
4,1469359664,1469359666,2
4,1469359666,1469359685,19
1,1469359683,1469359686,3
1,1469359690,1469359692,2
1,1469359697,1469359708,11
4,1469359711,1469359716,5
4,1469359717,1469359722,5
1,1469359718,1469359725,7
4,1469359727,1469359729,2
4,1469359729,1469359743,14
4,1469359743,1469359746,3
4,1469359747,1469359750,3
4,1469359751,1469359755,4
1,1469359753,1469359754,1
4,1469359756,1469359758,2
4,1469359758,1469359760,2
1,1469359761,1469359763,2
4,1469359764,1469359771,7
4,1469359771,1469359792,21
1,1469359781,1469359782,1
1,1469359786,1469359788,2
5,1469359788,1469359791,3
1,1469359796,1469359798,2
14,1469359798,1469359881,83
11,1469359805,1469359811,6
4,1469359806,1469359809,3
1,1469359807,1469359839,32
4,1469359809,1469359818,9
11,1469359811,1469359814,3
11,1469359814,1469359817,3
11,1469359818,1469359820,2
11,1469359820,1469359821,1
11,1469359825,1469359826,1
11,1469359826,1469359827,1
4,1469359827,1469359865,38
11,1469359831,1469359844,13
1,1469359842,1469359865,23
11,1469359844,1469359845,1
11,1469359848,1469359849,1
11,1469359850,1469359851,1
11,1469359852,1469359853,1
11,1469359854,1469359857,3
11,1469359857,1469359858,1
11,1469359859,1469359881,22
1,1469359873,1469359882,9
5,1469359878,1469359881,3
4,1469359881,1469359883,2
4,1469359888,1469359951,63
1,1469359895,1469359899,4
14,1469359898,1469359904,6
1,1469359908,1469359916,8
14,1469359915,1469359917,2
1,1469359919,1469359921,2
1,1469359942,1469359947,5
14,1469359947,1469360014,67
11,1469359950,1469359956,6
4,1469359952,1469359954,2
4,1469359954,1469359965,11
11,1469359956,1469359964,8
1,1469359958,1469359978,20
11,1469359964,1469360014,50
1,1469359984,1469360003,19
4,1469360004,1469360015,11
10,1469360005,1469360007,2
1,1469360006,1469360012,6
5,1469360012,1469360014,2
1,1469360015,1469360017,2
1,1469360021,1469360025,4
1,1469360046,1469360049,3
14,1469360049,1469360056,7
1,1469360058,1469360063,5
14,1469360062,1469360065,3
1,1469360072,1469360074,2
1,1469360084,1469360096,12
4,1469360107,1469360125,18
1,1469360108,1469360112,4
1,1469360116,1469360122,6
4,1469360125,1469360128,3
1,1469360127,1469360144,17
4,1469360128,1469360131,3
4,1469360131,1469360235,104
1,1469360214,1469360219,5
4,1469360235,1469360255,20
1,1469360237,1469360240,3
1,1469360244,1469360251,7
4,1469360255,1469360301,46
1,1469360255,1469360260,5
1,1469360264,1469360275,11
1,1469360284,1469360288,4
1,1469360294,1469360297,3
1,1469360300,1469360314,14
4,1469360301,1469360363,62
1,1469360318,1469360325,7
1,1469360331,1469360335,4
1,1469360344,1469360348,4
1,1469360353,1469360359,6
4,1469360363,1469360372,9
1,1469360367,1469360390,23
4,1469360376,1469360380,4
4,1469360389,1469360391,2
4,1469360391,1469360395,4
4,1469360395,1469360398,3
10,1469360397,1469360398,1
4,1469360404,1469360436,32
1,1469360407,1469360412,5
1,1469360417,1469360421,4
1,1469360425,1469360432,7
1,1469360437,1469360441,4
1,1469360446,1469360452,6
4,1469360448,1469360480,32
1,1469360460,1469360463,3
1,1469360467,1469360472,5
1,1469360477,1469360486,9
4,1469360480,1469360490,10
4,1469360490,1469360558,68
1,1469360493,1469360507,14
1,1469360516,1469360517,1
1,1469360524,1469360530,6
1,1469360546,1469360560,14
4,1469360561,1469360619,58
1,1469360608,1469360618,10
4,1469360620,1469360622,2
1,1469360623,1469360624,1
4,1469360625,1469360722,97
1,1469360656,1469360665,9
1,1469360699,1469360703,4
1,1469360713,1469360715,2
1,1469360721,1469360731,10
4,1469360722,1469360823,101
14,1469360731,1469360749,18
1,1469360756,1469360769,13
1,1469360777,1469360786,9
1,1469360790,1469360793,3
1,1469360797,1469360799,2
1,1469360818,1469360823,5
4,1469360826,1469360829,3
4,1469360831,1469360835,4
4,1469360835,1469360839,4
4,1469360839,1469360842,3
1,1469360853,1469360862,9
14,1469360859,1469360872,13
1,1469360874,1469360882,8
1,1469360905,1469360907,2
1,1469360925,1469360936,11
1,1469360941,1469360942,1
1,1469360948,1469360952,4
1,1469360966,1469360973,7
4,1469360970,1469360974,4
4,1469360974,1469360980,6
1,1469360977,1469360987,10
4,1469360980,1469360985,5
4,1469360987,1469360998,11
10,1469360990,1469360992,2
4,1469361000,1469361015,15
1,1469361010,1469361011,1
4,1469361015,1469361022,7
4,1469361022,1469361128,106
1,1469361025,1469361033,8
14,1469361031,1469361044,13
1,1469361049,1469361051,2
1,1469361064,1469361065,1
1,1469361087,1469361096,9
1,1469361113,1469361119,6
14,1469361119,1469361178,59
11,1469361124,1469361140,16
4,1469361130,1469361132,2
4,1469361133,1469361141,8
11,1469361140,1469361178,38
1,1469361154,1469361161,7
1,1469361164,1469361174,10
5,1469361174,1469361178,4
1,1469361179,1469361183,4
4,1469361180,1469361232,52
1,1469361187,1469361194,7
1,1469361199,1469361209,10
1,1469361213,1469361216,3
1,1469361227,1469361237,10
4,1469361233,1469361238,5
4,1469361238,1469361246,8
10,1469361239,1469361241,2
1,1469361242,1469361245,3
4,1469361246,1469361248,2
4,1469361248,1469361251,3
4,1469361251,1469361254,3
10,1469361252,1469361253,1
4,1469361254,1469361258,4
4,1469361258,1469361261,3
4,1469361262,1469361265,3
4,1469361265,1469361267,2
4,1469361268,1469361270,2
4,1469361272,1469361274,2
4,1469361274,1469361283,9
1,1469361275,1469361297,22
4,1469361283,1469361285,2
4,1469361289,1469361294,5
4,1469361294,1469361298,4
4,1469361299,1469361303,4
4,1469361304,1469361306,2
4,1469361306,1469361308,2
4,1469361308,1469361311,3
4,1469361311,1469361332,21
1,1469361314,1469361317,3
1,1469361323,1469361324,1
1,1469361332,1469361339,7
4,1469361334,1469361341,7
4,1469361341,1469361343,2
1,1469361347,1469361354,7
4,1469361351,1469361354,3
4,1469361354,1469361361,7
10,1469361357,1469361358,1
1,1469361359,1469361373,14
4,1469361366,1469361370,4
4,1469361374,1469361380,6
1,1469361379,1469361382,3
4,1469361380,1469361383,3
4,1469361383,1469361387,4
4,1469361387,1469361389,2
4,1469361389,1469361392,3
4,1469361392,1469361395,3
4,1469361395,1469361397,2
4,1469361397,1469361399,2
4,1469361399,1469361402,3
4,1469361402,1469361405,3
4,1469361406,1469361410,4
4,1469361410,1469361415,5
1,1469361411,1469361415,4
1,1469361418,1469361432,14
4,1469361420,1469361426,6
4,1469361427,1469361436,9
4,1469361442,1469361452,10
1,1469361445,1469361454,9
4,1469361457,1469361464,7
1,1469361461,1469361471,10
4,1469361465,1469361471,6
4,1469361472,1469361474,2
4,1469361474,1469361486,12
10,1469361476,1469361477,1
1,1469361482,1469361502,20
4,1469361487,1469361489,2
4,1469361492,1469361502,10
4,1469361502,1469361510,8
1,1469361508,1469361509,1
4,1469361511,1469361519,8
1,1469361515,1469361518,3
4,1469361521,1469361527,6
1,1469361526,1469361529,3
4,1469361531,1469361540,9
1,1469361533,1469361543,10
4,1469361542,1469361546,4
4,1469361546,1469361548,2
4,1469361548,1469361568,20
1,1469361552,1469361557,5
1,1469361562,1469361567,5
4,1469361570,1469361572,2
4,1469361572,1469361577,5
4,1469361578,1469361693,115
10,1469361580,1469361582,2
1,1469361586,1469361593,7
14,1469361592,1469361604,12
1,1469361606,1469361615,9
1,1469361631,1469361632,1
1,1469361645,1469361672,27
4,1469361695,1469361699,4
10,1469361696,1469361699,3
1,1469361706,1469361710,4
4,1469361712,1469361714,2
4,1469361714,1469361721,7
1,1469361719,1469361720,1
4,1469361721,1469361723,2
4,1469361724,1469361727,3
4,1469361727,1469361734,7
10,1469361728,1469361730,2
4,1469361735,1469361740,5
10,1469361737,1469361739,2
1,1469361738,1469361739,1
4,1469361741,1469361746,5
4,1469361746,1469361750,4
4,1469361750,1469361752,2
4,1469361752,1469361756,4
4,1469361757,1469361761,4
1,1469361759,1469361760,1
4,1469361762,1469361768,6
4,1469361768,1469361771,3
4,1469361771,1469361776,5
10,1469361773,1469361776,3
4,1469361776,1469361778,2
4,1469361779,1469361782,3
10,1469361781,1469361782,1
4,1469361783,1469361789,6
4,1469361790,1469361793,3
4,1469361795,1469361797,2
4,1469361798,1469361800,2
4,1469361800,1469361802,2
10,1469361801,1469361802,1
4,1469361804,1469361806,2
4,1469361806,1469361814,8
10,1469361809,1469361810,1
4,1469361814,1469361816,2
4,1469361816,1469361818,2
4,1469361818,1469361820,2
4,1469361822,1469361830,8
4,1469361830,1469361832,2
4,1469361832,1469361836,4
10,1469361836,1469361838,2
4,1469361839,1469361841,2
10,1469361841,1469361842,1
4,1469361844,1469361847,3
10,1469361846,1469361848,2
4,1469361847,1469361852,5
4,1469361854,1469361856,2
4,1469361856,1469361858,2
4,1469361861,1469361866,5
4,1469361866,1469361874,8
1,1469361872,1469361882,10
4,1469361874,1469361937,63
14,1469361882,1469361894,12
1,1469361921,1469361927,6
1,1469361934,1469361935,1
4,1469361937,1469361939,2
4,1469361940,1469361942,2
4,1469361942,1469361944,2
4,1469361944,1469362009,65
1,1469361946,1469361952,6
14,1469361950,1469361961,11
1,1469361975,1469361989,14
1,1469361998,1469362000,2
1,1469362005,1469362008,3
4,1469362009,1469362028,19
10,1469362011,1469362017,6
1,1469362017,1469362031,14
4,1469362033,1469362046,13
1,1469362035,1469362056,21
4,1469362050,1469362057,7
4,1469362063,1469362558,495
1,1469362066,1469362070,4
14,1469362070,1469362080,10
1,1469362371,1469362392,21
14,1469362374,1469362378,4
14,1469362389,1469362393,4
1,1469362396,1469362401,5
1,1469362406,1469362407,1
1,1469362414,1469362417,3
1,1469362514,1469362529,15
1,1469362540,1469362558,18
4,1469362559,1469362565,6
1,1469362562,1469362567,5
4,1469362565,1469362567,2
4,1469362567,1469362623,56
10,1469362569,1469362570,1
1,1469362570,1469362572,2
1,1469362576,1469362589,13
14,1469362589,1469362601,12
1,1469362597,1469362626,29
1,1469362629,1469362635,6
1,1469362647,1469362649,2
4,1469362650,1469362654,4
4,1469362654,1469362656,2
4,1469362656,1469362659,3
4,1469362659,1469362666,7
1,1469362662,1469362675,13
4,1469362670,1469362673,3
4,1469362674,1469362685,11
1,1469362680,1469362697,17
4,1469362686,1469362688,2
4,1469362690,1469362696,6
4,1469362696,1469362701,5
4,1469362701,1469362708,7
4,1469362708,1469362771,63
1,1469362720,1469362732,12
14,1469362732,1469362743,11
1,1469362745,1469362762,17
1,1469362766,1469362770,4
4,1469362771,1469362863,92
10,1469362776,1469362802,26
1,1469362779,1469362780,1
1,1469362784,1469362788,4
1,1469362795,1469362805,10
1,1469362829,1469362833,4
1,1469362850,1469362854,4
4,1469362870,1469362900,30
1,1469362871,1469362899,28
1,1469362903,1469362932,29
4,1469362932,1469362965,33
1,1469362935,1469362964,29
1,1469362970,1469362986,16
4,1469362972,1469363015,43
1,1469362994,1469363014,20
4,1469363015,1469363018,3
10,1469363017,1469363018,1
1,1469363027,1469363035,8
1,1469363144,1469363147,3
1,1469363152,1469363158,6
1,1469363161,1469363193,32
1,1469363196,1469363219,23
4,1469363217,1469363220,3
4,1469363220,1469363222,2
4,1469363222,1469363226,4
4,1469363226,1469363231,5
1,1469363228,1469363236,8
4,1469363241,1469363288,47
1,1469363244,1469363287,43
4,1469363288,1469363300,12
4,1469363300,1469363304,4
10,1469363301,1469363303,2
10,1469363303,1469363304,1
1,1469363309,1469363344,35
4,1469363316,1469363376,60
1,1469363361,1469363365,4
1,1469363438,1469363440,2
6,1469363451,1469363452,1
1,1469363489,1469363495,6
4,1469363489,1469363494,5
4,1469363496,1469363602,106
1,1469363519,1469363528,9
1,1469363555,1469363561,6
1,1469363566,1469363579,13
1,1469363593,1469363600,7
4,1469363603,1469363605,2
1,1469363606,1469363624,18
4,1469363609,1469363617,8
1,1469363628,1469363635,7
1,1469363644,1469363715,71
4,1469363650,1469363663,13
4,1469363695,1469363700,5
4,1469363703,1469363712,9
1,1469363720,1469363723,3
4,1469363725,1469363743,18
1,1469363727,1469363742,15
1,1469363760,1469363778,18
4,1469363772,1469363811,39
1,1469363805,1469363810,5
4,1469363811,1469363818,7
1,1469363814,1469363822,8
4,1469363823,1469363889,66
1,1469363830,1469363834,4
1,1469363843,1469363846,3
1,1469363851,1469363868,17
1,1469363871,1469363877,6
1,1469363881,1469363890,9
4,1469363889,1469363891,2
4,1469363891,1469363893,2
4,1469363894,1469363896,2
4,1469363896,1469363910,14
10,1469363896,1469363898,2
1,1469363897,1469363913,16
4,1469363914,1469363916,2
4,1469363916,1469363919,3
10,1469363917,1469363919,2
4,1469363921,1469363923,2
4,1469363923,1469363927,4
4,1469363927,1469363930,3
1,1469363928,1469363929,1
10,1469363931,1469363938,7
4,1469363938,1469363942,4
4,1469363942,1469363947,5
10,1469363943,1469363944,1
1,1469363945,1469363949,4
4,1469363947,1469363950,3
4,1469363950,1469363953,3
10,1469363951,1469363953,2
1,1469363954,1469363958,4
4,1469363955,1469363958,3
4,1469363959,1469363962,3
10,1469363959,1469363962,3
1,1469363962,1469363967,5
4,1469363964,1469363967,3
4,1469363968,1469363977,9
10,1469363968,1469363977,9
1,1469363971,1469363984,13
4,1469363980,1469363983,3
10,1469363980,1469363983,3
4,1469363985,1469363988,3
4,1469363990,1469364000,10
10,1469363991,1469363998,7
1,1469363992,1469364024,32
4,1469364000,1469364005,5
4,1469364005,1469364009,4
4,1469364009,1469364015,6
4,1469364015,1469364021,6
10,1469364021,1469364025,4
4,1469364029,1469364033,4
4,1469364033,1469364039,6
1,1469364034,1469364043,9
4,1469364039,1469364044,5
4,1469364044,1469364048,4
4,1469364048,1469364051,3
4,1469364051,1469364053,2
10,1469364051,1469364053,2
4,1469364057,1469364061,4
4,1469364061,1469364111,50
1,1469364064,1469364069,5
14,1469364069,1469364077,8
1,1469364079,1469364109,30
4,1469364111,1469364122,11
10,1469364112,1469364116,4
1,1469364116,1469364121,5
4,1469364122,1469364124,2
4,1469364124,1469364127,3
4,1469364127,1469364129,2
10,1469364128,1469364129,1
4,1469364129,1469364132,3
4,1469364132,1469364134,2
10,1469364132,1469364134,2
4,1469364134,1469364136,2
4,1469364136,1469364148,12
1,1469364138,1469364147,9
4,1469364148,1469364150,2
4,1469364150,1469364152,2
4,1469364153,1469364155,2
4,1469364155,1469364160,5
10,1469364156,1469364160,4
4,1469364160,1469364162,2
4,1469364163,1469364165,2
10,1469364164,1469364165,1
4,1469364168,1469364171,3
1,1469364169,1469364171,2
4,1469364171,1469364176,5
10,1469364172,1469364173,1
1,1469364174,1469364179,5
4,1469364176,1469364179,3
4,1469364180,1469364182,2
10,1469364180,1469364182,2
4,1469364182,1469364186,4
4,1469364186,1469364188,2
4,1469364188,1469364190,2
4,1469364191,1469364226,35
1,1469364198,1469364203,5
14,1469364203,1469364213,10
1,1469364219,1469364225,6
4,1469364227,1469364229,2
10,1469364228,1469364229,1
4,1469364229,1469364234,5
1,1469364230,1469364232,2
4,1469364234,1469364237,3
10,1469364236,1469364237,1
4,1469364237,1469364242,5
1,1469364238,1469364258,20
4,1469364242,1469364253,11
4,1469364256,1469364273,17
1,1469364263,1469364296,33
4,1469364273,1469364280,7
4,1469364280,1469364283,3
4,1469364284,1469364287,3
4,1469364287,1469364289,2
4,1469364289,1469364306,17
1,1469364301,1469364316,15
4,1469364306,1469364308,2
4,1469364308,1469364312,4
4,1469364312,1469364360,48
1,1469364325,1469364331,6
1,1469364334,1469364341,7
1,1469364348,1469364356,8
4,1469364360,1469364369,9
1,1469364362,1469364366,4
1,1469364372,1469364375,3
14,1469364375,1469364385,10
1,1469364388,1469364391,3
1,1469364401,1469364410,9
4,1469364411,1469364416,5
4,1469364416,1469364438,22
1,1469364416,1469364422,6
14,1469364420,1469364427,7
1,1469364428,1469364436,8
4,1469364438,1469364440,2
4,1469364441,1469364444,3
4,1469364445,1469364448,3
4,1469364448,1469364528,80
1,1469364458,1469364460,2
14,1469364460,1469364467,7
1,1469364511,1469364513,2
1,1469364516,1469364530,14
4,1469364531,1469364533,2
10,1469364532,1469364533,1
4,1469364533,1469364537,4
1,1469364534,1469364546,12
4,1469364549,1469364553,4
1,1469364550,1469364552,2
4,1469364553,1469364555,2
10,1469364556,1469364558,2
4,1469364558,1469364560,2
4,1469364560,1469364564,4
10,1469364560,1469364561,1
1,1469364562,1469364563,1
4,1469364564,1469364567,3
10,1469364565,1469364567,2
4,1469364568,1469364643,75
1,1469364574,1469364589,15
1,1469364600,1469364601,1
1,1469364606,1469364622,16
1,1469364626,1469364635,9
1,1469364639,1469364645,6
4,1469364643,1469364654,11
1,1469364651,1469364653,2
4,1469364654,1469364673,19
10,1469364655,1469364660,5
1,1469364656,1469364682,26
4,1469364673,1469364678,5
4,1469364678,1469364680,2
10,1469364679,1469364680,1
4,1469364682,1469364704,22
10,1469364682,1469364700,18
1,1469364693,1469364713,20
4,1469364708,1469364711,3
4,1469364714,1469364718,4
10,1469364715,1469364718,3
1,1469364722,1469364723,1
4,1469364724,1469364731,7
1,1469364727,1469364728,1
4,1469364731,1469364734,3
4,1469364734,1469364737,3
1,1469364740,1469364765,25
4,1469364743,1469364747,4
4,1469364747,1469364750,3
4,1469364752,1469364760,8
4,1469364760,1469364766,6
4,1469364768,1469364771,3
10,1469364769,1469364771,2
4,1469364771,1469364773,2
4,1469364774,1469364776,2
4,1469364778,1469364793,15
1,1469364787,1469364799,12
4,1469364795,1469364800,5
4,1469364801,1469364814,13
1,1469364811,1469364814,3
1,1469364818,1469364849,31
4,1469364825,1469364827,2
4,1469364827,1469364832,5
4,1469364837,1469364844,7
4,1469364844,1469364850,6
4,1469364850,1469364856,6
4,1469364856,1469364901,45
1,1469364858,1469364861,3
14,1469364861,1469364873,12
1,1469364877,1469364889,12
1,1469364893,1469364900,7
4,1469364901,1469364905,4
4,1469364905,1469364908,3
4,1469364908,1469364912,4
1,1469364909,1469364911,2
4,1469364912,1469364915,3
1,1469364920,1469364924,4
14,1469364924,1469364932,8
1,1469364933,1469364934,1
1,1469364942,1469364945,3
1,1469364986,1469364997,11
1,1469365001,1469365010,9
4,1469365014,1469365017,3
4,1469365017,1469365022,5
1,1469365019,1469365021,2
4,1469365022,1469365025,3
10,1469365024,1469365025,1
4,1469365026,1469365029,3
4,1469365031,1469365033,2
4,1469365034,1469365036,2
4,1469365037,1469365040,3
1,1469365051,1469365054,3
14,1469365054,1469365061,7
1,1469365062,1469365063,1
1,1469365066,1469365072,6
4,1469365073,1469365075,2
4,1469365076,1469365078,2
4,1469365078,1469365080,2
4,1469365082,1469365084,2
10,1469365082,1469365084,2
4,1469365084,1469365087,3
4,1469365087,1469365090,3
4,1469365090,1469365101,11
1,1469365098,1469365100,2
4,1469365101,1469365103,2
4,1469365103,1469365113,10
1,1469365105,1469365116,11
4,1469365120,1469365129,9
1,1469365124,1469365127,3
4,1469365129,1469365131,2
10,1469365131,1469365134,3
4,1469365134,1469365136,2
4,1469365137,1469365144,7
1,1469365142,1469365143,1
4,1469365144,1469365149,5
4,1469365149,1469365186,37
1,1469365152,1469365155,3
14,1469365155,1469365162,7
1,1469365164,1469365175,11
14,1469365167,1469365170,3
1,1469365178,1469365183,5
4,1469365186,1469365257,71
1,1469365187,1469365197,10
14,1469365196,1469365206,10
1,1469365208,1469365221,13
1,1469365226,1469365275,49
4,1469365269,1469365271,2
4,1469365276,1469365283,7
1,1469365279,1469365282,3
4,1469365283,1469365293,10
4,1469365293,1469365301,8
1,1469365295,1469365300,5
4,1469365301,1469365303,2
10,1469365302,1469365303,1
4,1469365304,1469365315,11
10,1469365304,1469365305,1
1,1469365306,1469365314,8
4,1469365315,1469365320,5
1,1469365317,1469365323,6
1,1469365327,1469365336,9
4,1469365336,1469365340,4
1,1469365340,1469365346,6
4,1469365340,1469365363,23
1,1469365351,1469365363,12
1,1469365369,1469365370,1
1,1469365386,1469365389,3
1,1469365400,1469365411,11
4,1469365407,1469365411,4
1,1469365417,1469365419,2
1,1469365423,1469365455,32
4,1469365434,1469365443,9
4,1469365443,1469365451,8
4,1469365454,1469365463,9
1,1469365458,1469365482,24
4,1469365463,1469365467,4
10,1469365463,1469365466,3
4,1469365467,1469365470,3
4,1469365470,1469365473,3
10,1469365470,1469365472,2
4,1469365473,1469365477,4
10,1469365473,1469365475,2
4,1469365481,1469367805,2324
1,1469365485,1469365492,7
1,1469365504,1469365506,2
1,1469365515,1469365517,2
1,1469365555,1469365559,4
1,1469365564,1469365568,4
1,1469365575,1469365577,2
1,1469365754,1469365762,8
1,1469365769,1469365775,6
1,1469365786,1469365787,1
1,1469367787,1469367795,8
1,1469367801,1469367803,2
4,1469367805,1469367811,6
4,1469367811,1469367813,2
4,1469367813,1469367815,2
4,1469367815,1469367820,5
10,1469367816,1469367820,4
4,1469367822,1469367825,3
4,1469367825,1469367830,5
1,1469367827,1469367833,6
4,1469367830,1469367834,4
4,1469367834,1469367840,6
4,1469367840,1469367843,3
10,1469367841,1469367843,2
4,1469367855,1469367857,2
4,1469367857,1469367860,3
10,1469367859,1469367860,1
4,1469367860,1469367862,2
10,1469367861,1469367862,1
4,1469367863,1469367865,2
4,1469367866,1469367869,3
4,1469367870,1469367872,2
4,1469367873,1469367878,5
1,1469367876,1469367877,1
4,1469367880,1469367909,29
4,1469367920,1469367923,3
4,1469367923,1469367927,4
4,1469367927,1469367930,3
4,1469367932,1469367934,2
4,1469367934,1469367937,3
4,1469367937,1469367939,2
4,1469367940,1469367942,2
4,1469367943,1469367945,2
4,1469367946,1469367957,11
4,1469367957,1469367961,4
1,1469367964,1469367966,2
4,1469367967,1469367969,2
10,1469367969,1469367974,5
4,1469367974,1469367978,4
4,1469367978,1469367980,2
4,1469367980,1469367983,3
10,1469367982,1469367983,1
4,1469368005,1469368010,5
10,1469368006,1469368009,3
4,1469368018,1469368022,4
10,1469368019,1469368022,3
4,1469368022,1469368026,4
10,1469368024,1469368026,2
4,1469368026,1469368031,5
1,1469368029,1469368030,1
4,1469368031,1469368034,3
10,1469368032,1469368034,2
4,1469368035,1469368041,6
4,1469368041,1469368044,3
4,1469368044,1469368048,4
4,1469368050,1469368055,5
10,1469368052,1469368055,3
4,1469368055,1469368065,10
10,1469368056,1469368062,6
1,1469368063,1469368064,1
4,1469368065,1469368069,4
1,1469368068,1469368073,5
4,1469368069,1469368074,5
4,1469368075,1469368077,2
4,1469368077,1469368080,3
1,1469368078,1469368102,24
4,1469368080,1469368084,4
10,1469368080,1469368081,1
4,1469368085,1469368088,3
4,1469368091,1469368112,21
1,1469368105,1469368113,8
4,1469368112,1469368114,2
4,1469368115,1469368118,3
4,1469368118,1469368126,8
1,1469368121,1469368126,5
4,1469368126,1469368129,3
10,1469368127,1469368129,2
4,1469368130,1469368134,4
10,1469368132,1469368134,2
4,1469368134,1469368146,12
1,1469368140,1469368143,3
4,1469368146,1469368149,3
4,1469368150,1469368153,3
1,1469368153,1469368159,6
4,1469368153,1469368195,42
14,1469368158,1469368165,7
1,1469368163,1469368164,1
1,1469368169,1469368172,3
1,1469368183,1469368193,10
14,1469368193,1469368235,42
11,1469368195,1469368202,7
4,1469368197,1469368199,2
1,1469368198,1469368199,1
4,1469368199,1469368203,4
11,1469368202,1469368213,11
1,1469368203,1469368207,4
1,1469368211,1469368258,47
4,1469368213,1469368223,10
11,1469368214,1469368222,8
11,1469368222,1469368224,2
11,1469368224,1469368232,8
11,1469368232,1469368235,3
4,1469368233,1469368273,40
5,1469368233,1469368235,2
1,1469368261,1469368270,9
14,1469368270,1469368335,65
11,1469368272,1469368278,6
1,1469368273,1469368293,20
4,1469368273,1469368276,3
4,1469368276,1469368279,3
11,1469368278,1469368281,3
11,1469368281,1469368283,2
11,1469368283,1469368291,8
11,1469368291,1469368335,44
1,1469368297,1469368299,2
1,1469368306,1469368307,1
1,1469368317,1469368322,5
1,1469368329,1469368347,18
5,1469368333,1469368335,2
4,1469368336,1469368342,6
4,1469368343,1469368345,2
4,1469368346,1469368348,2
4,1469368348,1469368352,4
4,1469368352,1469368390,38
1,1469368355,1469368357,2
1,1469368368,1469368371,3
1,1469368387,1469368397,10
4,1469368390,1469368398,8
4,1469368398,1469368407,9
1,1469368415,1469368426,11
4,1469368419,1469368422,3
4,1469368422,1469368430,8
4,1469368431,1469368435,4
1,1469368433,1469368434,1
4,1469368435,1469368453,18
1,1469368437,1469368440,3
1,1469368444,1469368461,17
4,1469368461,1469368465,4
10,1469368463,1469368465,2
4,1469368466,1469368482,16
10,1469368466,1469368477,11
1,1469368486,1469368488,2
4,1469368490,1469368494,4
1,1469368492,1469368493,1
4,1469368494,1469368496,2
4,1469368496,1469368510,14
10,1469368497,1469368502,5
4,1469368510,1469368512,2
4,1469368512,1469368514,2
4,1469368514,1469368517,3
4,1469368517,1469368521,4
10,1469368517,1469368519,2
4,1469368521,1469368525,4
4,1469368525,1469368527,2
4,1469368527,1469368530,3
10,1469368527,1469368529,2
4,1469368531,1469368534,3
1,1469368546,1469368559,13
1,1469368565,1469368566,1
4,1469368567,1469368569,2
4,1469368569,1469368582,13
10,1469368570,1469368581,11
4,1469368582,1469368587,5
10,1469368582,1469368584,2
1,1469368584,1469368588,4
4,1469368588,1469368591,3
10,1469368590,1469368591,1
4,1469368592,1469368594,2
4,1469368594,1469368596,2
4,1469368596,1469368615,19
1,1469368600,1469368607,7
1,1469368610,1469368619,9
4,1469368619,1469368634,15
1,1469368627,1469368660,33
4,1469368635,1469368643,8
4,1469368643,1469368652,9
4,1469368656,1469368661,5
4,1469368661,1469368670,9
1,1469368663,1469368669,6
4,1469368670,1469368677,7
1,1469368672,1469368676,4
4,1469368677,1469368680,3
10,1469368678,1469368680,2
4,1469368680,1469368684,4
1,1469368685,1469368689,4
4,1469368694,1469368697,3
10,1469368694,1469368696,2
10,1469368696,1469368697,1
4,1469368697,1469368702,5
4,1469368702,1469368708,6
1,1469368704,1469368721,17
4,1469368709,1469368717,8
1,1469368730,1469368732,2
4,1469368731,1469368743,12
1,1469368737,1469368753,16
4,1469368748,1469368750,2
1,1469368767,1469368782,15
4,1469368773,1469368779,6
4,1469368779,1469368783,4
4,1469368784,1469368790,6
1,1469368785,1469368788,3
4,1469368790,1469368808,18
1,1469368792,1469368794,2
1,1469368805,1469368813,8
4,1469368808,1469368830,22
1,1469368822,1469368839,17
4,1469368838,1469368855,17
4,1469368856,1469368858,2
4,1469368858,1469368868,10
1,1469368860,1469368862,2
1,1469368865,1469368866,1
4,1469368868,1469368876,8
1,1469368870,1469368880,10
4,1469368878,1469368890,12
1,1469368886,1469368888,2
4,1469368890,1469368894,4
1,1469368894,1469368895,1
4,1469368894,1469368903,9
1,1469368900,1469368907,7
1,1469368913,1469368927,14
4,1469368922,1469368925,3
1,1469368930,1469368939,9
4,1469368932,1469368984,52
14,1469368939,1469368946,7
1,1469368969,1469368983,14
4,1469368985,1469368987,2
4,1469368988,1469368991,3
4,1469368992,1469368995,3
1,1469368999,1469369020,21
4,1469369013,1469369020,7
4,1469369020,1469369023,3
4,1469369023,1469369026,3
10,1469369025,1469369026,1
4,1469369026,1469369031,5
4,1469369031,1469369060,29
1,1469369033,1469369065,32
4,1469369060,1469369063,3
4,1469369066,1469369068,2
4,1469369068,1469369072,4
1,1469369073,1469369075,2
4,1469369077,1469369080,3
4,1469369080,1469369084,4
4,1469369085,1469369088,3
10,1469369086,1469369088,2
1,1469369097,1469369100,3
4,1469369101,1469369103,2
4,1469369103,1469369105,2
1,1469369104,1469369105,1
4,1469369106,1469369111,5
1,1469369109,1469369111,2
4,1469369111,1469369136,25
10,1469369113,1469369115,2
1,1469369117,1469369133,16
1,1469369137,1469369141,4
4,1469369141,1469369143,2
4,1469369144,1469369146,2
4,1469369149,1469369154,5
1,1469369152,1469369177,25
4,1469369154,1469369166,12
14,1469369174,1469369188,14
1,1469369201,1469369215,14
4,1469369218,1469369221,3
4,1469369221,1469369223,2
4,1469369224,1469369226,2
10,1469369226,1469369228,2
4,1469369228,1469369232,4
1,1469369232,1469369238,6
4,1469369232,1469369261,29
14,1469369238,1469369246,8
1,1469369246,1469369251,5
1,1469369258,1469369260,2
4,1469369261,1469369264,3
4,1469369264,1469369266,2
4,1469369266,1469369269,3
4,1469369269,1469369275,6
10,1469369270,1469369275,5
4,1469369275,1469369278,3
4,1469369278,1469369285,7
4,1469369285,1469369288,3
4,1469369288,1469369291,3
4,1469369291,1469369294,3
4,1469369295,1469369297,2
10,1469369296,1469369297,1
4,1469369297,1469369304,7
1,1469369300,1469369321,21
4,1469369306,1469369311,5
4,1469369317,1469369321,4
4,1469369325,1469369329,4
4,1469369329,1469369379,50
1,1469369330,1469369337,7
14,1469369336,1469369344,8
1,1469369345,1469369347,2
1,1469369350,1469369363,13
1,1469369369,1469369372,3
4,1469369379,1469369383,4
10,1469369381,1469369383,2
10,1469369383,1469369384,1
4,1469369384,1469369387,3
10,1469369385,1469369387,2
4,1469369387,1469369390,3
10,1469369389,1469369390,1
4,1469369390,1469369418,28
1,1469369417,1469369431,14
4,1469369418,1469369428,10
4,1469369432,1469369435,3
4,1469369436,1469369438,2
10,1469369436,1469369438,2
4,1469369441,1469369444,3
1,1469369442,1469369443,1
4,1469369444,1469369450,6
1,1469369446,1469369448,2
4,1469369451,1469369453,2
10,1469369451,1469369453,2
4,1469369454,1469369457,3
4,1469369457,1469369459,2
4,1469369459,1469369461,2
10,1469369460,1469369461,1
4,1469369462,1469369584,122
1,1469369580,1469369591,11
4,1469369584,1469369587,3
4,1469369587,1469369590,3
4,1469369590,1469369592,2
4,1469369592,1469369630,38
10,1469369592,1469369593,1
1,1469369627,1469369629,2
4,1469369630,1469369633,3
4,1469369633,1469369636,3
4,1469369637,1469369663,26
1,1469369660,1469369666,6
4,1469369667,1469369670,3
4,1469369670,1469369681,11
1,1469369674,1469369675,1
4,1469369682,1469369684,2
10,1469369683,1469369684,1
4,1469369684,1469369688,4
10,1469369685,1469369686,1
4,1469369688,1469369692,4
10,1469369689,1469369691,2
10,1469369693,1469369694,1
4,1469369696,1469369699,3
4,1469369699,1469369722,23
1,1469369703,1469369704,1
4,1469369724,1469369729,5
4,1469369729,1469369732,3
4,1469369732,1469369734,2
4,1469369734,1469369736,2
4,1469369738,1469369740,2
4,1469369741,1469369749,8
1,1469369744,1469369753,9
4,1469369749,1469369751,2
4,1469369751,1469369754,3
4,1469369754,1469369779,25
1,1469369775,1469369784,9
1,1469369788,1469369794,6
4,1469369789,1469369795,6
4,1469369795,1469369833,38
1,1469369830,1469369832,2
4,1469369846,1469369848,2
4,1469369848,1469369852,4
4,1469369853,1469369873,20
1,1469369867,1469369873,6
4,1469369873,1469369875,2
10,1469369876,1469369877,1
4,1469369877,1469369879,2
10,1469369878,1469369879,1
4,1469369880,1469369883,3
1,1469369885,1469369886,1
4,1469369888,1469369891,3
4,1469369891,1469369900,9
10,1469369893,1469369896,3
10,1469369897,1469369899,2
4,1469369900,1469369902,2
4,1469369902,1469369905,3
4,1469369905,1469369908,3
4,1469369910,1469369918,8
10,1469369912,1469369916,4
1,1469369921,1469369927,6
4,1469369925,1469369928,3
1,1469369947,1469369949,2
4,1469369950,1469369953,3
4,1469369954,1469369956,2
4,1469369956,1469369959,3
4,1469369961,1469369963,2
4,1469369964,1469369966,2
4,1469369966,1469370034,68
1,1469369969,1469369972,3
14,1469369972,1469369979,7
1,1469369995,1469370010,15
1,1469370023,1469370029,6
4,1469370035,1469370037,2
4,1469370038,1469370040,2
4,1469370040,1469370043,3
10,1469370041,1469370042,1
4,1469370043,1469370046,3
10,1469370043,1469370045,2
4,1469370047,1469370050,3
4,1469370050,1469370052,2
10,1469370052,1469370054,2
4,1469370054,1469370057,3
10,1469370055,1469370057,2
4,1469370057,1469370059,2
1,1469370061,1469370063,2
4,1469370064,1469370066,2
4,1469370066,1469370069,3
4,1469370071,1469370080,9
1,1469370075,1469370080,5
4,1469370080,1469370084,4
4,1469370084,1469370132,48
1,1469370085,1469370089,4
14,1469370088,1469370095,7
1,1469370096,1469370099,3
14,1469370099,1469370102,3
1,1469370103,1469370119,16
1,1469370126,1469370128,2
14,1469370128,1469370197,69
11,1469370130,1469370137,7
1,1469370131,1469370184,53
4,1469370132,1469370135,3
4,1469370135,1469370137,2
11,1469370137,1469370165,28
11,1469370166,1469370197,31
4,1469370166,1469370197,31
1,1469370187,1469370205,18
5,1469370195,1469370197,2
14,1469370205,1469370262,57
11,1469370207,1469370212,5
4,1469370208,1469370210,2
4,1469370211,1469370213,2
11,1469370212,1469370262,50
1,1469370221,1469370247,26
1,1469370258,1469370276,18
4,1469370262,1469370312,50
1,1469370286,1469370287,1
1,1469370292,1469370295,3
1,1469370309,1469370311,2
4,1469370313,1469370316,3
4,1469370316,1469370318,2
10,1469370319,1469370320,1
4,1469370323,1469370341,18
1,1469370330,1469370332,2
4,1469370341,1469370345,4
10,1469370343,1469370345,2
4,1469370347,1469370369,22
1,1469370349,1469370356,7
1,1469370366,1469370367,1
4,1469370370,1469370375,5
1,1469370372,1469370374,2
4,1469370376,1469370378,2
4,1469370378,1469370390,12
1,1469370384,1469370389,5
4,1469370390,1469370393,3
4,1469370393,1469370396,3
10,1469370395,1469370396,1
4,1469370402,1469370412,10
4,1469370412,1469370419,7
4,1469370419,1469370421,2
4,1469370421,1469370424,3
4,1469370424,1469370428,4
1,1469370425,1469370428,3
4,1469370429,1469370439,10
10,1469370430,1469370438,8
4,1469370439,1469370449,10
10,1469370439,1469370441,2
4,1469370449,1469370451,2
4,1469370451,1469370456,5
4,1469370457,1469370462,5
10,1469370458,1469370459,1
1,1469370459,1469370464,5
4,1469370464,1469370494,30
4,1469370495,1469370501,6
4,1469370501,1469370513,12
1,1469370501,1469370511,10
4,1469370513,1469370519,6
4,1469370519,1469370521,2
4,1469370522,1469370526,4
4,1469370526,1469370530,4
4,1469370530,1469370533,3
10,1469370532,1469370533,1
4,1469370533,1469370536,3
4,1469370536,1469370539,3
10,1469370537,1469370539,2
4,1469370539,1469370543,4
10,1469370540,1469370541,1
10,1469370541,1469370543,2
4,1469370543,1469370550,7
1,1469370546,1469370549,3
4,1469370553,1469370560,7
4,1469370560,1469370575,15
1,1469370562,1469370569,7
4,1469370575,1469370598,23
4,1469370598,1469370602,4
4,1469370602,1469370606,4
4,1469370606,1469370610,4
4,1469370610,1469370615,5
4,1469370615,1469370653,38
1,1469370618,1469370619,1
1,1469370624,1469370627,3
1,1469370632,1469370635,3
4,1469370654,1469370656,2
4,1469370656,1469370658,2
4,1469370659,1469370661,2
4,1469370661,1469370663,2
1,1469370664,1469370666,2
4,1469370667,1469370670,3
4,1469370670,1469370673,3
4,1469370673,1469370675,2
4,1469370675,1469370678,3
4,1469370678,1469370680,2
4,1469370681,1469370692,11
1,1469370690,1469370694,4
4,1469370695,1469370732,37
1,1469370697,1469370700,3
1,1469370721,1469370731,10
4,1469370733,1469370735,2
4,1469370735,1469370739,4
4,1469370739,1469370741,2
4,1469370742,1469370770,28
1,1469370759,1469370768,9
4,1469370771,1469370773,2
4,1469370773,1469370778,5
10,1469370774,1469370775,1
4,1469370778,1469370790,12
1,1469370788,1469370789,1
4,1469370790,1469370793,3
1,1469370794,1469370803,9
4,1469370794,1469370800,6
4,1469370800,1469370824,24
1,1469370807,1469370808,1
1,1469370814,1469370823,9
10,1469370824,1469370827,3
4,1469370826,1469370830,4
4,1469370830,1469370833,3
4,1469370833,1469370837,4
4,1469370839,1469370844,5
1,1469370845,1469370846,1
4,1469370847,1469370868,21
1,1469370850,1469370852,2
1,1469370864,1469370872,8
4,1469370877,1469370880,3
4,1469370881,1469370887,6
1,1469370885,1469370886,1
4,1469370887,1469370898,11
10,1469370888,1469370889,1
1,1469370891,1469370897,6
4,1469370898,1469370904,6
10,1469370899,1469370901,2
1,1469370900,1469370903,3
4,1469370904,1469370907,3
10,1469370906,1469370907,1
4,1469370908,1469370921,13
1,1469370919,1469370930,11
4,1469370931,1469370937,6
1,1469370935,1469370943,8
4,1469370937,1469370993,56
14,1469370942,1469370952,10
1,1469370953,1469370960,7
1,1469370977,1469370984,7
1,1469370989,1469370991,2
4,1469370993,1469370995,2
4,1469370995,1469370998,3
10,1469370998,1469370999,1
4,1469370999,1469371002,3
10,1469371000,1469371002,2
4,1469371002,1469371005,3
10,1469371004,1469371005,1
4,1469371005,1469371007,2
4,1469371007,1469371013,6
4,1469371015,1469371084,69
1,1469371019,1469371035,16
1,1469371039,1469371052,13
1,1469371056,1469371057,1
1,1469371066,1469371074,8
1,1469371081,1469371083,2
4,1469371084,1469371090,6
10,1469371085,1469371087,2
4,1469371090,1469371092,2
4,1469371092,1469371094,2
4,1469371094,1469371103,9
10,1469371097,1469371098,1
4,1469371103,1469371105,2
4,1469371106,1469371108,2
4,1469371108,1469371120,12
10,1469371109,1469371111,2
1,1469371111,1469371116,5
1,1469371121,1469371139,18
4,1469371128,1469371142,14
1,1469371143,1469371145,2
4,1469371145,1469371151,6
4,1469371152,1469371155,3
4,1469371155,1469371157,2
4,1469371157,1469371160,3
10,1469371159,1469371160,1
4,1469371160,1469371162,2
4,1469371163,1469371168,5
4,1469371169,1469371172,3
10,1469371171,1469371172,1
10,1469371172,1469371189,17
4,1469371189,1469371191,2
4,1469371192,1469371194,2
4,1469371194,1469371196,2
4,1469371196,1469371202,6
10,1469371197,1469371201,4
4,1469371206,1469371208,2
4,1469371208,1469371211,3
4,1469371211,1469371222,11
1,1469371216,1469371221,5
4,1469371222,1469371226,4
1,1469371227,1469371248,21
4,1469371228,1469371230,2
4,1469371238,1469371245,7
4,1469371245,1469371249,4
4,1469371249,1469371251,2
4,1469371251,1469371254,3
10,1469371252,1469371254,2
4,1469371254,1469371256,2
4,1469371256,1469371258,2
4,1469371258,1469371262,4
10,1469371263,1469371264,1
4,1469371272,1469371276,4
1,1469371274,1469371275,1
4,1469371277,1469371279,2
4,1469371279,1469371289,10
4,1469371289,1469371297,8
1,1469371296,1469371322,26
4,1469371297,1469371301,4
4,1469371302,1469371305,3
4,1469371305,1469371311,6
4,1469371313,1469371315,2
4,1469371316,1469371320,4
4,1469371321,1469371323,2
4,1469371329,1469371337,8
1,1469371332,1469371334,2
1,1469371339,1469371352,13
1,1469371358,1469371404,46
4,1469371366,1469371383,17
4,1469371406,1469371423,17
1,1469371420,1469371437,17
4,1469371423,1469371452,29
1,1469371449,1469371452,3
4,1469371452,1469371457,5
4,1469371462,1469371580,118
1,1469371464,1469371473,9
14,1469371467,1469371475,8
1,1469371477,1469371494,17
1,1469371512,1469371524,12
1,1469371529,1469371544,15
1,1469371556,1469371557,1
1,1469371573,1469371578,5
4,1469371580,1469371583,3
4,1469371583,1469371586,3
4,1469371586,1469371588,2
4,1469371588,1469371650,62
1,1469371590,1469371594,4
14,1469371593,1469371600,7
1,1469371602,1469371603,1
1,1469371611,1469371615,4
1,1469371623,1469371627,4
1,1469371633,1469371648,15
4,1469371650,1469371684,34
1,1469371652,1469371654,2
1,1469371660,1469371664,4
14,1469371663,1469371670,7
1,1469371672,1469371678,6
4,1469371685,1469371687,2
4,1469371687,1469371690,3
4,1469371690,1469371692,2
10,1469371690,1469371691,1
4,1469371693,1469371696,3
1,1469371697,1469371698,1
4,1469371699,1469371746,47
10,1469371700,1469371701,1
1,1469371702,1469371706,4
1,1469371713,1469371723,10
4,1469371747,1469371749,2
4,1469371749,1469371752,3
10,1469371750,1469371751,1
4,1469371752,1469371755,3
10,1469371754,1469371755,1
4,1469371755,1469371757,2
4,1469371757,1469371759,2
1,1469371782,1469371798,16
4,1469371791,1469371799,8
4,1469371799,1469371801,2
4,1469371801,1469371804,3
4,1469371807,1469371848,41
1,1469371809,1469371815,6
14,1469371812,1469371819,7
1,1469371825,1469371840,15
4,1469371849,1469371852,3
10,1469371850,1469371852,2
4,1469371852,1469371854,2
4,1469371854,1469371857,3
10,1469371856,1469371857,1
1,1469371860,1469371861,1
4,1469371862,1469371864,2
4,1469371864,1469371866,2
4,1469371866,1469371875,9
4,1469371875,1469371879,4
4,1469371879,1469371882,3
4,1469371882,1469371884,2
4,1469371884,1469371886,2
4,1469371887,1469371897,10
4,1469371897,1469371900,3
4,1469371900,1469371903,3
10,1469371902,1469371903,1
4,1469371903,1469371905,2
4,1469371905,1469371919,14
1,1469371915,1469371919,4
4,1469371920,1469371922,2
4,1469371922,1469371924,2
4,1469371925,1469371927,2
4,1469371927,1469371933,6
4,1469371933,1469371970,37
1,1469371933,1469371939,6
14,1469371938,1469371947,9
1,1469371949,1469371950,1
1,1469371955,1469371960,5
1,1469371964,1469371969,5
4,1469371973,1469372007,34
1,1469371973,1469371979,6
14,1469371976,1469371984,8
1,1469371989,1469371990,1
1,1469371994,1469372003,9
4,1469372007,1469372030,23
1,1469372007,1469372011,4
1,1469372017,1469372019,2
1,1469372022,1469372026,4
1,1469372029,1469372033,4
4,1469372030,1469372248,218
1,1469372036,1469372040,4
1,1469372045,1469372049,4
1,1469372054,1469372060,6
1,1469372148,1469372160,12
14,1469372160,1469372174,14
1,1469372179,1469372193,14
1,1469372196,1469372203,7
1,1469372207,1469372210,3
1,1469372213,1469372217,4
1,1469372221,1469372251,30
1,1469372254,1469372266,12
14,1469372266,1469372277,11
1,1469372277,1469372292,15
1,1469372981,1469372982,1
1,1469374818,1469374834,16
1,1469374837,1469374849,12
1,1469374857,1469374873,16
1,1469374884,1469374894,10
4,1469374890,1469374894,4
4,1469374894,1469374899,5
1,1469374897,1469374898,1
4,1469374899,1469374901,2
4,1469374901,1469374904,3
4,1469374906,1469374923,17
4,1469374924,1469374926,2
1,1469374927,1469374933,6
4,1469374929,1469374936,7
1,1469374939,1469374958,19
4,1469374954,1469375013,59
14,1469374958,1469374966,8
1,1469374968,1469374970,2
1,1469374974,1469374976,2
1,1469374992,1469374994,2
1,1469374998,1469375001,3
4,1469375014,1469375016,2
4,1469375017,1469375019,2
4,1469375020,1469375022,2
10,1469375021,1469375023,2
4,1469375023,1469375026,3
10,1469375023,1469375024,1
10,1469375024,1469375026,2
4,1469375026,1469375029,3
4,1469375029,1469375033,4
4,1469375033,1469375035,2
4,1469375035,1469375037,2
4,1469375037,1469375039,2
4,1469375040,1469375046,6
10,1469375044,1469375046,2
4,1469375046,1469375049,3
1,1469375047,1469375056,9
4,1469375051,1469375057,6
4,1469375057,1469375060,3
4,1469375066,1469375069,3
4,1469375069,1469375072,3
4,1469375072,1469375075,3
10,1469375074,1469375075,1
4,1469375075,1469375078,3
1,1469375078,1469375080,2
4,1469375081,1469375084,3
4,1469375084,1469375087,3
4,1469375087,1469375093,6
4,1469375093,1469375096,3
1,1469375094,1469375095,1
4,1469375096,1469375099,3
1,1469375099,1469375104,5
4,1469375102,1469375105,3
4,1469375105,1469375108,3
4,1469375108,1469375115,7
1,1469375109,1469375114,5
4,1469375115,1469375118,3
4,1469375118,1469375121,3
4,1469375121,1469375125,4
4,1469375125,1469375128,3
4,1469375128,1469375131,3
4,1469375131,1469375134,3
4,1469375134,1469375138,4
4,1469375138,1469375141,3
4,1469375142,1469375146,4
4,1469375147,1469375150,3
4,1469375150,1469375156,6
1,1469375152,1469375160,8
4,1469375158,1469375201,43
1,1469375175,1469375178,3
1,1469375189,1469375205,16
4,1469375203,1469375206,3
4,1469375206,1469375208,2
10,1469375207,1469375208,1
4,1469375208,1469375210,2
4,1469375211,1469375214,3
1,1469375212,1469375213,1
4,1469375214,1469375216,2
4,1469375216,1469375218,2
4,1469375218,1469375221,3
4,1469375221,1469375223,2
10,1469375223,1469375226,3
1,1469375224,1469375226,2
4,1469375226,1469375230,4
4,1469375230,1469375234,4
1,1469375230,1469375232,2
4,1469375234,1469375238,4
1,1469375236,1469375237,1
4,1469375238,1469375243,5
4,1469375243,1469375247,4
4,1469375247,1469375249,2
1,1469375247,1469375248,1
4,1469375249,1469375253,4
10,1469375249,1469375250,1
10,1469375251,1469375253,2
4,1469375254,1469375256,2
4,1469375256,1469375267,11
4,1469375267,1469375271,4
1,1469375267,1469375272,5
4,1469375272,1469375281,9
1,1469375277,1469375286,9
4,1469375281,1469375284,3
4,1469375286,1469375288,2
4,1469375288,1469375291,3
10,1469375289,1469375291,2
4,1469375291,1469375297,6
10,1469375292,1469375294,2
1,1469375295,1469375296,1
4,1469375303,1469375333,30
1,1469375304,1469375307,3
1,1469375313,1469375325,12
1,1469375330,1469375332,2
1,1469375338,1469375350,12
4,1469375351,1469375396,45
1,1469375355,1469375365,10
14,1469375364,1469375371,7
1,1469375373,1469375379,6
1,1469375392,1469375397,5
4,1469375398,1469375401,3
4,1469375402,1469375407,5
4,1469375407,1469375410,3
4,1469375410,1469375412,2
4,1469375412,1469375416,4
4,1469375417,1469375419,2
4,1469375419,1469375421,2
4,1469375424,1469375427,3
4,1469375427,1469375430,3
4,1469375431,1469375433,2
4,1469375433,1469375435,2
4,1469375437,1469375439,2
4,1469375441,1469375443,2
4,1469375443,1469375457,14
1,1469375448,1469375461,13
4,1469375457,1469375462,5
4,1469375462,1469375465,3
4,1469375465,1469375467,2
4,1469375467,1469375470,3
4,1469375470,1469375477,7
1,1469375471,1469375480,9
4,1469375481,1469375484,3
10,1469375483,1469375484,1
10,1469375484,1469375485,1
4,1469375485,1469375487,2
4,1469375489,1469375491,2
4,1469375491,1469375508,17
10,1469375508,1469375509,1
4,1469375509,1469375511,2
4,1469375511,1469375543,32
1,1469375539,1469375541,2
4,1469375543,1469375547,4
4,1469375547,1469375550,3
1,1469375547,1469375549,2
4,1469375550,1469375552,2
4,1469375552,1469375556,4
4,1469375557,1469375610,53
1,1469375560,1469375566,6
1,1469375571,1469375578,7
14,1469375573,1469375581,8
1,1469375606,1469375609,3
4,1469375611,1469375614,3
10,1469375612,1469375613,1
1,1469375612,1469375614,2
4,1469375614,1469375627,13
1,1469375618,1469375620,2
1,1469375624,1469375626,2
4,1469375627,1469375643,16
1,1469375630,1469375643,13
4,1469375644,1469375646,2
1,1469375650,1469375660,10
4,1469375652,1469375655,3
4,1469375657,1469375660,3
4,1469375661,1469375668,7
4,1469375668,1469375683,15
1,1469375681,1469375703,22
4,1469375684,1469375689,5
4,1469375693,1469375698,5
4,1469375705,1469375707,2
4,1469375707,1469375710,3
10,1469375708,1469375710,2
4,1469375711,1469375713,2
10,1469375711,1469375713,2
4,1469375713,1469375716,3
1,1469375715,1469375721,6
4,1469375716,1469375722,6
4,1469375722,1469375724,2
4,1469375724,1469375726,2
4,1469375726,1469375730,4
10,1469375728,1469375729,1
4,1469375732,1469375735,3
1,1469375736,1469375774,38
4,1469375743,1469375748,5
4,1469375757,1469375762,5
4,1469375767,1469375778,11
4,1469375778,1469375793,15
1,1469375779,1469375809,30
4,1469375795,1469375798,3
4,1469375798,1469375801,3
4,1469375804,1469375830,26
1,1469375816,1469375829,13
1,1469375836,1469375841,5
1,1469375846,1469375851,5
1,1469375873,1469375882,9
1,1469375885,1469375893,8
14,1469375891,1469375899,8
1,1469375899,1469375907,8
4,1469375907,1469375910,3
4,1469375910,1469375913,3
4,1469375913,1469375918,5
4,1469375918,1469375920,2
4,1469375920,1469375923,3
10,1469375923,1469375925,2
4,1469375925,1469375930,5
1,1469375927,1469375928,1
4,1469375930,1469375932,2
1,1469375934,1469375941,7
4,1469375939,1469375942,3
4,1469375942,1469375944,2
4,1469375944,1469375949,5
1,1469375946,1469375948,2
4,1469375949,1469375966,17
10,1469375949,1469375951,2
1,1469375959,1469375965,6
4,1469375966,1469375973,7
1,1469375969,1469375973,4
4,1469375974,1469375976,2
4,1469375976,1469375984,8
1,1469375977,1469375991,14
4,1469375984,1469375986,2
4,1469375987,1469375989,2
4,1469375989,1469375992,3
4,1469375992,1469376033,41
1,1469375995,1469375997,2
1,1469376004,1469376007,3
14,1469376006,1469376013,7
1,1469376014,1469376046,32
4,1469376033,1469376036,3
4,1469376036,1469376040,4
4,1469376040,1469376044,4
10,1469376041,1469376043,2
4,1469376047,1469376052,5
4,1469376052,1469376096,44
1,1469376052,1469376055,3
1,1469376069,1469376084,15
14,1469376073,1469376080,7
1,1469376090,1469376102,12
4,1469376098,1469376170,72
14,1469376101,1469376108,7
1,1469376112,1469376116,4
1,1469376119,1469376122,3
1,1469376160,1469376173,13
4,1469376177,1469376181,4
10,1469376179,1469376181,2
1,1469376180,1469376185,5
10,1469376182,1469376184,2
4,1469376186,1469376188,2
4,1469376188,1469376190,2
4,1469376190,1469376193,3
4,1469376193,1469376197,4
4,1469376201,1469376204,3
4,1469376204,1469376207,3
4,1469376208,1469376213,5
1,1469376211,1469376212,1
4,1469376214,1469376223,9
10,1469376214,1469376215,1
1,1469376216,1469376219,3
4,1469376224,1469376226,2
4,1469376227,1469376230,3
4,1469376230,1469376232,2
10,1469376231,1469376232,1
4,1469376245,1469376247,2
4,1469376247,1469376250,3
4,1469376250,1469376294,44
1,1469376254,1469376258,4
14,1469376258,1469376265,7
1,1469376269,1469376281,12
1,1469376287,1469376297,10
4,1469376294,1469376298,4
4,1469376298,1469376405,107
10,1469376298,1469376299,1
1,1469376303,1469376314,11
14,1469376308,1469376316,8
1,1469376319,1469376324,5
1,1469376328,1469376346,18
1,1469376354,1469376356,2
1,1469376367,1469376368,1
1,1469376373,1469376374,1
1,1469376377,1469376403,26
4,1469376406,1469376409,3
4,1469376409,1469376416,7
4,1469376420,1469376449,29
1,1469376423,1469376428,5
14,1469376428,1469376437,9
1,1469376433,1469376439,6
1,1469376443,1469376459,16
1,1469376465,1469376469,4
1,1469376480,1469376484,4
1,1469376489,1469376493,4
4,1469376506,1469376541,35
1,1469376507,1469376511,4
1,1469376520,1469376528,8
1,1469376533,1469376551,18
4,1469376542,1469376544,2
4,1469376545,1469376549,4
4,1469376552,1469376566,14
1,1469376561,1469376566,5
1,1469376570,1469376575,5
14,1469376575,1469376583,8
1,1469376585,1469376590,5
1,1469376606,1469376609,3
1,1469376616,1469376624,8
4,1469376625,1469376628,3
4,1469376628,1469376630,2
4,1469376632,1469376663,31
1,1469376654,1469376664,10
4,1469376665,1469376667,2
10,1469376666,1469376667,1
4,1469376669,1469376671,2
4,1469376671,1469376673,2
4,1469376673,1469376675,2
4,1469376676,1469376678,2
4,1469376679,1469376728,49
1,1469376686,1469376689,3
14,1469376688,1469376695,7
1,1469376703,1469376726,23
4,1469376728,1469376730,2
4,1469376730,1469376732,2
4,1469376732,1469376735,3
4,1469376735,1469376740,5
4,1469376742,1469376744,2
4,1469376744,1469376746,2
4,1469376746,1469376749,3
4,1469376749,1469376759,10
4,1469376759,1469376761,2
4,1469376762,1469376765,3
4,1469376765,1469376768,3
4,1469376770,1469376812,42
1,1469376778,1469376781,3
14,1469376781,1469376791,10
1,1469376796,1469376816,20
4,1469376812,1469376817,5
4,1469376820,1469376825,5
1,1469376821,1469376824,3
4,1469376828,1469376835,7
4,1469376835,1469376837,2
4,1469376838,1469376843,5
4,1469376846,1469376848,2
4,1469376851,1469376853,2
4,1469376853,1469376974,121
1,1469376859,1469376862,3
14,1469376862,1469376874,12
1,1469376894,1469376899,5
1,1469376910,1469376928,18
5,1469376921,1469376922,1
1,1469376932,1469376947,15
1,1469376950,1469376954,4
1,1469376963,1469376992,29
4,1469376981,1469376985,4
4,1469376985,1469376987,2
4,1469376988,1469376994,6
10,1469376989,1469376990,1
1,1469376996,1469376997,1
4,1469377002,1469377013,11
1,1469377006,1469377012,6
4,1469377013,1469377015,2
10,1469377013,1469377015,2
10,1469377015,1469377017,2
4,1469377017,1469377020,3
1,1469377018,1469377020,2
4,1469377025,1469377124,99
1,1469377026,1469377027,1
1,1469377040,1469377053,13
4,1469377125,1469377127,2
10,1469377125,1469377127,2
4,1469377127,1469377131,4
1,1469377129,1469377136,7
4,1469377131,1469377137,6
4,1469377139,1469377141,2
4,1469377142,1469377144,2
10,1469377144,1469377145,1
4,1469377145,1469377148,3
4,1469377148,1469377151,3
4,1469377151,1469377154,3
4,1469377154,1469377156,2
4,1469377156,1469377178,22
1,1469377169,1469377173,4
1,1469377187,1469377189,2
4,1469377190,1469377194,4
1,1469377192,1469377195,3
4,1469377195,1469377225,30
1,1469377208,1469377276,68
4,1469377225,1469377229,4
4,1469377229,1469377237,8
10,1469377231,1469377233,2
4,1469377237,1469377244,7
4,1469377248,1469377252,4
4,1469377259,1469377270,11
1,1469377282,1469377320,38
4,1469377286,1469377289,3
4,1469377289,1469377294,5
4,1469377294,1469377301,7
10,1469377294,1469377296,2
4,1469377301,1469377306,5
4,1469377307,1469377310,3
4,1469377311,1469377331,20
1,1469377324,1469377330,6
4,1469377332,1469377335,3
10,1469377333,1469377335,2
1,1469377334,1469377337,3
4,1469377335,1469377338,3
4,1469377338,1469377341,3
10,1469377338,1469377340,2
4,1469377341,1469377344,3
4,1469377344,1469377349,5
4,1469377349,1469377370,21
1,1469377358,1469377372,14
4,1469377370,1469377376,6
4,1469377376,1469377382,6
1,1469377379,1469377384,5
4,1469377385,1469377388,3
4,1469377388,1469377398,10
1,1469377391,1469377397,6
1,1469377400,1469377406,6
1,1469377413,1469377431,18
4,1469377422,1469377432,10
4,1469377432,1469377434,2
10,1469377433,1469377434,1
4,1469377434,1469377437,3
4,1469377437,1469377441,4
4,1469377441,1469377493,52
10,1469377442,1469377443,1
1,1469377445,1469377464,19
1,1469377471,1469377491,20
4,1469377494,1469377499,5
10,1469377496,1469377498,2
4,1469377500,1469377503,3
4,1469377504,1469377506,2
4,1469377506,1469377509,3
4,1469377509,1469377512,3
4,1469377512,1469377516,4
4,1469377517,1469377519,2
4,1469377519,1469377522,3
4,1469377523,1469377582,59
1,1469377529,1469377547,18
14,1469377547,1469377561,14
1,1469377560,1469377571,11
1,1469377575,1469377581,6
4,1469377582,1469377584,2
10,1469377583,1469377584,1
4,1469377584,1469377587,3
1,1469377585,1469377601,16
4,1469377587,1469377597,10
1,1469377604,1469377615,11
4,1469377615,1469377629,14
1,1469377618,1469377622,4
1,1469377626,1469377636,10
1,1469377640,1469377674,34
4,1469377658,1469377663,5
4,1469377663,1469377690,27
1,1469377677,1469377691,14
4,1469377690,1469377692,2
4,1469377692,1469377696,4
4,1469377696,1469377702,6
1,1469377697,1469377701,4
1,1469377706,1469377716,10
4,1469377709,1469377718,9
10,1469377716,1469377718,2
4,1469377718,1469377735,17
1,1469377731,1469377737,6
1,1469377741,1469377748,7
10,1469377746,1469377752,6
1,1469377753,1469377756,3
4,1469377760,1469377778,18
1,1469377775,1469377801,26
4,1469377783,1469377790,7
4,1469377790,1469377794,4
4,1469377794,1469377800,6
4,1469377802,1469377804,2
4,1469377804,1469377807,3
4,1469377809,1469377812,3
1,1469377810,1469377811,1
4,1469377812,1469377819,7
1,1469377815,1469377861,46
4,1469377820,1469377827,7
4,1469377829,1469377837,8
4,1469377839,1469377841,2
4,1469377845,1469377847,2
4,1469377853,1469377857,4
4,1469377858,1469377861,3
4,1469377866,1469377892,26
1,1469377867,1469377869,2
1,1469377876,1469377912,36
4,1469377905,1469377907,2
4,1469377907,1469377916,9
4,1469377916,1469377962,46
1,1469377918,1469377920,2
1,1469377924,1469377927,3
1,1469377934,1469377937,3
1,1469377940,1469377946,6
1,1469377949,1469377961,12
4,1469377962,1469377965,3
4,1469377965,1469377967,2
4,1469377967,1469377970,3
4,1469377970,1469377972,2
4,1469377972,1469377974,2
4,1469377974,1469377979,5
1,1469377977,1469377978,1
4,1469377979,1469377985,6
4,1469377985,1469377987,2
1,1469377989,1469378022,33
1,1469378033,1469378043,10
14,1469378043,1469378056,13
1,1469378059,1469378078,19
4,1469378076,1469378089,13
1,1469378082,1469378097,15
4,1469378089,1469378097,8
4,1469378097,1469378105,8
1,1469378100,1469378122,22
4,1469378105,1469378113,8
4,1469378113,1469378271,158
14,1469378122,1469378135,13
1,1469378138,1469378142,4
1,1469378150,1469378159,9
1,1469378168,1469378171,3
1,1469378194,1469378215,21
1,1469378276,1469378280,4
1,1469378287,1469378293,6
4,1469378294,1469378297,3
4,1469378297,1469378300,3
4,1469378300,1469378302,2
4,1469378302,1469378307,5
10,1469378304,1469378306,2
4,1469378307,1469378330,23
1,1469378310,1469378314,4
1,1469378317,1469378329,12
4,1469378333,1469378335,2
4,1469378336,1469378341,5
1,1469378337,1469378365,28
4,1469378342,1469378352,10
4,1469378357,1469378360,3
4,1469378362,1469378375,13
1,1469378368,1469378373,5
10,1469378373,1469378375,2
4,1469378375,1469378386,11
1,1469378377,1469378383,6
1,1469378396,1469378399,3
1,1469378482,1469378495,13
4,1469378489,1469378493,4
4,1469378532,1469378537,5
1,1469378538,1469378540,2
1,1469378544,1469378546,2
4,1469378547,1469378549,2
4,1469378549,1469378555,6
1,1469378556,1469378567,11
4,1469378565,1469378640,75
1,1469378627,1469378636,9
4,1469378640,1469378643,3
10,1469378642,1469378643,1
4,1469378643,1469378645,2
4,1469378645,1469378654,9
1,1469378648,1469378649,1
4,1469378654,1469378656,2
10,1469378654,1469378656,2
4,1469378656,1469378660,4
4,1469378660,1469378662,2
10,1469378660,1469378662,2
4,1469378663,1469378665,2
4,1469378665,1469378669,4
4,1469378669,1469378672,3
1,1469378670,1469378672,2
4,1469378672,1469378676,4
4,1469378677,1469378682,5
1,1469378678,1469378688,10
1,1469378692,1469378697,5
4,1469378698,1469378701,3
10,1469378699,1469378701,2
4,1469378701,1469378706,5
1,1469378702,1469378705,3
4,1469378706,1469378718,12
1,1469378710,1469378715,5
4,1469378718,1469378729,11
4,1469378729,1469378732,3
4,1469378732,1469378734,2
10,1469378732,1469378733,1
4,1469378734,1469378740,6
1,1469378736,1469378737,1
4,1469378744,1469378746,2
4,1469378746,1469378748,2
10,1469378747,1469378748,1
4,1469378748,1469378750,2
4,1469378751,1469378753,2
4,1469378753,1469378755,2
4,1469378755,1469378758,3
4,1469378760,1469378763,3
4,1469378763,1469378765,2
4,1469378768,1469378772,4
4,1469378772,1469378774,2
4,1469378774,1469378777,3
4,1469378777,1469378780,3
10,1469378778,1469378780,2
4,1469378780,1469378786,6
1,1469378783,1469378792,9
4,1469378787,1469378789,2
4,1469378789,1469378792,3
4,1469378792,1469378796,4
1,1469378795,1469378799,4
4,1469378797,1469378800,3
4,1469378800,1469378806,6
1,1469378802,1469378804,2
10,1469378805,1469378806,1
4,1469378806,1469378810,4
1,1469378811,1469378812,1
1,1469378817,1469378818,1
1,1469378821,1469378827,6
14,1469378826,1469378836,10
1,1469378835,1469378837,2
1,1469378843,1469378850,7
1,1469378853,1469378855,2
4,1469378856,1469378858,2
4,1469378858,1469378868,10
10,1469378860,1469378861,1
4,1469378869,1469378871,2
4,1469378871,1469378875,4
4,1469378876,1469378879,3
4,1469378879,1469378882,3
4,1469378882,1469378884,2
4,1469378885,1469378901,16
4,1469378901,1469378904,3
1,1469378902,1469378917,15
4,1469378904,1469378944,40
10,1469378904,1469378905,1
14,1469378917,1469378924,7
1,1469378929,1469378947,18
4,1469378944,1469378947,3
4,1469378948,1469378969,21
10,1469378949,1469378950,1
1,1469378951,1469378953,2
1,1469378964,1469378970,6
4,1469378971,1469378974,3
4,1469378974,1469378982,8
1,1469378979,1469378981,2
1,1469378988,1469378992,4
14,1469378992,1469378999,7
1,1469378996,1469379003,7
1,1469379010,1469379031,21
1,1469379045,1469379053,8
4,1469379056,1469379061,5
1,1469379057,1469379060,3
4,1469379061,1469379064,3
4,1469379064,1469379082,18
1,1469379066,1469379068,2
4,1469379083,1469379086,3
10,1469379085,1469379086,1
4,1469379087,1469379089,2
4,1469379089,1469379093,4
4,1469379093,1469379095,2
4,1469379096,1469379103,7
4,1469379103,1469379107,4
10,1469379104,1469379105,1
4,1469379107,1469379111,4
4,1469379111,1469379113,2
10,1469379112,1469379113,1
4,1469379113,1469379116,3
4,1469379116,1469379119,3
4,1469379120,1469379123,3
10,1469379121,1469379122,1
4,1469379123,1469379125,2
4,1469379125,1469379128,3
4,1469379128,1469379130,2
4,1469379130,1469379133,3
4,1469379133,1469379136,3
4,1469379136,1469379138,2
4,1469379139,1469379141,2
4,1469379141,1469379144,3
10,1469379142,1469379143,1
10,1469379143,1469379144,1
1,1469379148,1469379150,2
4,1469379151,1469379153,2
4,1469379153,1469379157,4
1,1469379154,1469379175,21
4,1469379160,1469379165,5
4,1469379166,1469379169,3
4,1469379170,1469379174,4
4,1469379176,1469379178,2
4,1469379182,1469379191,9
1,1469379184,1469379190,6
4,1469379192,1469379194,2
4,1469379194,1469379199,5
1,1469379195,1469379206,11
4,1469379203,1469379208,5
4,1469379208,1469379210,2
4,1469379210,1469379215,5
1,1469379212,1469379218,6
4,1469379218,1469379221,3
4,1469379221,1469379224,3
1,1469379225,1469379228,3
4,1469379229,1469379236,7
1,1469379232,1469379235,3
4,1469379236,1469379238,2
4,1469379238,1469379275,37
1,1469379243,1469379247,4
14,1469379247,1469379259,12
1,1469379260,1469379273,13
4,1469379275,1469379277,2
10,1469379277,1469379282,5
1,1469379279,1469379282,3
1,1469379287,1469379289,2
1,1469379301,1469379303,2
1,1469379317,1469379351,34
14,1469379343,1469379353,10
1,1469379354,1469379365,11
1,1469379378,1469379384,6
1,1469379399,1469379402,3
1,1469379414,1469379416,2
1,1469379436,1469379452,16
14,1469379452,1469379476,24
11,1469379454,1469379461,7
1,1469379455,1469379457,2
4,1469379456,1469379458,2
4,1469379459,1469379464,5
11,1469379461,1469379464,3
1,1469379462,1469379464,2
11,1469379465,1469379476,11
1,1469379472,1469379480,8
5,1469379474,1469379476,2
4,1469379476,1469379532,56
1,1469379493,1469379509,16
1,1469379516,1469379519,3
4,1469379534,1469379537,3
10,1469379537,1469379539,2
4,1469379539,1469379541,2
4,1469379542,1469379544,2
4,1469379544,1469379548,4
4,1469379548,1469379550,2
4,1469379550,1469379552,2
4,1469379552,1469379556,4
1,1469379555,1469379556,1
4,1469379557,1469379562,5
1,1469379563,1469379568,5
4,1469379570,1469379573,3
4,1469379573,1469379575,2
4,1469379576,1469379578,2
4,1469379578,1469379584,6
4,1469379584,1469379598,14
1,1469379616,1469379632,16
4,1469379624,1469379629,5
10,1469379626,1469379627,1
4,1469379629,1469379633,4
4,1469379633,1469379637,4
10,1469379634,1469379637,3
4,1469379637,1469379667,30
10,1469379638,1469379641,3
1,1469379663,1469379674,11
4,1469379667,1469379671,4
4,1469379672,1469379675,3
4,1469379675,1469379682,7
1,1469379677,1469379691,14
4,1469379682,1469379685,3
4,1469379686,1469379693,7
4,1469379693,1469379696,3
4,1469379696,1469379699,3
4,1469379700,1469379703,3
1,1469379701,1469379708,7
4,1469379706,1469379709,3
4,1469379710,1469379717,7
1,1469379712,1469379715,3
4,1469379718,1469379724,6
1,1469379719,1469379737,18
4,1469379725,1469379732,7
1,1469379743,1469379750,7
4,1469379751,1469379753,2
4,1469379754,1469379758,4
1,1469379755,1469379769,14
4,1469379762,1469379766,4
4,1469379768,1469379770,2
4,1469379770,1469379773,3
4,1469379774,1469379777,3
1,1469379774,1469379776,2
4,1469379777,1469379780,3
4,1469379780,1469379782,2
4,1469379782,1469379784,2
4,1469379784,1469379788,4
10,1469379786,1469379787,1
1,1469379786,1469379787,1
4,1469379788,1469379796,8
1,1469379791,1469379794,3
4,1469379796,1469379799,3
4,1469379799,1469379806,7
1,1469379802,1469379804,2
4,1469379806,1469379810,4
1,1469379808,1469379853,45
4,1469379810,1469379816,6
4,1469379820,1469379824,4
4,1469379827,1469379832,5
4,1469379836,1469379840,4
4,1469379843,1469379848,5
1,1469379857,1469379866,9
4,1469379857,1469379861,4
4,1469379861,1469379865,4
4,1469379865,1469379889,24
1,1469379871,1469379874,3
1,1469379877,1469379890,13
4,1469379892,1469379897,5
4,1469379898,1469379901,3
1,1469379899,1469379960,61
4,1469379902,1469379910,8
4,1469379912,1469379916,4
4,1469379918,1469379922,4
4,1469379924,1469379928,4
4,1469379932,1469379934,2
4,1469379934,1469379940,6
4,1469379945,1469379950,5
4,1469379952,1469379957,5
4,1469379961,1469379963,2
4,1469379963,1469379965,2
4,1469379965,1469379967,2
1,1469379968,1469380033,65
4,1469379971,1469379975,4
4,1469379975,1469379983,8
4,1469379984,1469379989,5
4,1469379991,1469379997,6
4,1469379999,1469380003,4
4,1469380005,1469380012,7
4,1469380014,1469380017,3
4,1469380019,1469380023,4
4,1469380027,1469380030,3
4,1469380032,1469380153,121
1,1469380041,1469380044,3
14,1469380044,1469380055,11
1,1469380057,1469380059,2
1,1469380090,1469380095,5
1,1469380140,1469380148,8
4,1469380154,1469380156,2
4,1469380157,1469380185,28
1,1469380158,1469380171,13
1,1469380179,1469380181,2
4,1469380185,1469380190,5
4,1469380192,1469380195,3
4,1469380195,1469380199,4
4,1469380199,1469380204,5
4,1469380204,1469380206,2
4,1469380207,1469380209,2
4,1469380209,1469380212,3
4,1469380212,1469380215,3
4,1469380220,1469380314,94
1,1469380229,1469380231,2
1,1469380277,1469380281,4
14,1469380280,1469380287,7
1,1469380289,1469380293,4
1,1469380296,1469380302,6
1,1469380307,1469380313,6
4,1469380314,1469380317,3
4,1469380317,1469380319,2
4,1469380320,1469380322,2
4,1469380322,1469380324,2
4,1469380324,1469380326,2
4,1469380326,1469380349,23
1,1469380328,1469380331,3
1,1469380334,1469380337,3
1,1469380346,1469380351,5
4,1469380350,1469380352,2
4,1469380352,1469380359,7
1,1469380355,1469380361,6
4,1469380361,1469380406,45
1,1469380383,1469380388,5
1,1469380403,1469380413,10
4,1469380407,1469380414,7
4,1469380415,1469380417,2
4,1469380417,1469380420,3
4,1469380420,1469380422,2
10,1469380420,1469380422,2
4,1469380422,1469380432,10
4,1469380433,1469380435,2
4,1469380435,1469380437,2
4,1469380439,1469380443,4
4,1469380443,1469380466,23
4,1469380466,1469380472,6
10,1469380467,1469380472,5
4,1469380473,1469380476,3
4,1469380476,1469380479,3
4,1469380479,1469380484,5
4,1469380484,1469380486,2
10,1469380485,1469380486,1
4,1469380486,1469380490,4
4,1469380490,1469380505,15
4,1469380528,1469380531,3
4,1469380531,1469380533,2
4,1469380533,1469380553,20
1,1469380540,1469380555,15
4,1469380554,1469380556,2
4,1469380557,1469380559,2
4,1469380559,1469380564,5
1,1469380560,1469380563,3
4,1469380564,1469380572,8
1,1469380567,1469380576,9
4,1469380573,1469380577,4
1,1469380582,1469380585,3
4,1469380586,1469380595,9
1,1469380589,1469380594,5
4,1469380596,1469380598,2
4,1469380598,1469380601,3
4,1469380608,1469380651,43
1,1469380627,1469380635,8
1,1469380639,1469380642,3
1,1469380647,1469380655,8
4,1469380651,1469380706,55
1,1469380660,1469380675,15
1,1469380682,1469380690,8
1,1469380694,1469380712,18
14,1469380712,1469380722,10
1,1469380740,1469380778,38
1,1469380783,1469380784,1
1,1469380789,1469380790,1
14,1469380790,1469380854,64
11,1469380793,1469380799,6
4,1469380794,1469380796,2
4,1469380796,1469380803,7
11,1469380799,1469380802,3
1,1469380800,1469380803,3
11,1469380803,1469380854,51
1,1469380816,1469380819,3
1,1469380822,1469380832,10
4,1469380833,1469380840,7
4,1469380840,1469380842,2
4,1469380843,1469380845,2
4,1469380846,1469380854,8
1,1469380851,1469380859,8
5,1469380852,1469380854,2
14,1469380858,1469380874,16
1,1469380880,1469380881,1
14,1469380881,1469380978,97
11,1469380883,1469380889,6
4,1469380885,1469380887,2
1,1469380885,1469380905,20
4,1469380887,1469380893,6
11,1469380889,1469380892,3
11,1469380893,1469380895,2
11,1469380895,1469380901,6
11,1469380901,1469380915,14
1,1469380912,1469380915,3
11,1469380915,1469380923,8
4,1469380915,1469380971,56
1,1469380923,1469380927,4
11,1469380923,1469380978,55
1,1469380938,1469380941,3
1,1469380946,1469380949,3
1,1469380961,1469380984,23
4,1469380972,1469380978,6
5,1469380975,1469380978,3
14,1469380983,1469381014,31
11,1469380990,1469380996,6
4,1469380992,1469380994,2
4,1469380995,1469380999,4
11,1469380996,1469380998,2
1,1469380997,1469381002,5
11,1469381000,1469381001,1
4,1469381001,1469381014,13
11,1469381003,1469381014,11
1,1469381009,1469381032,23
5,1469381012,1469381014,2
4,1469381022,1469381024,2
1,1469381046,1469381048,2
4,1469381049,1469381051,2
4,1469381051,1469381056,5
1,1469381052,1469381056,4
4,1469381057,1469381059,2
4,1469381060,1469381062,2
1,1469381060,1469381082,22
4,1469381063,1469381066,3
14,1469381077,1469381112,35
11,1469381084,1469381090,6
1,1469381086,1469381095,9
4,1469381086,1469381088,2
11,1469381090,1469381099,9
4,1469381090,1469381104,14
1,1469381098,1469381099,1
11,1469381100,1469381104,4
1,1469381104,1469381115,11
11,1469381105,1469381112,7
5,1469381110,1469381112,2
4,1469381112,1469381116,4
1,1469381119,1469381137,18
4,1469381126,1469381128,2
4,1469381146,1469381151,5
1,1469381147,1469381156,9
4,1469381152,1469381157,5
1,1469381160,1469381165,5
4,1469381161,1469381174,13
14,1469381165,1469381215,50
11,1469381172,1469381179,7
1,1469381174,1469381182,8
4,1469381175,1469381177,2
4,1469381177,1469381179,2
11,1469381179,1469381181,2
11,1469381182,1469381186,4
1,1469381186,1469381192,6
11,1469381186,1469381215,29
1,1469381206,1469381229,23
5,1469381213,1469381215,2
4,1469381215,1469381224,9
4,1469381227,1469381247,20
1,1469381232,1469381241,9
14,1469381239,1469381273,34
11,1469381245,1469381251,6
4,1469381247,1469381249,2
4,1469381250,1469381271,21
11,1469381251,1469381254,3
1,1469381252,1469381277,25
11,1469381256,1469381257,1
11,1469381258,1469381271,13
11,1469381271,1469381273,2
5,1469381271,1469381273,2
4,1469381273,1469381422,149
14,1469381277,1469381280,3
1,1469381283,1469381291,8
1,1469381414,1469381422,8
4,1469381422,1469381425,3
4,1469381426,1469381431,5
10,1469381427,1469381430,3
1,1469381427,1469381435,8
1,1469381438,1469381448,10
1,1469381452,1469381482,30
4,1469381452,1469381471,19
4,1469381477,1469381667,190
1,1469381609,1469381618,9
1,1469381658,1469381666,8
4,1469381668,1469381670,2
4,1469381670,1469381672,2
4,1469381672,1469381675,3
4,1469381675,1469381677,2
4,1469381678,1469381681,3
4,1469381681,1469381684,3
4,1469381685,1469381687,2
4,1469381687,1469381689,2
4,1469381689,1469381691,2
4,1469381694,1469381696,2
4,1469381696,1469381706,10
4,1469381713,1469381724,11
1,1469381721,1469381727,6
4,1469381725,1469381728,3
4,1469381734,1469381740,6
1,1469381736,1469381740,4
4,1469381741,1469381744,3
4,1469381748,1469381862,114
1,1469381763,1469381766,3
1,1469381769,1469381773,4
1,1469381776,1469381786,10
1,1469381791,1469381796,5
1,1469381803,1469381806,3
1,1469381838,1469381840,2
1,1469381844,1469381850,6
1,1469381856,1469381869,13
1,1469381879,1469381886,7
4,1469381893,1469381918,25
1,1469381897,1469381899,2
1,1469381902,1469381908,6
1,1469381914,1469381916,2
1,1469381920,1469381934,14
4,1469381935,1469381948,13
1,1469381940,1469381947,7
1,1469381955,1469381973,18
4,1469381962,1469381974,12
1,1469381979,1469381998,19
14,1469381993,1469382004,11
1,1469382011,1469382014,3
1,1469382019,1469382021,2
4,1469382022,1469382040,18
1,1469382026,1469382037,11
1,1469382043,1469382057,14
4,1469382059,1469382070,11
1,1469382060,1469382068,8
1,1469382073,1469382085,12
4,1469382074,1469382102,28
14,1469382084,1469382095,11
1,1469382096,1469382101,5
1,1469382124,1469382131,7
14,1469382131,1469382139,8
1,1469382140,1469382145,5
1,1469382150,1469382181,31
14,1469382152,1469382160,8
1,1469383866,1469383873,7
1,1469383887,1469383894,7
1,1469383902,1469383903,1
1,1469383916,1469383933,17
1,1469383942,1469383953,11
4,1469383954,1469385458,1504
1,1469383958,1469383964,6
1,1469383968,1469383983,15
1,1469384005,1469384013,8
1,1469384016,1469384022,6
1,1469385393,1469385395,2
1,1469385404,1469385406,2
1,1469385409,1469385412,3
1,1469385426,1469385449,23
1,1469385455,1469385456,1
4,1469385458,1469385460,2
4,1469385460,1469385485,25
10,1469385461,1469385463,2
1,1469385474,1469385484,10
4,1469385486,1469385489,3
1,1469385487,1469385499,12
4,1469385490,1469385493,3
4,1469385494,1469385496,2
4,1469385498,1469385517,19
1,1469385515,1469385545,30
4,1469385525,1469385533,8
4,1469385542,1469385554,12
1,1469385549,1469385578,29
4,1469385554,1469385556,2
4,1469385561,1469385565,4
4,1469385569,1469385574,5
4,1469385579,1469385619,40
1,1469385605,1469385607,2
1,1469385613,1469385617,4
4,1469385622,1469385626,4
1,1469385624,1469385626,2
4,1469385627,1469385629,2
4,1469385629,1469385631,2
4,1469385631,1469385633,2
4,1469385633,1469385636,3
4,1469385645,1469385654,9
1,1469385651,1469385652,1
4,1469385657,1469385681,24
1,1469385668,1469385670,2
1,1469385673,1469385674,1
4,1469385682,1469385685,3
4,1469385685,1469385688,3
4,1469385688,1469385691,3
4,1469385692,1469385694,2
10,1469385693,1469385694,1
4,1469385694,1469385697,3
4,1469385697,1469385699,2
4,1469385701,1469385704,3
10,1469385701,1469385704,3
10,1469385704,1469385709,5
4,1469385710,1469385725,15
1,1469385721,1469385727,6
1,1469385735,1469385745,10
4,1469385737,1469385742,5
4,1469385751,1469385753,2
4,1469385754,1469385756,2
4,1469385758,1469385760,2
4,1469385760,1469385765,5
4,1469385765,1469385779,14
4,1469385787,1469385806,19
4,1469385806,1469385809,3
10,1469385807,1469385808,1
4,1469385809,1469385812,3
4,1469385812,1469385817,5
4,1469385818,1469385835,17
4,1469385836,1469385838,2
4,1469385839,1469385841,2
4,1469385841,1469385845,4
4,1469385845,1469385847,2
4,1469385848,1469385850,2
4,1469385850,1469385870,20
1,1469385863,1469385868,5
4,1469385870,1469385873,3
4,1469385873,1469385876,3
4,1469385876,1469385879,3
4,1469385879,1469385881,2
4,1469385881,1469385885,4
4,1469385885,1469385890,5
1,1469385890,1469385892,2
4,1469385890,1469385909,19
1,1469385900,1469385908,8
4,1469385909,1469385911,2
4,1469385912,1469385915,3
4,1469385915,1469385917,2
4,1469385918,1469385920,2
4,1469385921,1469385927,6
4,1469385927,1469385931,4
1,1469385929,1469385936,7
10,1469385931,1469385933,2
1,1469385940,1469385946,6
4,1469385943,1469385948,5
10,1469385944,1469385945,1
4,1469385948,1469385950,2
4,1469385950,1469385959,9
1,1469385951,1469385979,28
4,1469385961,1469385965,4
4,1469385967,1469385980,13
4,1469385980,1469385982,2
10,1469385982,1469385983,1
4,1469385983,1469385985,2
4,1469385986,1469385988,2
4,1469385988,1469386000,12
10,1469385989,1469385990,1
1,1469385991,1469386001,10
4,1469386002,1469386006,4
1,1469386004,1469386005,1
4,1469386006,1469386011,5
1,1469386009,1469386027,18
4,1469386011,1469386018,7
4,1469386020,1469386024,4
4,1469386024,1469386028,4
4,1469386028,1469386032,4
4,1469386037,1469386042,5
4,1469386042,1469386047,5
4,1469386047,1469386074,27
1,1469386049,1469386050,1
1,1469386054,1469386062,8
4,1469386075,1469386077,2
4,1469386077,1469386079,2
4,1469386079,1469386084,5
4,1469386084,1469386112,28
1,1469386088,1469386093,5
10,1469386093,1469386094,1
10,1469386096,1469386107,11
4,1469386113,1469386117,4
1,1469386114,1469386116,2
4,1469386118,1469386122,4
10,1469386119,1469386120,1
1,1469386121,1469386125,4
4,1469386126,1469386129,3
4,1469386129,1469386131,2
4,1469386132,1469386139,7
1,1469386140,1469386142,2
4,1469386142,1469386151,9
10,1469386144,1469386147,3
1,1469386145,1469386148,3
4,1469386151,1469386154,3
4,1469386154,1469386157,3
4,1469386157,1469386160,3
10,1469386159,1469386160,1
4,1469386161,1469386163,2
4,1469386163,1469386166,3
4,1469386166,1469386170,4
1,1469386170,1469386180,10
4,1469386181,1469386187,6
1,1469386183,1469386200,17
4,1469386188,1469386190,2
4,1469386190,1469386201,11
10,1469386192,1469386193,1
4,1469386202,1469386221,19
1,1469386203,1469386218,15
4,1469386222,1469386226,4
10,1469386223,1469386225,2
4,1469386227,1469386230,3
4,1469386230,1469386234,4
10,1469386234,1469386236,2
4,1469386236,1469386238,2
10,1469386236,1469386237,1
1,1469386254,1469386259,5
4,1469386260,1469386262,2
4,1469386262,1469386264,2
4,1469386265,1469386282,17
1,1469386270,1469386284,14
1,1469386289,1469386291,2
4,1469386292,1469386294,2
4,1469386294,1469386296,2
4,1469386297,1469386304,7
1,1469386299,1469386307,8
1,1469386326,1469386328,2
4,1469386329,1469386340,11
1,1469386341,1469386343,2
1,1469386358,1469386366,8
1,1469386370,1469386372,2
1,1469386383,1469386392,9
4,1469386386,1469386391,5
1,1469386397,1469386403,6
4,1469386397,1469386467,70
1,1469386416,1469386426,10
14,1469386422,1469386435,13
1,1469386437,1469386440,3
1,1469386446,1469386458,12
1,1469386464,1469386467,3
4,1469386468,1469386483,15
1,1469386480,1469386486,6
4,1469386488,1469386499,11
1,1469386490,1469386498,8
4,1469386499,1469386501,2
4,1469386501,1469386504,3
10,1469386503,1469386504,1
4,1469386504,1469386509,5
1,1469386506,1469386510,4
4,1469386511,1469386517,6
1,1469386514,1469386516,2
4,1469386519,1469386522,3
4,1469386522,1469386526,4
10,1469386523,1469386526,3
4,1469386526,1469386529,3
4,1469386530,1469386532,2
4,1469386533,1469386538,5
4,1469386539,1469386588,49
1,1469386542,1469386550,8
14,1469386547,1469386555,8
1,1469386558,1469386561,3
1,1469386568,1469386613,45
4,1469386593,1469386598,5
4,1469386601,1469386632,31
1,1469386629,1469386632,3
4,1469386633,1469386635,2
4,1469386635,1469386637,2
4,1469386638,1469386641,3
4,1469386641,1469386651,10
1,1469386644,1469386646,2
1,1469386650,1469386651,1
4,1469386652,1469386665,13
1,1469386654,1469386656,2
1,1469386659,1469386665,6
4,1469386667,1469386743,76
1,1469386669,1469386673,4
14,1469386673,1469386684,11
1,1469386687,1469386690,3
1,1469386694,1469386698,4
1,1469386714,1469386717,3
1,1469386724,1469386754,30
4,1469386743,1469386747,4
14,1469386754,1469386762,8
1,1469386768,1469386783,15
4,1469386775,1469386784,9
4,1469386785,1469386787,2
4,1469386787,1469386789,2
4,1469386789,1469386791,2
4,1469386791,1469386796,5
10,1469386792,1469386796,4
4,1469386796,1469386798,2
4,1469386798,1469386801,3
10,1469386799,1469386801,2
4,1469386801,1469386803,2
4,1469386804,1469386809,5
10,1469386805,1469386808,3
1,1469386807,1469386808,1
4,1469386809,1469386811,2
4,1469386811,1469386813,2
4,1469386814,1469386817,3
1,1469386818,1469386822,4
4,1469386822,1469386825,3
10,1469386824,1469386825,1
4,1469386825,1469386828,3
1,1469386832,1469386836,4
4,1469386837,1469386839,2
10,1469386838,1469386839,1
4,1469386840,1469386842,2
10,1469386840,1469386842,2
4,1469386842,1469386844,2
4,1469386844,1469386849,5
4,1469386849,1469386858,9
10,1469386850,1469386851,1
1,1469386855,1469386857,2
4,1469386861,1469386864,3
1,1469386862,1469386863,1
4,1469386868,1469386897,29
10,1469386869,1469386874,5
1,1469386886,1469386887,1
1,1469386891,1469386895,4
4,1469386897,1469386899,2
10,1469386899,1469386900,1
4,1469386900,1469386902,2
4,1469386905,1469386908,3
4,1469386908,1469386910,2
10,1469386909,1469386911,2
4,1469386911,1469386913,2
4,1469386913,1469386916,3
4,1469386916,1469386926,10
10,1469386916,1469386917,1
1,1469386918,1469386926,8
4,1469386927,1469386930,3
10,1469386928,1469386930,2
4,1469386931,1469386942,11
1,1469386934,1469386941,7
4,1469386942,1469386944,2
4,1469386945,1469386955,10
1,1469386947,1469386954,7
4,1469386956,1469386958,2
4,1469386958,1469386960,2
4,1469386960,1469386964,4
4,1469386964,1469386966,2
4,1469386967,1469386973,6
4,1469386973,1469386976,3
4,1469386976,1469386978,2
1,1469386980,1469386993,13
4,1469386988,1469386990,2
4,1469386993,1469386996,3
4,1469386996,1469387004,8
1,1469386998,1469387001,3
4,1469387004,1469387006,2
4,1469387006,1469387008,2
4,1469387008,1469387012,4
1,1469387025,1469387026,1
4,1469387027,1469387035,8
4,1469387035,1469387045,10
1,1469387038,1469387042,4
4,1469387045,1469387052,7
10,1469387045,1469387047,2
10,1469387047,1469387052,5
4,1469387052,1469387054,2
4,1469387055,1469387059,4
10,1469387055,1469387059,4
1,1469387057,1469387063,6
4,1469387059,1469388286,1227
14,1469387063,1469387071,8
1,1469388254,1469388257,3
1,1469388260,1469388265,5
1,1469388269,1469388271,2
1,1469388279,1469388285,6
4,1469388288,1469388325,37
1,1469388305,1469388307,2
1,1469388322,1469388324,2
4,1469388325,1469388348,23
1,1469388331,1469388347,16
4,1469388349,1469388353,4
1,1469388355,1469388359,4
4,1469388360,1469388376,16
4,1469388379,1469388386,7
4,1469388386,1469388447,61
1,1469388389,1469388395,6
14,1469388392,1469388399,7
1,1469388407,1469388420,13
1,1469388437,1469388449,12
4,1469388450,1469388455,5
4,1469388455,1469388462,7
4,1469388463,1469388465,2
4,1469388465,1469388467,2
4,1469388467,1469388470,3
4,1469388470,1469388483,13
1,1469388475,1469388480,5
4,1469388483,1469388486,3
10,1469388485,1469388486,1
4,1469388486,1469388624,138
10,1469388486,1469388611,125
1,1469388611,1469388617,6
1,1469388621,1469388635,14
4,1469388642,1469388644,2
4,1469388644,1469388647,3
4,1469388648,1469388661,13
1,1469388651,1469388659,8
4,1469388663,1469388666,3
4,1469388666,1469388668,2
4,1469388669,1469388673,4
4,1469388675,1469388678,3
4,1469388678,1469388683,5
4,1469388683,1469388685,2
4,1469388686,1469388688,2
4,1469388688,1469388692,4
10,1469388689,1469388692,3
4,1469388692,1469388694,2
4,1469388695,1469388709,14
10,1469388697,1469388698,1
1,1469388705,1469388708,3
4,1469388710,1469388718,8
1,1469388723,1469388743,20
4,1469388729,1469388735,6
4,1469388741,1469388743,2
4,1469388743,1469388751,8
4,1469388751,1469388753,2
4,1469388753,1469388756,3
4,1469388757,1469388759,2
4,1469388759,1469388763,4
4,1469388763,1469388765,2
4,1469388765,1469388768,3
4,1469388768,1469388775,7
1,1469388773,1469388774,1
4,1469388775,1469388783,8
10,1469388777,1469388783,6
4,1469388783,1469388791,8
1,1469388788,1469388790,2
4,1469388791,1469388817,26
1,1469388796,1469388797,1
1,1469388816,1469388821,5
4,1469388817,1469388907,90
14,1469388821,1469388829,8
1,1469388845,1469388846,1
1,1469388850,1469388855,5
1,1469388891,1469388894,3
1,1469388897,1469388902,5
14,1469388902,1469388964,62
11,1469388905,1469388912,7
4,1469388908,1469388910,2
4,1469388911,1469388953,42
11,1469388912,1469388915,3
1,1469388914,1469388924,10
11,1469388917,1469388964,47
1,1469388931,1469388937,6
1,1469388950,1469388953,3
4,1469388954,1469388965,11
1,1469388961,1469388971,10
5,1469388962,1469388964,2
14,1469388970,1469388978,8
1,1469388981,1469388984,3
1,1469389001,1469389003,2
4,1469389003,1469389009,6
1,1469389009,1469389018,9
4,1469389009,1469389350,341
1,1469389022,1469389035,13
1,1469389129,1469389134,5
1,1469389245,1469389265,20
1,1469389274,1469389277,3
1,1469389291,1469389295,4
1,1469389298,1469389343,45
1,1469389346,1469389348,2
4,1469389350,1469389352,2
4,1469389353,1469389356,3
4,1469389356,1469389361,5
10,1469389356,1469389361,5
4,1469389363,1469389366,3
1,1469389364,1469389366,2
4,1469389366,1469389370,4
10,1469389368,1469389370,2
4,1469389372,1469389375,3
4,1469389375,1469389377,2
4,1469389378,1469389382,4
10,1469389378,1469389382,4
4,1469389385,1469389388,3
4,1469389388,1469389391,3
10,1469389389,1469389391,2
4,1469389394,1469389401,7
10,1469389394,1469389401,7
4,1469389404,1469389409,5
10,1469389404,1469389409,5
4,1469389411,1469389413,2
4,1469389416,1469389419,3
10,1469389416,1469389419,3
4,1469389421,1469389423,2
1,1469389424,1469389427,3
4,1469389428,1469389431,3
10,1469389429,1469389431,2
1,1469389432,1469389446,14
4,1469389434,1469389442,8
10,1469389435,1469389442,7
4,1469389444,1469389447,3
4,1469389447,1469389450,3
10,1469389448,1469389450,2
4,1469389454,1469389464,10
1,1469389461,1469389472,11
4,1469389464,1469389467,3
4,1469389469,1469389473,4
4,1469389473,1469389479,6
1,1469389475,1469389478,3
4,1469389479,1469389523,44
1,1469389485,1469389497,12
14,1469389496,1469389507,11
1,1469389505,1469389530,25
4,1469389524,1469389532,8
4,1469389532,1469389534,2
4,1469389534,1469389536,2
4,1469389537,1469389565,28
1,1469389542,1469389549,7
14,1469389547,1469389555,8
1,1469389557,1469389571,14
14,1469389570,1469389578,8
1,1469389579,1469389582,3
1,1469389585,1469389594,9
4,1469389595,1469389609,14
10,1469389597,1469389609,12
4,1469389609,1469389611,2
10,1469389610,1469389612,2
4,1469389612,1469389614,2
4,1469389614,1469389627,13
10,1469389615,1469389623,8
1,1469389617,1469389626,9
4,1469389627,1469389629,2
4,1469389630,1469389634,4
1,1469389633,1469389639,6
4,1469389637,1469389639,2
4,1469389639,1469389644,5
4,1469389644,1469389647,3
4,1469389647,1469389649,2
4,1469389649,1469389654,5
1,1469389652,1469389653,1
4,1469389654,1469389656,2
4,1469389658,1469389660,2
4,1469389660,1469389663,3
1,1469389666,1469389668,2
4,1469389667,1469389706,39
1,1469389672,1469389684,12
14,1469389682,1469389690,8
1,1469389690,1469389715,25
4,1469389706,1469389709,3
4,1469389714,1469389716,2
1,1469389719,1469389725,6
14,1469389724,1469389732,8
1,1469389734,1469389761,27
4,1469389755,1469389777,22
1,1469389770,1469389781,11
1,1469389786,1469389796,10
4,1469389789,1469389797,8
1,1469389800,1469389804,4
4,1469389801,1469389816,15
1,1469389807,1469389812,5
1,1469389816,1469389831,15
4,1469389823,1469389827,4
4,1469389827,1469389831,4
10,1469389828,1469389829,1
4,1469389833,1469389841,8
1,1469389834,1469389843,9
4,1469389841,1469389845,4
10,1469389844,1469389845,1
4,1469389845,1469389873,28
1,1469389847,1469389851,4
1,1469389859,1469389862,3
1,1469389867,1469389897,30
4,1469389873,1469389877,4
4,1469389877,1469389880,3
4,1469389880,1469389883,3
10,1469389885,1469389892,7
4,1469389895,1469392770,2875
1,1469389914,1469389920,6
1,1469389925,1469389926,1
1,1469392637,1469392643,6
1,1469392660,1469392671,11
14,1469392669,1469392678,9
1,1469392679,1469392681,2
1,1469392689,1469392728,39
1,1469392732,1469392734,2
1,1469392745,1469392746,1
1,1469392756,1469392764,8
1,1469392768,1469392773,5
4,1469392771,1469392774,3
4,1469392774,1469392777,3
10,1469392776,1469392777,1
4,1469392777,1469392780,3
10,1469392778,1469392780,2
4,1469392780,1469392784,4
4,1469392785,1469392787,2
1,1469392794,1469392795,1
1,1469392799,1469392803,4
1,1469392807,1469392817,10
4,1469392818,1469392820,2
4,1469392820,1469392823,3
4,1469392823,1469392825,2
4,1469392825,1469392827,2
4,1469392827,1469392830,3
4,1469392830,1469392837,7
1,1469392832,1469392836,4
4,1469392837,1469392844,7
10,1469392838,1469392840,2
1,1469392840,1469392867,27
4,1469392844,1469392863,19
10,1469392845,1469392846,1
4,1469392863,1469392888,25
1,1469392870,1469392896,26
4,1469392888,1469392909,21
1,1469392900,1469392908,8
4,1469392909,1469392916,7
1,1469392912,1469392916,4
1,1469392921,1469392927,6
4,1469392928,1469392930,2
4,1469392930,1469392932,2
4,1469392934,1469392936,2
4,1469392936,1469392938,2
1,1469392940,1469392957,17
10,1469392940,1469392942,2
4,1469392944,1469392947,3
10,1469392948,1469392950,2
4,1469392961,1469392985,24
1,1469392963,1469392971,8
1,1469392975,1469392979,4
1,1469392983,1469392984,1
4,1469392986,1469392988,2
4,1469392989,1469392991,2
4,1469392991,1469392996,5
4,1469392996,1469392998,2
4,1469392998,1469393001,3
4,1469393001,1469393005,4
4,1469393005,1469393009,4
10,1469393007,1469393009,2
4,1469393009,1469393013,4
4,1469393014,1469393017,3
4,1469393017,1469393021,4
10,1469393019,1469393021,2
4,1469393021,1469393024,3
4,1469393024,1469393027,3
4,1469393027,1469393030,3
4,1469393030,1469393033,3
4,1469393034,1469393040,6
1,1469393037,1469393039,2
4,1469393040,1469393043,3
4,1469393043,1469393047,4
4,1469393048,1469393051,3
4,1469393052,1469393059,7
4,1469393059,1469393061,2
4,1469393062,1469393067,5
10,1469393062,1469393067,5
4,1469393067,1469393070,3
4,1469393070,1469393073,3
4,1469393073,1469393075,2
4,1469393075,1469393078,3
4,1469393078,1469393080,2
4,1469393080,1469393083,3
4,1469393083,1469393085,2
4,1469393085,1469393115,30
1,1469393109,1469393113,4
4,1469393115,1469393120,5
4,1469393120,1469393122,2
4,1469393123,1469393126,3
4,1469393126,1469393129,3
4,1469393129,1469393133,4
4,1469393133,1469393135,2
4,1469393135,1469393137,2
4,1469393137,1469393141,4
4,1469393141,1469393143,2
4,1469393148,1469393151,3
4,1469393151,1469393153,2
10,1469393152,1469393153,1
4,1469393153,1469393155,2
4,1469393156,1469393171,15
1,1469393159,1469393161,2
4,1469393171,1469393174,3
4,1469393174,1469393181,7
4,1469393181,1469393184,3
4,1469393184,1469393193,9
1,1469393190,1469393194,4
4,1469393193,1469393196,3
4,1469393196,1469393205,9
1,1469393198,1469393201,3
4,1469393205,1469393208,3
10,1469393206,1469393208,2
4,1469393209,1469393211,2
4,1469393211,1469393213,2
4,1469393214,1469393218,4
4,1469393218,1469393221,3
1,1469393219,1469393220,1
4,1469393221,1469393224,3
4,1469393224,1469393226,2
4,1469393227,1469393231,4
10,1469393227,1469393229,2
10,1469393231,1469393233,2
4,1469393233,1469393237,4
4,1469393237,1469393239,2
10,1469393238,1469393239,1
4,1469393239,1469393242,3
4,1469393242,1469393244,2
4,1469393244,1469393247,3
4,1469393247,1469393254,7
10,1469393249,1469393254,5
4,1469393254,1469393260,6
10,1469393255,1469393260,5
4,1469393261,1469393264,3
4,1469393264,1469393266,2
4,1469393266,1469393277,11
4,1469393277,1469393283,6
1,1469393282,1469393294,12
4,1469393283,1469393298,15
1,1469393297,1469393302,5
4,1469393298,1469393339,41
1,1469393305,1469393342,37
4,1469393339,1469393358,19
1,1469393345,1469393348,3
1,1469393352,1469393355,3
4,1469393358,1469393360,2
1,1469393358,1469393375,17
4,1469393360,1469393460,100
1,1469393448,1469393466,18
4,1469393460,1469393466,6
4,1469393467,1469393478,11
1,1469393469,1469393474,5
4,1469393478,1469393481,3
4,1469393481,1469393483,2
4,1469393483,1469393487,4
10,1469393486,1469393487,1
4,1469393487,1469393490,3
4,1469393490,1469393492,2
4,1469393493,1469393495,2
4,1469393495,1469393497,2
4,1469393497,1469393499,2
10,1469393498,1469393499,1
1,1469393501,1469393507,6
4,1469393504,1469393508,4
4,1469393508,1469393514,6
1,1469393511,1469393529,18
10,1469393511,1469393513,2
4,1469393514,1469393519,5
4,1469393519,1469393525,6
10,1469393520,1469393521,1
4,1469393525,1469393530,5
4,1469393530,1469393538,8
1,1469393532,1469393537,5
10,1469393533,1469393534,1
4,1469393538,1469393541,3
1,1469393540,1469393556,16
4,1469393541,1469393547,6
4,1469393550,1469393553,3
4,1469393554,1469393556,2
4,1469393556,1469393579,23
1,1469393560,1469393575,15
10,1469393565,1469393571,6
4,1469393579,1469393587,8
1,1469393580,1469393585,5
4,1469393587,1469393593,6
1,1469393590,1469393593,3
10,1469393590,1469393591,1
4,1469393593,1469393660,67
1,1469393598,1469393609,11
14,1469393604,1469393615,11
1,1469393616,1469393670,54
14,1469393665,1469393673,8
1,1469393675,1469393678,3
1,1469393683,1469393733,50
4,1469393705,1469393710,5
4,1469393711,1469393718,7
4,1469393722,1469393728,6
4,1469393729,1469393734,5
1,1469396554,1469396555,1
1,1469400210,1469400213,3
1,1469400229,1469400231,2
1,1469400237,1469400238,1
4,1469400240,1469400244,4
4,1469400244,1469400246,2
4,1469400246,1469400249,3
4,1469400251,1469400254,3
1,1469400252,1469400253,1
4,1469400254,1469400257,3
1,1469400259,1469400270,11
4,1469400264,1469400268,4
4,1469400269,1469400273,4
1,1469400274,1469400282,8
4,1469400280,1469400283,3
4,1469400283,1469400287,4
1,1469400289,1469400297,8
4,1469400293,1469400298,5
1,1469400304,1469400306,2
4,1469400307,1469400309,2
4,1469400309,1469400320,11
1,1469400310,1469400347,37
4,1469400328,1469400332,4
4,1469400335,1469400340,5
4,1469400340,1469400345,5
4,1469400348,1469400353,5
4,1469400353,1469400396,43
1,1469400355,1469400357,2
1,1469400383,1469400401,18
4,1469400396,1469400398,2
4,1469400398,1469400401,3
4,1469400404,1469400406,2
4,1469400407,1469400413,6
1,1469400410,1469400412,2
4,1469400414,1469400417,3
4,1469400418,1469400420,2
4,1469400421,1469400425,4
1,1469400423,1469400424,1
4,1469400426,1469400428,2
4,1469400429,1469400432,3
1,1469400430,1469400441,11
4,1469400434,1469400436,2
4,1469400438,1469400442,4
4,1469400442,1469400445,3
4,1469400446,1469400470,24
10,1469400447,1469400453,6
1,1469400461,1469400472,11
1,1469400475,1469400477,2
4,1469400478,1469400484,6
1,1469400481,1469400486,5
1,1469400496,1469400513,17
14,1469400507,1469400515,8
1,1469400516,1469400518,2
1,1469400526,1469400528,2
1,1469400531,1469400534,3
14,1469400534,1469400536,2
1,1469400538,1469400554,16
4,1469400545,1469400549,4
4,1469400549,1469400552,3
4,1469400555,1469400558,3
4,1469400558,1469400567,9
1,1469400560,1469400569,9
4,1469400567,1469400570,3
4,1469400570,1469400573,3
4,1469400573,1469400576,3
4,1469400577,1469400581,4
1,1469400578,1469400580,2
4,1469400581,1469400583,2
4,1469400584,1469400586,2
4,1469400587,1469400598,11
4,1469400598,1469400601,3
1,1469400599,1469400620,21
4,1469400603,1469400606,3
4,1469400608,1469400610,2
4,1469400613,1469400650,37
14,1469400618,1469400626,8
1,1469400628,1469400632,4
1,1469400638,1469400663,25
4,1469400651,1469400653,2
4,1469400653,1469400656,3
4,1469400656,1469400688,32
14,1469400661,1469400669,8
1,1469400671,1469400702,31
14,1469400700,1469400707,7
1,1469400708,1469400713,5
1,1469400723,1469400747,24
4,1469400733,1469400742,9
14,1469400746,1469400753,7
1,1469400755,1469400773,18
4,1469400769,1469400789,20
14,1469400773,1469400781,8
1,1469400782,1469400793,11
14,1469400793,1469400802,9
1,1469400814,1469400817,3
1,1469400822,1469400843,21
4,1469400827,1469400833,6
4,1469400836,1469400838,2
10,1469400839,1469400841,2
14,1469400842,1469400850,8
1,1469400848,1469400852,4
1,1469400857,1469400873,16
4,1469400860,1469400864,4
10,1469400862,1469400863,1
4,1469400864,1469400871,7
4,1469400872,1469400874,2
4,1469400875,1469400880,5
1,1469400879,1469400885,6
4,1469400880,1469400887,7
4,1469400887,1469400889,2
4,1469400890,1469400892,2
4,1469400892,1469400894,2
4,1469400896,1469400900,4
4,1469400902,1469400904,2
4,1469400904,1469400932,28
1,1469400906,1469400907,1
1,1469400912,1469400914,2
14,1469400914,1469400921,7
1,1469400927,1469400939,12
4,1469400933,1469400936,3
4,1469400936,1469400939,3
4,1469400939,1469400951,12
1,1469400942,1469400950,8
4,1469400951,1469400953,2
1,1469400957,1469400963,6
4,1469400959,1469400988,29
14,1469400962,1469400970,8
1,1469400975,1469400978,3
1,1469400984,1469400986,2
4,1469400988,1469400990,2
4,1469400990,1469400993,3
10,1469400990,1469400991,1
4,1469400993,1469400997,4
4,1469400997,1469400999,2
4,1469401000,1469401003,3
4,1469401005,1469401009,4
4,1469401010,1469401012,2
4,1469401015,1469401025,10
4,1469401025,1469401030,5
1,1469401027,1469401036,9
4,1469401030,1469401037,7
4,1469401038,1469401049,11
1,1469401044,1469401052,8
4,1469401049,1469401053,4
4,1469401053,1469401061,8
1,1469401057,1469401064,7
4,1469401061,1469401065,4
4,1469401067,1469401073,6
1,1469401068,1469401072,4
4,1469401073,1469401076,3
4,1469401076,1469401109,33
1,1469401077,1469401088,11
14,1469401085,1469401093,8
1,1469401095,1469401116,21
14,1469401115,1469401123,8
1,1469401121,1469401144,23
4,1469401139,1469401145,6
4,1469401145,1469401147,2
4,1469401147,1469401149,2
4,1469401153,1469401157,4
4,1469401157,1469401159,2
1,1469401173,1469401197,24
4,1469401189,1469401193,4
14,1469401197,1469401205,8
1,1469401216,1469401231,15
1,1469401236,1469401270,34
4,1469401241,1469401244,3
4,1469401253,1469401286,33
1,1469401273,1469401293,20
4,1469401291,1469401293,2
4,1469401294,1469401298,4
1,1469401300,1469401306,6
4,1469401302,1469401307,5
4,1469401307,1469401309,2
4,1469401309,1469401314,5
1,1469401312,1469401361,49
4,1469401314,1469401321,7
4,1469401325,1469401329,4
4,1469401333,1469401335,2
4,1469401339,1469401342,3
4,1469401345,1469401349,4
4,1469401352,1469401355,3
4,1469401355,1469401359,4
4,1469401362,1469401365,3
4,1469401365,1469401367,2
10,1469401368,1469401370,2
4,1469401370,1469401374,4
4,1469401374,1469401376,2
4,1469401376,1469401384,8
1,1469401382,1469401386,4
4,1469401384,1469401387,3
1,1469401390,1469401394,4
1,1469401403,1469401406,3
4,1469401407,1469401410,3
4,1469401411,1469401413,2
4,1469401414,1469401416,2
4,1469401416,1469401418,2
4,1469401418,1469401420,2
4,1469401420,1469401424,4
4,1469401424,1469401428,4
1,1469401425,1469401427,2
4,1469401429,1469401433,4
4,1469401433,1469401436,3
1,1469401434,1469401439,5
4,1469401440,1469401444,4
4,1469401445,1469401449,4
4,1469401449,1469401453,4
1,1469401450,1469401452,2
4,1469401453,1469401456,3
4,1469401458,1469401463,5
1,1469401459,1469401463,4
4,1469401464,1469401467,3
4,1469401467,1469401470,3
4,1469401472,1469401498,26
1,1469401475,1469401482,7
14,1469401481,1469401488,7
1,1469401488,1469401497,9
4,1469401499,1469401591,92
1,1469401503,1469401508,5
14,1469401508,1469401516,8
1,1469401521,1469401524,3
1,1469401528,1469401529,1
1,1469401547,1469401583,36
1,1469401594,1469401600,6
4,1469401601,1469401641,40
1,1469401630,1469401651,21
4,1469401647,1469401714,67
1,1469401664,1469401666,2
1,1469401671,1469401672,1
1,1469401692,1469401697,5
1,1469401702,1469401718,16
4,1469401714,1469401719,5
4,1469401719,1469401722,3
4,1469401722,1469401724,2
1,1469401724,1469401734,10
4,1469401728,1469401732,4
1,1469401737,1469401748,11
4,1469401740,1469401743,3
4,1469401749,1469401753,4
4,1469401757,1469401768,11
1,1469401760,1469401770,10
4,1469401769,1469401771,2
4,1469401771,1469401804,33
1,1469401774,1469401781,7
14,1469401780,1469401789,9
1,1469401791,1469401808,17
1,1469401813,1469401815,2
1,1469401823,1469401828,5
4,1469401825,1469402044,219
1,1469401838,1469401843,5
14,1469401841,1469401849,8
1,1469401968,1469401998,30
1,1469402008,1469402013,5
1,1469402024,1469402026,2
1,1469402035,1469402046,11
4,1469402044,1469402047,3
4,1469402047,1469402049,2
4,1469402050,1469402052,2
4,1469402052,1469402055,3
4,1469402055,1469402058,3
4,1469402058,1469402060,2
4,1469402060,1469402063,3
4,1469402063,1469402065,2
4,1469402065,1469402067,2
4,1469402068,1469402074,6
1,1469402069,1469402071,2
4,1469402075,1469402077,2
4,1469402078,1469402080,2
4,1469402080,1469402083,3
4,1469402083,1469402085,2
4,1469402086,1469402088,2
4,1469402088,1469402090,2
4,1469402090,1469402092,2
4,1469402092,1469402095,3
4,1469402095,1469402097,2
4,1469402098,1469402102,4
4,1469402102,1469402105,3
1,1469402114,1469402115,1
4,1469402116,1469402118,2
4,1469402120,1469402122,2
4,1469402123,1469402125,2
4,1469402125,1469402128,3
10,1469402126,1469402127,1
4,1469402128,1469402132,4
4,1469402134,1469402139,5
4,1469402139,1469402142,3
1,1469402141,1469402142,1
4,1469402144,1469402148,4
4,1469402148,1469402151,3
4,1469402151,1469402154,3
4,1469402154,1469402156,2
4,1469402158,1469402165,7
1,1469402159,1469402166,7
1,1469402178,1469402185,7
4,1469402181,1469402185,4
4,1469402190,1469402193,3
4,1469402193,1469402196,3
4,1469402197,1469402224,27
1,1469402218,1469402224,6
4,1469402224,1469402227,3
4,1469402227,1469402229,2
4,1469402229,1469402235,6
4,1469402235,1469402237,2
4,1469402238,1469402244,6
4,1469402244,1469402246,2
4,1469402247,1469402251,4
4,1469402252,1469402254,2
4,1469402258,1469402261,3
4,1469402263,1469402271,8
1,1469402265,1469402268,3
4,1469402271,1469402275,4
4,1469402275,1469402278,3
4,1469402278,1469402280,2
4,1469402280,1469402282,2
4,1469402283,1469402285,2
4,1469402290,1469402302,12
1,1469402293,1469402302,9
4,1469402303,1469402306,3
4,1469402306,1469402308,2
4,1469402308,1469402338,30
1,1469402312,1469402319,7
1,1469402322,1469402337,15
4,1469402338,1469402345,7
1,1469402341,1469402344,3
4,1469402347,1469402351,4
1,1469402348,1469402350,2
4,1469402353,1469402356,3
4,1469402357,1469402360,3
4,1469402360,1469402362,2
4,1469402362,1469402366,4
4,1469402367,1469402370,3
4,1469402370,1469402373,3
4,1469402373,1469402376,3
4,1469402376,1469402385,9
1,1469402382,1469402384,2
1,1469402387,1469402401,14
4,1469402390,1469402393,3
4,1469402396,1469402400,4
1,1469402408,1469402411,3
14,1469402411,1469402418,7
1,1469402422,1469402426,4
1,1469402433,1469402452,19
4,1469402437,1469402439,2
4,1469402440,1469402444,4
4,1469402445,1469402488,43
14,1469402452,1469402459,7
1,1469402460,1469402464,4
1,1469402475,1469402480,5
1,1469402487,1469402495,8
4,1469402493,1469402503,10
1,1469402499,1469402500,1
4,1469402503,1469402505,2
4,1469402505,1469402507,2
4,1469402508,1469402512,4
4,1469402513,1469402527,14
1,1469402516,1469402526,10
4,1469402528,1469402531,3
1,1469402532,1469402560,28
4,1469402537,1469402540,3
4,1469402540,1469402548,8
4,1469402549,1469402552,3
4,1469402556,1469402560,4
1,1469402569,1469402570,1
1,1469402582,1469402585,3
14,1469402585,1469402592,7
1,1469402601,1469402603,2
1,1469402607,1469402613,6
14,1469402613,1469402739,126
11,1469402616,1469402622,6
4,1469402617,1469402619,2
4,1469402620,1469402622,2
11,1469402622,1469402660,38
1,1469402626,1469402646,20
1,1469402651,1469402662,11
11,1469402661,1469402739,78
4,1469402661,1469402723,62
1,1469402668,1469402674,6
1,1469402681,1469402693,12
1,1469402700,1469402703,3
1,1469402713,1469402721,8
4,1469402723,1469402729,6
1,1469402727,1469402728,1
4,1469402729,1469402739,10
1,1469402732,1469402744,12
5,1469402737,1469402739,2
14,1469402743,1469402750,7
1,1469402764,1469402767,3
14,1469402766,1469402769,3
1,1469402779,1469402783,4
1,1469402786,1469402791,5
1,1469402797,1469402801,4
1,1469402807,1469402811,4
1,1469402814,1469402818,4
4,1469402820,1469402890,70
1,1469402821,1469402823,2
1,1469402839,1469402854,15
1,1469402880,1469402881,1
1,1469402890,1469402928,38
4,1469402894,1469402901,7
4,1469402901,1469402908,7
4,1469402911,1469402915,4
4,1469402916,1469402920,4
4,1469402930,1469402932,2
4,1469402933,1469402936,3
4,1469402937,1469402945,8
4,1469402945,1469402952,7
1,1469402948,1469402950,2
4,1469402952,1469402956,4
1,1469402954,1469402956,2
4,1469402957,1469402959,2
4,1469402960,1469402963,3
4,1469402963,1469402967,4
4,1469402968,1469402970,2
4,1469402970,1469403250,280
1,1469403017,1469403028,11
1,1469403054,1469403056,2
1,1469403192,1469403213,21
14,1469403211,1469403219,8
1,1469403218,1469403219,1
1,1469403233,1469403249,16
14,1469403235,1469403238,3
4,1469403250,1469403255,5
1,1469403253,1469403270,17
4,1469403258,1469403261,3
4,1469403262,1469403267,5
4,1469403270,1469403307,37
1,1469403290,1469403293,3
14,1469403292,1469403299,7
1,1469403298,1469403306,8
4,1469403308,1469403310,2
4,1469403311,1469403359,48
1,1469403316,1469403322,6
14,1469403319,1469403326,7
1,1469403327,1469403336,9
1,1469403352,1469403356,4
1,1469403391,1469403396,5
4,1469403397,1469403430,33
1,1469403400,1469403403,3
14,1469403403,1469403410,7
1,1469403412,1469403434,22
4,1469403430,1469403435,5
10,1469403431,1469403433,2
4,1469403436,1469403441,5
1,1469403437,1469403450,13
4,1469403442,1469403446,4
4,1469403446,1469403451,5
4,1469403451,1469403453,2
4,1469403453,1469403461,8
10,1469403455,1469403456,1
1,1469403457,1469403470,13
4,1469403465,1469403472,7
4,1469403473,1469403509,36
1,1469403505,1469403508,3
4,1469403510,1469403515,5
4,1469403515,1469403518,3
4,1469403519,1469403522,3
4,1469403522,1469403526,4
1,1469403524,1469403525,1
4,1469403526,1469403530,4
1,1469403529,1469403532,3
4,1469403530,1469403533,3
1,1469403563,1469403568,5
14,1469403567,1469403574,7
1,1469403586,1469403588,2
1,1469403610,1469403631,21
14,1469403615,1469403619,4
14,1469403630,1469403633,3
1,1469403635,1469403639,4
1,1469403643,1469403661,18
1,1469403664,1469403684,20
1,1469403690,1469403694,4
1,1469403699,1469403702,3
4,1469403708,1469403710,2
4,1469403711,1469403713,2
10,1469403711,1469403712,1
4,1469403713,1469403715,2
4,1469403715,1469403717,2
4,1469403718,1469403720,2
4,1469403721,1469403723,2
4,1469403723,1469403727,4
4,1469403728,1469403740,12
1,1469403735,1469403737,2
4,1469403742,1469403747,5
4,1469403747,1469403750,3
4,1469403751,1469403756,5
4,1469403756,1469403759,3
10,1469403757,1469403758,1
10,1469403759,1469403760,1
4,1469403760,1469403763,3
4,1469403766,1469403768,2
4,1469403768,1469403771,3
4,1469403771,1469403939,168
1,1469403794,1469403808,14
1,1469403819,1469403830,11
1,1469403834,1469403847,13
1,1469403851,1469403867,16
1,1469403873,1469403904,31
1,1469403911,1469403930,19
14,1469403930,1469404213,283
11,1469403938,1469403944,6
4,1469403940,1469403943,3
11,1469403944,1469403951,7
4,1469403945,1469404023,78
1,1469403946,1469403964,18
11,1469403952,1469404213,261
1,1469403967,1469403976,9
1,1469404017,1469404019,2
4,1469404023,1469404025,2
4,1469404026,1469404029,3
4,1469404029,1469404032,3
10,1469404030,1469404031,1
1,1469404032,1469404037,5
4,1469404035,1469404038,3
4,1469404038,1469404041,3
4,1469404041,1469404048,7
4,1469404048,1469404052,4
10,1469404052,1469404061,9
4,1469404061,1469404066,5
4,1469404066,1469404069,3
10,1469404068,1469404069,1
4,1469404069,1469404072,3
4,1469404073,1469404075,2
4,1469404077,1469404125,48
1,1469404080,1469404083,3
1,1469404090,1469404096,6
1,1469404099,1469404112,13
1,1469404121,1469404129,8
4,1469404125,1469404130,5
4,1469404130,1469404135,5
10,1469404132,1469404134,2
1,1469404133,1469404134,1
4,1469404136,1469404148,12
10,1469404137,1469404147,10
1,1469404138,1469404139,1
1,1469404143,1469404165,22
4,1469404150,1469404155,5
4,1469404155,1469404162,7
4,1469404162,1469404166,4
4,1469404167,1469404171,4
1,1469404168,1469404169,1
4,1469404171,1469404185,14
10,1469404173,1469404174,1
1,1469404173,1469404178,5
1,1469404183,1469404191,8
4,1469404189,1469404213,24
1,1469404208,1469404215,7
5,1469404211,1469404213,2
4,1469404225,1469404228,3
1,1469404226,1469404242,16
4,1469404244,1469404252,8
1,1469404245,1469404260,15
4,1469404252,1469404259,7
1,1469404264,1469404268,4
1,1469404271,1469404282,11
1,1469404285,1469404300,15
4,1469404301,1469404450,149
1,1469404305,1469404313,8
14,1469404311,1469404319,8
1,1469404322,1469404325,3
1,1469404328,1469404339,11
1,1469404403,1469404405,2
1,1469404410,1469404411,1
1,1469404432,1469404450,18
4,1469404451,1469404457,6
10,1469404451,1469404457,6
4,1469404457,1469404463,6
4,1469404473,1469404475,2
4,1469404476,1469404478,2
4,1469404479,1469404482,3
4,1469404483,1469404485,2
4,1469404486,1469404509,23
4,1469404509,1469404515,6
10,1469404511,1469404513,2
4,1469404515,1469404518,3
4,1469404518,1469404521,3
10,1469404520,1469404521,1
4,1469404521,1469404524,3
10,1469404523,1469404524,1
4,1469404524,1469404526,2
4,1469404526,1469404529,3
4,1469404533,1469404535,2
4,1469404535,1469404540,5
10,1469404537,1469404540,3
4,1469404540,1469404543,3
4,1469404543,1469404545,2
4,1469404545,1469404548,3
10,1469404547,1469404548,1
4,1469404549,1469404551,2
10,1469404549,1469404551,2
4,1469404551,1469404554,3
4,1469404575,1469404577,2
4,1469404577,1469404579,2
4,1469404580,1469404613,33
1,1469404588,1469404590,2
14,1469404590,1469404597,7
1,1469404600,1469404604,4
1,1469404609,1469404616,7
14,1469404610,1469404642,32
11,1469404612,1469404618,6
4,1469404614,1469404617,3
11,1469404618,1469404642,24
4,1469404619,1469404643,24
1,1469404619,1469404648,29
5,1469404640,1469404642,2
14,1469404648,1469404714,66
11,1469404650,1469404656,6
4,1469404651,1469404654,3
4,1469404654,1469404656,2
11,1469404656,1469404696,40
1,1469404656,1469404658,2
1,1469404663,1469404670,7
1,1469404694,1469404700,6
4,1469404697,1469404714,17
11,1469404698,1469404714,16
1,1469404705,1469404724,19
5,1469404712,1469404714,2
4,1469404718,1469404870,152
10,1469404720,1469404721,1
14,1469404723,1469404730,7
1,1469404731,1469404732,1
1,1469404740,1469404751,11
1,1469404759,1469404773,14
1,1469404794,1469404797,3
1,1469404856,1469404859,3
4,1469404870,1469404880,10
4,1469404880,1469404884,4
10,1469404882,1469404883,1
1,1469404882,1469404893,11
4,1469404885,1469404889,4
10,1469404885,1469404887,2
4,1469404895,1469404903,8
1,1469404897,1469404915,18
4,1469404903,1469404905,2
4,1469404906,1469404909,3
10,1469404906,1469404907,1
4,1469404909,1469404933,24
1,1469404922,1469404932,10
4,1469404933,1469404935,2
10,1469404934,1469404936,2
4,1469404936,1469404939,3
4,1469404939,1469404942,3
4,1469404942,1469404951,9
4,1469404952,1469404955,3
4,1469404955,1469404957,2
4,1469404957,1469404963,6
1,1469404961,1469404962,1
4,1469404965,1469404976,11
4,1469404976,1469404979,3
4,1469404979,1469404983,4
10,1469404980,1469404981,1
4,1469404983,1469404985,2
4,1469404985,1469404988,3
4,1469404988,1469404991,3
4,1469404993,1469404995,2
4,1469404997,1469405005,8
10,1469404998,1469405001,3
10,1469405002,1469405005,3
4,1469405006,1469405008,2
4,1469405008,1469405015,7
4,1469405016,1469405018,2
4,1469405018,1469405020,2
10,1469405021,1469405023,2
4,1469405022,1469405025,3
4,1469405026,1469405035,9
4,1469405036,1469405051,15
10,1469405036,1469405050,14
4,1469405051,1469405057,6
1,1469405055,1469405056,1
4,1469405057,1469405060,3
4,1469405061,1469405063,2
10,1469405062,1469405063,1
4,1469405063,1469405066,3
10,1469405064,1469405066,2
4,1469405070,1469405119,49
1,1469405071,1469405076,5
14,1469405075,1469405086,11
1,1469405088,1469405100,12
1,1469405113,1469405118,5
4,1469405119,1469405121,2
4,1469405122,1469405131,9
10,1469405124,1469405126,2
4,1469405132,1469405134,2
4,1469405134,1469405137,3
10,1469405135,1469405137,2
4,1469405137,1469405139,2
10,1469405137,1469405139,2
4,1469405139,1469405141,2
10,1469405139,1469405141,2
4,1469405142,1469405145,3
10,1469405142,1469405145,3
4,1469405145,1469405153,8
4,1469405153,1469405161,8
10,1469405153,1469405154,1
4,1469405161,1469405165,4
10,1469405164,1469405165,1
4,1469405165,1469405167,2
4,1469405168,1469405175,7
10,1469405169,1469405172,3
1,1469405172,1469405174,2
4,1469405175,1469405178,3
4,1469405178,1469405189,11
1,1469405182,1469405188,6
4,1469405189,1469405192,3
4,1469405192,1469405198,6
1,1469405195,1469405202,7
4,1469405200,1469405203,3
4,1469405204,1469405208,4
4,1469405208,1469405217,9
1,1469405209,1469405211,2
1,1469405214,1469405217,3
4,1469405218,1469405226,8
10,1469405218,1469405222,4
1,1469405223,1469405225,2
4,1469405226,1469405231,5
1,1469405228,1469405234,6
4,1469405234,1469405237,3
10,1469405236,1469405237,1
4,1469405237,1469405240,3
1,1469405237,1469405242,5
4,1469405243,1469405247,4
10,1469405244,1469405247,3
4,1469405247,1469405251,4
1,1469405247,1469405256,9
4,1469405255,1469405299,44
1,1469405264,1469405268,4
14,1469405267,1469405274,7
1,1469405294,1469405296,2
4,1469405299,1469405306,7
10,1469405300,1469405306,6
1,1469405304,1469405311,7
4,1469405306,1469405385,79
14,1469405310,1469405317,7
1,1469405316,1469405329,13
14,1469405328,1469405331,3
1,1469405333,1469405344,11
1,1469405349,1469405371,22
14,1469405364,1469405367,3
1,1469405379,1469405384,5
4,1469405386,1469405388,2
4,1469405388,1469405391,3
4,1469405391,1469405393,2
4,1469405393,1469405395,2
10,1469405394,1469405395,1
4,1469405398,1469405445,47
1,1469405405,1469405409,4
14,1469405408,1469405415,7
1,1469405417,1469405421,4
1,1469405425,1469405431,6
1,1469405434,1469405441,7
14,1469405441,1469405459,18
11,1469405444,1469405450,6
1,1469405445,1469405465,20
4,1469405446,1469405448,2
4,1469405449,1469405451,2
11,1469405450,1469405459,9
4,1469405453,1469405459,6
5,1469405457,1469405459,2
14,1469405465,1469405471,6
1,1469405471,1469405479,8
14,1469405479,1469405482,3
1,1469405486,1469405489,3
1,1469405512,1469405541,29
4,1469405542,1469405544,2
4,1469405544,1469405546,2
4,1469405546,1469405549,3
4,1469405549,1469405587,38
1,1469405551,1469405554,3
1,1469405562,1469405576,14
1,1469405579,1469405586,7
4,1469405587,1469405589,2
1,1469405589,1469405615,26
4,1469405592,1469405603,11
4,1469405606,1469405609,3
4,1469405612,1469405615,3
1,1469405622,1469405627,5
4,1469405630,1469405641,11
1,1469405630,1469405639,9
4,1469405646,1469405649,3
4,1469405649,1469405652,3
1,1469405650,1469405680,30
4,1469405652,1469405655,3
4,1469405655,1469405663,8
4,1469405670,1469405676,6
4,1469405677,1469405681,4
4,1469405681,1469405684,3
4,1469405685,1469405687,2
4,1469405687,1469405691,4
1,1469405689,1469405690,1
4,1469405692,1469405694,2
4,1469405694,1469405699,5
1,1469405695,1469405705,10
4,1469405699,1469405702,3
4,1469405705,1469405720,15
1,1469405716,1469405724,8
4,1469405720,1469405725,5
4,1469405728,1469405731,3
1,1469405733,1469405737,4
4,1469405737,1469405748,11
1,1469405742,1469405774,32
4,1469405756,1469405764,8
4,1469405769,1469405775,6
4,1469405775,1469405777,2
1,1469405778,1469405792,14
4,1469405783,1469405788,5
4,1469405788,1469405792,4
4,1469405793,1469405796,3
1,1469405799,1469405801,2
1,1469405822,1469405831,9
1,1469405834,1469405861,27
1,1469405866,1469405869,3
1,1469405882,1469405892,10
1,1469405935,1469405952,17
4,1469405953,1469405956,3
4,1469405957,1469405959,2
4,1469405959,1469405961,2
4,1469405961,1469405973,12
4,1469405973,1469405975,2
4,1469405975,1469405977,2
4,1469405977,1469405982,5
1,1469405979,1469405981,2
4,1469405983,1469405986,3
4,1469405986,1469405988,2
4,1469405990,1469405992,2
4,1469405992,1469405994,2
4,1469405994,1469405996,2
4,1469406001,1469406003,2
4,1469406003,1469406006,3
4,1469406006,1469406008,2
4,1469406008,1469406012,4
4,1469406012,1469406014,2
4,1469406015,1469406017,2
4,1469406018,1469406021,3
4,1469406022,1469406024,2
4,1469406024,1469406026,2
4,1469406027,1469406029,2
4,1469406029,1469406035,6
4,1469406035,1469406040,5
4,1469406040,1469406042,2
4,1469406043,1469406047,4
10,1469406044,1469406045,1
4,1469406047,1469406050,3
10,1469406047,1469406050,3
4,1469406050,1469406052,2
4,1469406052,1469406056,4
4,1469406059,1469406063,4
4,1469406064,1469406067,3
4,1469406067,1469406071,4
4,1469406071,1469406073,2
4,1469406073,1469406078,5
4,1469406078,1469406081,3
4,1469406082,1469406084,2
4,1469406084,1469406087,3
4,1469406087,1469406089,2
4,1469406090,1469406095,5
4,1469406096,1469406098,2
4,1469406098,1469406101,3
4,1469406101,1469406105,4
10,1469406101,1469406103,2
4,1469406105,1469406117,12
4,1469406118,1469406121,3
4,1469406121,1469406123,2
10,1469406123,1469406124,1
4,1469406123,1469406128,5
1,1469406126,1469406128,2
4,1469406128,1469406136,8
4,1469406136,1469406141,5
1,1469406144,1469406178,34
4,1469406161,1469406167,6
4,1469406172,1469406179,7
1,1469406182,1469406184,2
4,1469406185,1469406227,42
1,1469406187,1469406189,2
1,1469406208,1469406216,8
1,1469406224,1469406226,2
4,1469406227,1469406229,2
4,1469406229,1469406232,3
4,1469406232,1469406234,2
4,1469406234,1469406236,2
4,1469406237,1469406240,3
10,1469406238,1469406240,2
4,1469406240,1469406243,3
10,1469406242,1469406243,1
4,1469406243,1469406245,2
4,1469406245,1469406249,4
10,1469406246,1469406249,3
4,1469406250,1469406252,2
4,1469406253,1469406265,12
4,1469406265,1469406267,2
4,1469406270,1469406272,2
4,1469406276,1469406281,5
10,1469406278,1469406281,3
1,1469406285,1469406290,5
4,1469406291,1469406298,7
10,1469406292,1469406293,1
4,1469406303,1469406305,2
4,1469406308,1469406331,23
1,1469406327,1469406329,2
4,1469406331,1469406335,4
4,1469406335,1469406339,4
1,1469406362,1469406370,8
4,1469406377,1469406385,8
10,1469406386,1469406388,2
4,1469406401,1469406410,9
10,1469406402,1469406405,3
1,1469406403,1469406405,2
1,1469406423,1469406424,1
4,1469406425,1469406429,4
10,1469406427,1469406429,2
4,1469406429,1469406432,3
4,1469406432,1469406435,3
4,1469406437,1469406439,2
4,1469406439,1469406442,3
4,1469406442,1469406446,4
1,1469406444,1469406445,1
4,1469406448,1469406450,2
4,1469406450,1469406453,3
4,1469406453,1469406455,2
4,1469406455,1469406458,3
1,1469406479,1469406482,3
4,1469406484,1469406490,6
1,1469406485,1469406487,2
4,1469406490,1469406493,3
4,1469406493,1469406501,8
10,1469406495,1469406496,1
1,1469406498,1469406500,2
4,1469406501,1469406503,2
4,1469406504,1469406506,2
4,1469406506,1469406508,2
4,1469406508,1469406511,3
4,1469406511,1469406513,2
4,1469406513,1469406516,3
4,1469406516,1469406533,17
1,1469406529,1469406532,3
4,1469406533,1469406536,3
4,1469406536,1469406538,2
4,1469406538,1469406540,2
4,1469406541,1469406544,3
4,1469406544,1469406550,6
4,1469406550,1469406552,2
4,1469406552,1469406556,4
10,1469406554,1469406555,1
4,1469406556,1469406559,3
4,1469406559,1469406564,5
10,1469406562,1469406564,2
4,1469406564,1469406568,4
10,1469406567,1469406568,1
4,1469406569,1469406582,13
4,1469406584,1469406586,2
4,1469406586,1469406588,2
4,1469406588,1469406596,8
1,1469406593,1469406603,10
4,1469406599,1469406604,5
10,1469406601,1469406602,1
4,1469406604,1469406607,3
4,1469406607,1469406610,3
4,1469406611,1469406613,2
4,1469406614,1469406630,16
1,1469406616,1469406618,2
10,1469406620,1469406622,2
1,1469406622,1469406636,14
4,1469406630,1469406634,4
4,1469406637,1469406639,2
4,1469406639,1469406643,4
4,1469406643,1469406647,4
4,1469406647,1469406653,6
1,1469406649,1469406651,2
4,1469406653,1469406655,2
4,1469406655,1469406687,32
10,1469406656,1469406685,29
1,1469406657,1469406659,2
1,1469406682,1469406685,3
4,1469406687,1469406690,3
10,1469406688,1469406689,1
4,1469406691,1469406694,3
10,1469406694,1469406696,2
4,1469406696,1469406700,4
1,1469406698,1469406700,2
4,1469406701,1469406726,25
10,1469406703,1469406705,2
1,1469406721,1469406724,3
4,1469406726,1469406728,2
4,1469406728,1469406738,10
10,1469406729,1469406738,9
10,1469406738,1469406739,1
4,1469406739,1469406756,17
10,1469406741,1469406749,8
1,1469406743,1469406746,3
10,1469406754,1469406756,2
4,1469406758,1469406762,4
4,1469406762,1469406764,2
4,1469406764,1469406766,2
4,1469406770,1469406772,2
4,1469406772,1469406778,6
4,1469406778,1469406781,3
4,1469406784,1469406789,5
1,1469406785,1469406809,24
4,1469406792,1469406798,6
4,1469406799,1469406802,3
4,1469406802,1469406813,11
4,1469406813,1469406818,5
1,1469406815,1469406822,7
4,1469406820,1469406825,5
4,1469406825,1469406862,37
1,1469406828,1469406838,10
1,1469406842,1469406861,19
4,1469406865,1469406870,5
1,1469406866,1469406870,4
4,1469406871,1469406877,6
1,1469406876,1469406906,30
4,1469406877,1469406890,13
4,1469406901,1469406917,16
1,1469406913,1469406916,3
1,1469406921,1469406927,6
4,1469406922,1469406985,63
14,1469406927,1469406938,11
1,1469406938,1469406944,6
14,1469406944,1469406952,8
1,1469406948,1469406981,33
14,1469406981,1469407062,81
11,1469406984,1469406990,6
4,1469406986,1469406988,2
11,1469406990,1469407013,23
1,1469406991,1469406993,2
4,1469406991,1469407014,23
1,1469407008,1469407013,5
11,1469407013,1469407026,13
1,1469407021,1469407030,9
11,1469407027,1469407037,10
1,1469407034,1469407037,3
11,1469407037,1469407045,8
1,1469407041,1469407055,14
11,1469407045,1469407053,8
11,1469407054,1469407055,1
11,1469407055,1469407062,7
1,1469407059,1469407063,4
5,1469407060,1469407062,2
4,1469407063,1469407065,2
4,1469407065,1469407067,2
4,1469407067,1469407071,4
10,1469407071,1469407072,1
4,1469407072,1469407078,6
4,1469407079,1469407081,2
4,1469407081,1469407084,3
10,1469407083,1469407084,1
4,1469407085,1469407112,27
1,1469407088,1469407101,13
14,1469407091,1469407098,7
1,1469407105,1469407112,7
14,1469407109,1469407154,45
11,1469407111,1469407117,6
4,1469407113,1469407116,3
11,1469407117,1469407120,3
4,1469407117,1469407154,37
1,1469407117,1469407121,4
11,1469407122,1469407130,8
1,1469407130,1469407134,4
11,1469407130,1469407154,24
1,1469407138,1469407139,1
1,1469407150,1469407159,9
14,1469407159,1469407420,261
11,1469407161,1469407167,6
4,1469407162,1469407165,3
4,1469407165,1469407167,2
11,1469407167,1469407175,8
1,1469407171,1469407176,5
11,1469407177,1469407420,243
4,1469407177,1469407244,67
1,1469407204,1469407212,8
1,1469407215,1469407217,2
1,1469407237,1469407242,5
4,1469407244,1469407246,2
4,1469407246,1469407250,4
4,1469407250,1469407253,3
4,1469407253,1469407255,2
4,1469407255,1469407259,4
4,1469407259,1469407261,2
4,1469407262,1469407264,2
4,1469407264,1469407267,3
4,1469407270,1469407288,18
4,1469407289,1469407293,4
4,1469407293,1469407296,3
4,1469407300,1469407303,3
4,1469407303,1469407306,3
4,1469407306,1469407310,4
4,1469407311,1469407313,2
4,1469407313,1469407316,3
4,1469407317,1469407320,3
4,1469407320,1469407326,6
4,1469407326,1469407328,2
4,1469407331,1469407341,10
4,1469407341,1469407343,2
4,1469407343,1469407346,3
4,1469407346,1469407348,2
4,1469407348,1469407351,3
4,1469407352,1469407356,4
4,1469407367,1469407370,3
4,1469407372,1469407376,4
4,1469407379,1469407383,4
4,1469407383,1469407386,3
4,1469407386,1469407388,2
4,1469407389,1469407391,2
4,1469407393,1469407396,3
4,1469407396,1469407398,2
4,1469407398,1469407403,5
4,1469407403,1469407421,18
1,1469407417,1469407420,3
5,1469407418,1469407420,2
4,1469407425,1469407446,21
4,1469407446,1469407452,6
10,1469407449,1469407451,2
4,1469407453,1469407455,2
4,1469407455,1469407495,40
1,1469407490,1469407491,1
4,1469407495,1469407501,6
10,1469407497,1469407499,2
4,1469407502,1469407505,3
10,1469407503,1469407505,2
4,1469407505,1469407508,3
10,1469407507,1469407508,1
4,1469407509,1469407512,3
4,1469407513,1469407515,2
10,1469407516,1469407518,2
4,1469407529,1469407532,3
10,1469407531,1469407532,1
4,1469407532,1469407535,3
4,1469407535,1469407540,5
10,1469407537,1469407540,3
4,1469407540,1469407543,3
4,1469407543,1469407555,12
10,1469407551,1469407554,3
4,1469407555,1469407557,2
4,1469407557,1469407563,6
1,1469407559,1469407561,2
4,1469407563,1469407566,3
4,1469407569,1469407573,4
4,1469407588,1469407590,2
4,1469407590,1469407592,2
4,1469407593,1469407595,2
4,1469407595,1469407601,6
10,1469407597,1469407600,3
4,1469407602,1469407608,6
4,1469407608,1469407618,10
1,1469407611,1469407614,3
4,1469407618,1469407652,34
1,1469407622,1469407624,2
1,1469407636,1469407650,14
4,1469407653,1469407656,3
4,1469407656,1469407658,2
4,1469407659,1469407664,5
10,1469407659,1469407662,3
4,1469407664,1469407667,3
4,1469407667,1469407669,2
4,1469407669,1469407671,2
4,1469407671,1469407674,3
4,1469407674,1469407679,5
10,1469407676,1469407677,1
4,1469407681,1469407685,4
1,1469407682,1469407691,9
10,1469407687,1469407690,3
4,1469407692,1469407695,3
4,1469407695,1469407697,2
4,1469407698,1469407700,2
1,1469407705,1469407708,3
1,1469407712,1469407726,14
14,1469407722,1469407764,42
11,1469407729,1469407735,6
4,1469407730,1469407732,2
4,1469407733,1469407739,6
11,1469407735,1469407738,3
1,1469407736,1469407746,10
11,1469407742,1469407756,14
1,1469407754,1469407765,11
4,1469407757,1469407764,7
11,1469407758,1469407764,6
5,1469407762,1469407764,2
4,1469407768,1469407770,2
4,1469407770,1469407773,3
4,1469407773,1469407788,15
1,1469407777,1469407783,6
14,1469407780,1469407824,44
11,1469407787,1469407793,6
4,1469407788,1469407790,2
4,1469407791,1469407797,6
11,1469407793,1469407796,3
1,1469407794,1469407803,9
11,1469407803,1469407824,21
1,1469407807,1469407824,17
5,1469407822,1469407824,2
4,1469407824,1469407827,3
4,1469407827,1469407829,2
4,1469407830,1469407832,2
4,1469407835,1469407852,17
1,1469407840,1469407844,4
14,1469407844,1469408012,168
11,1469407850,1469407857,7
4,1469407852,1469407854,2
4,1469407855,1469407857,2
11,1469407857,1469407861,4
1,1469407859,1469407869,10
4,1469407862,1469407874,12
11,1469407869,1469407874,5
1,1469407874,1469407884,10
11,1469407874,1469407876,2
11,1469407876,1469407879,3
11,1469407881,1469407899,18
1,1469407899,1469407905,6
11,1469407900,1469407901,1
11,1469407905,1469407909,4
1,1469407909,1469407926,17
11,1469407918,1469407920,2
11,1469407925,1469407926,1
11,1469407926,1469407945,19
1,1469407935,1469407940,5
1,1469407943,1469407952,9
11,1469407952,1469407983,31
1,1469407969,1469407986,17
4,1469407972,1469408013,41
11,1469407983,1469407985,2
11,1469407985,1469407986,1
11,1469407987,1469407995,8
11,1469407995,1469408012,17
1,1469408000,1469408003,3
1,1469408007,1469408014,7
5,1469408010,1469408012,2
4,1469408016,1469408020,4
1,1469408034,1469408036,2
4,1469408037,1469408039,2
1,1469408042,1469408044,2
4,1469408045,1469408048,3
4,1469408048,1469408050,2
4,1469408052,1469408055,3
4,1469408055,1469408075,20
1,1469408069,1469408075,6
4,1469408079,1469408105,26
1,1469408083,1469408084,1
1,1469408100,1469408104,4
4,1469408105,1469408108,3
4,1469408110,1469408112,2
4,1469408113,1469408116,3
4,1469408116,1469408118,2
10,1469408116,1469408118,2
4,1469408118,1469408124,6
1,1469408121,1469408123,2
1,1469408126,1469408128,2
1,1469408133,1469408145,12
4,1469408138,1469408140,2
4,1469408141,1469408144,3
10,1469408142,1469408143,1
1,1469408157,1469408160,3
4,1469408161,1469408180,19
1,1469408178,1469408179,1
4,1469408180,1469408182,2
4,1469408183,1469408185,2
1,1469408189,1469408190,1
1,1469408194,1469408196,2
4,1469408197,1469408199,2
4,1469408199,1469408203,4
4,1469408203,1469408207,4
1,1469408206,1469408207,1
4,1469408209,1469408213,4
1,1469408210,1469408212,2
4,1469408213,1469408218,5
1,1469408216,1469408223,7
4,1469408218,1469408247,29
1,1469408238,1469408239,1
4,1469408247,1469408261,14
10,1469408249,1469408259,10
4,1469408262,1469408264,2
4,1469408264,1469408266,2
4,1469408267,1469408273,6
4,1469408274,1469408278,4
4,1469408278,1469408280,2
4,1469408280,1469408282,2
4,1469408282,1469408285,3
10,1469408286,1469408288,2
4,1469408288,1469408291,3
10,1469408288,1469408291,3
4,1469408291,1469408293,2
4,1469408293,1469408295,2
4,1469408295,1469408298,3
4,1469408298,1469408305,7
4,1469408306,1469408310,4
4,1469408310,1469408313,3
4,1469408315,1469408318,3
4,1469408320,1469408323,3
10,1469408322,1469408323,1
4,1469408323,1469408332,9
1,1469408326,1469408335,9
4,1469408333,1469408337,4
4,1469408337,1469408340,3
4,1469408340,1469408344,4
10,1469408341,1469408343,2
1,1469408353,1469408355,2
4,1469408356,1469408358,2
4,1469408358,1469408360,2
4,1469408360,1469408363,3
4,1469408363,1469408365,2
10,1469408364,1469408365,1
4,1469408366,1469408374,8
4,1469408374,1469408378,4
4,1469408378,1469408380,2
4,1469408380,1469408382,2
4,1469408383,1469408411,28
1,1469408399,1469408401,2
1,1469408406,1469408409,3
4,1469408415,1469408418,3
4,1469408418,1469408429,11
10,1469408421,1469408424,3
1,1469408426,1469408428,2
4,1469408429,1469408432,3
4,1469408432,1469408435,3
4,1469408436,1469408439,3
10,1469408437,1469408439,2
4,1469408439,1469408444,5
4,1469408445,1469408447,2
10,1469408446,1469408447,1
4,1469408447,1469408450,3
10,1469408449,1469408450,1
4,1469408451,1469408453,2
10,1469408451,1469408453,2
4,1469408454,1469408456,2
4,1469408457,1469408459,2
4,1469408459,1469408463,4
10,1469408461,1469408463,2
4,1469408463,1469408466,3
4,1469408467,1469408470,3
4,1469408470,1469408472,2
1,1469408488,1469408489,1
4,1469408490,1469408493,3
4,1469408493,1469408495,2
4,1469408495,1469408504,9
10,1469408498,1469408501,3
1,1469408501,1469408504,3
4,1469408510,1469408512,2
4,1469408512,1469408515,3
1,1469408517,1469408522,5
4,1469408520,1469408531,11
10,1469408523,1469408526,3
1,1469408526,1469408530,4
4,1469408531,1469408533,2
4,1469408535,1469408537,2
4,1469408543,1469408597,54
1,1469408576,1469408590,14
14,1469408590,1469408681,91
11,1469408596,1469408602,6
4,1469408598,1469408601,3
11,1469408602,1469408613,11
4,1469408602,1469408607,5
1,1469408605,1469408633,28
4,1469408618,1469408682,64
11,1469408618,1469408626,8
11,1469408626,1469408627,1
11,1469408627,1469408629,2
11,1469408631,1469408643,12
1,1469408641,1469408647,6
11,1469408643,1469408644,1
11,1469408645,1469408647,2
11,1469408647,1469408657,10
1,1469408650,1469408662,12
11,1469408658,1469408681,23
1,1469408674,1469408682,8
5,1469408679,1469408681,2
4,1469408685,1469408691,6
4,1469408692,1469408695,3
4,1469408695,1469408702,7
10,1469408697,1469408701,4
4,1469408702,1469408705,3
4,1469408705,1469408708,3
10,1469408707,1469408708,1
4,1469408710,1469408722,12
1,1469408714,1469408716,2
1,1469408722,1469408729,7
4,1469408722,1469408761,39
14,1469408728,1469408735,7
1,1469408758,1469408759,1
4,1469408762,1469408764,2
4,1469408764,1469408767,3
10,1469408765,1469408767,2
4,1469408767,1469408769,2
4,1469408769,1469408777,8
10,1469408773,1469408774,1
4,1469408779,1469408784,5
4,1469408784,1469408788,4
10,1469408787,1469408788,1
4,1469408792,1469408794,2
4,1469408794,1469408797,3
4,1469408798,1469408800,2
4,1469408801,1469408803,2
10,1469408802,1469408803,1
4,1469408806,1469408808,2
4,1469408808,1469408810,2
10,1469408809,1469408810,1
4,1469408811,1469408823,12
1,1469408820,1469408822,2
4,1469408824,1469408827,3
4,1469408827,1469408832,5
4,1469408832,1469408876,44
1,1469408835,1469408850,15
1,1469408868,1469408875,7
4,1469408876,1469408878,2
4,1469408879,1469408884,5
1,1469408881,1469408883,2
4,1469408884,1469408888,4
4,1469408888,1469408905,17
10,1469408892,1469408894,2
1,1469408892,1469408909,17
4,1469408906,1469408910,4
10,1469408907,1469408909,2
4,1469408910,1469408918,8
10,1469408912,1469408914,2
4,1469408918,1469408936,18
1,1469408922,1469408931,9
14,1469408929,1469409006,77
11,1469408935,1469408941,6
4,1469408937,1469408939,2
4,1469408940,1469408957,17
11,1469408941,1469408954,13
1,1469408943,1469408968,25
11,1469408958,1469408960,2
11,1469408965,1469408966,1
11,1469408968,1469408971,3
1,1469408971,1469408992,21
11,1469408972,1469408982,10
11,1469408983,1469408985,2
11,1469408988,1469409006,18
1,1469409002,1469409008,6
5,1469409004,1469409006,2
4,1469409006,1469409008,2
4,1469409009,1469409016,7
1,1469409015,1469409024,9
4,1469409016,1469409053,37
14,1469409023,1469409030,7
1,1469409038,1469409043,5
1,1469409048,1469409053,5
4,1469409054,1469409056,2
4,1469409056,1469409112,56
1,1469409058,1469409073,15
1,1469409089,1469409091,2
14,1469409091,1469409098,7
1,1469409100,1469409102,2
1,1469409107,1469409109,2
14,1469409109,1469409221,112
11,1469409111,1469409116,5
4,1469409112,1469409115,3
11,1469409116,1469409120,4
4,1469409117,1469409133,16
1,1469409118,1469409157,39
11,1469409124,1469409125,1
11,1469409125,1469409127,2
11,1469409131,1469409133,2
11,1469409133,1469409134,1
11,1469409135,1469409136,1
11,1469409136,1469409139,3
11,1469409139,1469409155,16
11,1469409155,1469409163,8
1,1469409160,1469409165,5
11,1469409163,1469409164,1
11,1469409165,1469409221,56
1,1469409189,1469409192,3
4,1469409198,1469409201,3
1,1469409198,1469409218,20
4,1469409201,1469409205,4
4,1469409205,1469409210,5
4,1469409215,1469409222,7
5,1469409217,1469409221,4
1,1469409222,1469409229,7
4,1469409227,1469409230,3
4,1469409230,1469409233,3
4,1469409233,1469409237,4
1,1469409234,1469409243,9
4,1469409241,1469409244,3
4,1469409245,1469409251,6
1,1469409247,1469409250,3
4,1469409251,1469409253,2
4,1469409254,1469409266,12
10,1469409254,1469409266,12
4,1469409266,1469409276,10
10,1469409269,1469409276,7
4,1469409276,1469409284,8
1,1469409282,1469409291,9
4,1469409284,1469409318,34
14,1469409289,1469409296,7
1,1469409298,1469409300,2
1,1469409312,1469409314,2
14,1469409314,1469409405,91
11,1469409316,1469409322,6
4,1469409318,1469409321,3
11,1469409322,1469409326,4
4,1469409323,1469409372,49
1,1469409324,1469409358,34
11,1469409329,1469409346,17
11,1469409346,1469409371,25
1,1469409365,1469409371,6
11,1469409372,1469409375,3
1,1469409375,1469409392,17
11,1469409375,1469409376,1
11,1469409377,1469409379,2
11,1469409381,1469409405,24
1,1469409401,1469409409,8
5,1469409403,1469409405,2
4,1469409406,1469409409,3
4,1469409410,1469409420,10
1,1469409416,1469409419,3
4,1469409423,1469409425,2
4,1469409425,1469409428,3
4,1469409428,1469409433,5
10,1469409428,1469409433,5
4,1469409433,1469409435,2
4,1469409435,1469409442,7
10,1469409438,1469409439,1
1,1469409439,1469409441,2
4,1469409442,1469409473,31
10,1469409445,1469409447,2
1,1469409449,1469409453,4
14,1469409452,1469409459,7
1,1469409460,1469409462,2
1,1469409468,1469409472,4
4,1469409473,1469409476,3
4,1469409476,1469409483,7
4,1469409484,1469409486,2
4,1469409486,1469409489,3
4,1469409489,1469409493,4
4,1469409493,1469409495,2
1,1469409500,1469409508,8
4,1469409503,1469409507,4
4,1469409510,1469409512,2
4,1469409513,1469409516,3
4,1469409516,1469409518,2
4,1469409518,1469409523,5
10,1469409521,1469409523,2
4,1469409523,1469409526,3
4,1469409530,1469409537,7
1,1469409534,1469409535,1
4,1469409537,1469409541,4
4,1469409541,1469409546,5
4,1469409547,1469409549,2
4,1469409551,1469409557,6
4,1469409557,1469409564,7
4,1469409566,1469409579,13
1,1469409569,1469409571,2
1,1469409576,1469409578,2
4,1469409579,1469409584,5
4,1469409585,1469409590,5
1,1469409586,1469409594,8
4,1469409592,1469409595,3
4,1469409595,1469409605,10
1,1469409600,1469409601,1
10,1469409602,1469409605,3
4,1469409605,1469409607,2
10,1469409606,1469409607,1
4,1469409607,1469435948,26341
1,1469409610,1469409612,2
1,1469409618,1469409622,4
14,1469409622,1469409628,6
1,1469409646,1469409655,9
1,1469410336,1469410349,13
1,1469410353,1469410357,4
1,1469410374,1469410376,2
1,1469410391,1469410407,16
1,1469410429,1469410445,16
1,1469410620,1469410642,22
1,1469410649,1469410667,18
1,1469410672,1469410687,15
1,1469410743,1469410744,1
1,1469410749,1469410750,1
1,1469410754,1469410760,6
1,1469410769,1469410773,4
1,1469410787,1469410794,7
1,1469411012,1469411015,3
1,1469435908,1469435910,2
1,1469435919,1469435926,7
1,1469435929,1469435935,6
1,1469435940,1469435942,2
4,1469435948,1469436000,52
1,1469435951,1469435964,13
1,1469435988,1469435999,11
4,1469436002,1469436008,6
4,1469436009,1469436042,33
4,1469436043,1469436047,4
4,1469436049,1469436057,8
4,1469436058,1469436068,10
4,1469436070,1469436086,16
1,1469436073,1469436085,12
4,1469436086,1469436088,2
4,1469436088,1469436093,5
4,1469436093,1469436095,2
4,1469436095,1469436097,2
4,1469436098,1469436100,2
4,1469436100,1469436103,3
4,1469436104,1469436112,8
4,1469436113,1469436147,34
1,1469436115,1469436117,2
1,1469436135,1469436138,3
1,1469436143,1469436145,2
4,1469436147,1469436149,2
4,1469436149,1469436170,21
1,1469436161,1469436176,15
4,1469436177,1469436180,3
1,1469436181,1469436182,1
4,1469436184,1469436186,2
4,1469436186,1469436190,4
4,1469436190,1469436194,4
1,1469436191,1469436200,9
4,1469436194,1469436198,4
1,1469436206,1469436209,3
4,1469436208,1469436234,26
1,1469436226,1469436236,10
4,1469436235,1469436238,3
1,1469436243,1469436245,2
1,1469436248,1469436258,10
1,1469436272,1469436299,27
4,1469436282,1469436285,3
4,1469436285,1469436350,65
1,1469436340,1469436349,9
4,1469436353,1469436355,2
4,1469436355,1469436359,4
4,1469436359,1469436361,2
1,1469436360,1469436368,8
4,1469436362,1469436365,3
4,1469436365,1469436368,3
4,1469436368,1469436385,17
1,1469436379,1469436384,5
4,1469436386,1469436390,4
4,1469436391,1469436397,6
1,1469436392,1469436396,4
4,1469436397,1469436399,2
4,1469436399,1469436407,8
1,1469436402,1469436421,19
4,1469436407,1469436409,2
4,1469436410,1469436417,7
4,1469436423,1469436432,9
1,1469436425,1469436428,3
4,1469436432,1469436451,19
1,1469436435,1469436441,6
4,1469436451,1469436455,4
4,1469436455,1469436459,4
4,1469436459,1469436463,4
4,1469436463,1469436469,6
1,1469436465,1469436468,3
4,1469436469,1469436480,11
1,1469436474,1469436482,8
4,1469436483,1469436485,2
4,1469436485,1469436488,3
4,1469436489,1469436491,2
4,1469436491,1469436496,5
4,1469436496,1469436512,16
1,1469436510,1469436516,6
4,1469436512,1469436514,2
4,1469436514,1469436519,5
4,1469436519,1469436569,50
1,1469436523,1469436534,11
1,1469436555,1469436557,2
1,1469436563,1469436568,5
4,1469436572,1469436585,13
10,1469436573,1469436575,2
4,1469436587,1469436590,3
4,1469436590,1469436595,5
4,1469436595,1469436605,10
1,1469436599,1469436604,5
4,1469436607,1469436615,8
1,1469436608,1469436638,30
4,1469436627,1469436632,5
1,1469436645,1469436648,3
1,1469436651,1469436652,1
1,1469436656,1469436665,9
1,1469436671,1469436673,2
1,1469436680,1469436683,3
1,1469436687,1469436697,10
4,1469436698,1469436723,25
10,1469436699,1469436700,1
1,1469436714,1469436722,8
4,1469436725,1469436727,2
4,1469436732,1469436748,16
1,1469436741,1469436745,4
4,1469436748,1469436750,2
10,1469436749,1469436750,1
4,1469436750,1469436759,9
1,1469436755,1469436758,3
4,1469436759,1469436761,2
4,1469436762,1469436765,3
4,1469436765,1469436768,3
10,1469436767,1469436768,1
4,1469436768,1469436771,3
4,1469436771,1469436774,3
10,1469436773,1469436774,1
4,1469436774,1469436778,4
4,1469436781,1469436785,4
4,1469436789,1469436793,4
4,1469436793,1469436822,29
1,1469436811,1469436814,3
4,1469436822,1469436831,9
4,1469436831,1469436836,5
4,1469436836,1469436859,23
1,1469436850,1469436862,12
10,1469436860,1469436861,1
4,1469436861,1469436867,6
10,1469436862,1469436863,1
4,1469436867,1469436918,51
1,1469436880,1469436890,10
1,1469436897,1469436904,7
1,1469436908,1469436911,3
1,1469436916,1469436917,1
4,1469436919,1469436933,14
1,1469436923,1469436924,1
1,1469436927,1469436941,14
4,1469436936,1469436942,6
4,1469436942,1469436948,6
1,1469436944,1469436947,3
4,1469436949,1469436953,4
4,1469436953,1469436955,2
4,1469436955,1469436963,8
4,1469436963,1469436965,2
10,1469436964,1469436966,2
4,1469436966,1469436969,3
4,1469436969,1469436990,21
4,1469436990,1469436992,2
4,1469436992,1469436996,4
10,1469436994,1469436996,2
4,1469436996,1469436999,3
4,1469436999,1469437009,10
1,1469437001,1469437011,10
4,1469437012,1469437017,5
10,1469437012,1469437014,2
4,1469437018,1469437022,4
4,1469437023,1469437027,4
4,1469437031,1469437033,2
4,1469437040,1469437076,36
1,1469437048,1469437050,2
1,1469437067,1469437071,4
4,1469437077,1469437080,3
4,1469437080,1469437083,3
4,1469437096,1469437106,10
10,1469437097,1469437098,1
1,1469437102,1469437109,7
4,1469437106,1469437112,6
10,1469437110,1469437112,2
4,1469437116,1469437119,3
1,1469437128,1469437135,7
1,1469437145,1469437148,3
1,1469437156,1469437158,2
1,1469437165,1469437168,3
1,1469437173,1469437180,7
4,1469437181,1469437185,4
1,1469437183,1469437185,2
4,1469437186,1469437194,8
4,1469437194,1469437198,4
1,1469437195,1469437196,1
4,1469437198,1469437202,4
4,1469437203,1469440018,2815
10,1469437205,1469437206,1
1,1469437229,1469437234,5
1,1469437239,1469437247,8
1,1469437265,1469437267,2
1,1469437297,1469437299,2
1,1469439980,1469439985,5
1,1469439995,1469439998,3
1,1469440015,1469440029,14
4,1469440030,1469440069,39
1,1469440032,1469440034,2
1,1469440037,1469440038,1
1,1469440046,1469440048,2
1,1469440053,1469440055,2
1,1469440061,1469440066,5
1,1469440071,1469440073,2
4,1469440074,1469440078,4
4,1469440079,1469440082,3
4,1469440082,1469440092,10
10,1469440084,1469440085,1
1,1469440087,1469440118,31
4,1469440095,1469440106,11
4,1469440111,1469440118,7
4,1469440119,1469440123,4
10,1469440119,1469440120,1
4,1469440127,1469440157,30
1,1469440137,1469440139,2
1,1469440150,1469440156,6
4,1469440158,1469440162,4
4,1469440163,1469440165,2
4,1469440165,1469440167,2
4,1469440167,1469440169,2
4,1469440170,1469440176,6
1,1469440171,1469440187,16
4,1469440181,1469440184,3
4,1469440188,1469440191,3
4,1469440191,1469440197,6
1,1469440193,1469440196,3
1,1469440203,1469440208,5
4,1469440206,1469440210,4
1,1469440218,1469440220,2
4,1469440222,1469440227,5
4,1469440228,1469440231,3
1,1469440229,1469440230,1
4,1469440232,1469440237,5
10,1469440237,1469440238,1
4,1469440240,1469440243,3
4,1469440244,1469440252,8
1,1469440251,1469440252,1
4,1469440253,1469440278,25
10,1469440253,1469440254,1
1,1469440266,1469440277,11
4,1469440279,1469440281,2
4,1469440281,1469440283,2
4,1469440283,1469440285,2
4,1469440285,1469440287,2
4,1469440287,1469440353,66
1,1469440296,1469440300,4
1,1469440324,1469440326,2
1,1469440330,1469440341,11
4,1469440353,1469440366,13
1,1469440356,1469440364,8
4,1469440372,1469440376,4
1,1469440374,1469440379,5
4,1469440376,1469440379,3
4,1469440382,1469440388,6
1,1469440383,1469440386,3
4,1469440389,1469440396,7
1,1469440390,1469440393,3
4,1469440396,1469440398,2
4,1469440398,1469440400,2
4,1469440400,1469440403,3
4,1469440404,1469440406,2
4,1469440406,1469440409,3
4,1469440409,1469440412,3
4,1469440412,1469440419,7
1,1469440415,1469440417,2
4,1469440419,1469440424,5
1,1469440422,1469440423,1
4,1469440425,1469440428,3
10,1469440425,1469440427,2
1,1469440428,1469440431,3
4,1469440433,1469440438,5
1,1469440435,1469440446,11
4,1469440439,1469440448,9
4,1469440449,1469440453,4
4,1469440453,1469440456,3
10,1469440454,1469440456,2
4,1469440456,1469440462,6
1,1469440458,1469440461,3
4,1469440462,1469440468,6
1,1469440465,1469440467,2
4,1469440469,1469440474,5
4,1469440474,1469440477,3
1,1469440474,1469440476,2
4,1469440480,1469440484,4
4,1469440484,1469440488,4
4,1469440488,1469440499,11
4,1469440499,1469440502,3
4,1469440503,1469440572,69
1,1469440516,1469440519,3
1,1469440568,1469440571,3
4,1469440572,1469440574,2
4,1469440575,1469440578,3
4,1469440581,1469440584,3
4,1469440585,1469440587,2
10,1469440585,1469440586,1
4,1469440587,1469440591,4
10,1469440588,1469440591,3
4,1469440591,1469440598,7
10,1469440593,1469440594,1
1,1469440594,1469440596,2
10,1469440597,1469440599,2
4,1469440599,1469440612,13
1,1469440605,1469440608,3
1,1469440617,1469440620,3
4,1469440623,1469440645,22
1,1469440630,1469440638,8
1,1469440641,1469440644,3
4,1469440645,1469440699,54
1,1469440686,1469440697,11
4,1469440699,1469440702,3
10,1469440700,1469440701,1
4,1469440705,1469440709,4
10,1469440707,1469440709,2
4,1469440709,1469440712,3
1,1469440710,1469440711,1
10,1469440710,1469440711,1
4,1469440712,1469440720,8
10,1469440715,1469440716,1
4,1469440720,1469440725,5
10,1469440721,1469440722,1
4,1469440725,1469440730,5
10,1469440727,1469440730,3
4,1469440730,1469440732,2
4,1469440732,1469440737,5
4,1469440737,1469440740,3
4,1469440740,1469440742,2
4,1469440742,1469440745,3
4,1469440746,1469440750,4
10,1469440747,1469440749,2
1,1469440748,1469440750,2
4,1469440754,1469440767,13
10,1469440754,1469440757,3
1,1469440759,1469440760,1
1,1469440764,1469440766,2
4,1469440768,1469440770,2
10,1469440768,1469440770,2
4,1469440771,1469440773,2
4,1469440773,1469440796,23
10,1469440774,1469440776,2
1,1469440783,1469440787,4
4,1469440796,1469440798,2
4,1469440799,1469440802,3
10,1469440801,1469440802,1
4,1469440804,1469440828,24
1,1469440815,1469440827,12
4,1469440830,1469440833,3
1,1469440833,1469440837,4
4,1469440838,1469440854,16
4,1469440854,1469440859,5
1,1469440856,1469440859,3
4,1469440862,1469440866,4
1,1469440863,1469440866,3
4,1469440867,1469440873,6
1,1469440871,1469440874,3
4,1469440873,1469440883,10
1,1469440879,1469440902,23
4,1469440886,1469440895,9
10,1469440888,1469440889,1
4,1469440897,1469440903,6
4,1469440905,1469440908,3
4,1469440908,1469440910,2
10,1469440908,1469440910,2
4,1469440910,1469440913,3
4,1469440913,1469440915,2
4,1469440915,1469440917,2
4,1469440919,1469440922,3
1,1469440929,1469440932,3
4,1469440937,1469440994,57
10,1469440938,1469440939,1
4,1469440994,1469441009,15
1,1469441006,1469441008,2
4,1469441009,1469441014,5
1,1469441011,1469441013,2
4,1469441014,1469441020,6
1,1469441017,1469441018,1
4,1469441020,1469441022,2
4,1469441022,1469441025,3
4,1469441025,1469441075,50
10,1469441026,1469441027,1
1,1469441030,1469441031,1
1,1469441035,1469441039,4
1,1469441051,1469441062,11
1,1469441072,1469441073,1
4,1469441076,1469441094,18
1,1469441078,1469441081,3
1,1469441085,1469441087,2
4,1469441095,1469441098,3
10,1469441097,1469441098,1
4,1469441098,1469441101,3
10,1469441099,1469441101,2
4,1469441101,1469441103,2
4,1469441103,1469441106,3
10,1469441105,1469441106,1
4,1469441106,1469441108,2
10,1469441107,1469441108,1
4,1469441108,1469441116,8
10,1469441111,1469441116,5
4,1469441116,1469441220,104
1,1469441138,1469441140,2
1,1469441143,1469441155,12
1,1469441160,1469441162,2
1,1469441181,1469441186,5
5,1469441187,1469441208,21
1,1469441211,1469441222,11
4,1469441224,1469441232,8
1,1469441226,1469441230,4
1,1469441240,1469441241,1
4,1469441242,1469441260,18
1,1469441252,1469441257,5
4,1469441260,1469441263,3
1,1469441261,1469441268,7
4,1469441263,1469441268,5
4,1469441270,1469441275,5
1,1469441273,1469441275,2
4,1469441276,1469441286,10
10,1469441276,1469441277,1
1,1469441278,1469441286,8
1,1469441289,1469441292,3
4,1469441293,1469441296,3
4,1469441303,1469441309,6
1,1469441307,1469441313,6
4,1469441310,1469441314,4
4,1469441322,1469441326,4
10,1469441323,1469441324,1
4,1469441329,1469441341,12
1,1469441336,1469441339,3
1,1469441344,1469441346,2
4,1469441347,1469441349,2
10,1469441349,1469441350,1
4,1469441352,1469441390,38
1,1469441354,1469441380,26
4,1469441390,1469441438,48
1,1469441398,1469441403,5
1,1469441422,1469441425,3
1,1469441431,1469441434,3
4,1469441438,1469441453,15
1,1469441439,1469441442,3
1,1469441447,1469441452,5
4,1469441453,1469441457,4
4,1469441458,1469441466,8
1,1469441461,1469441476,15
4,1469441466,1469441471,5
4,1469441474,1469441532,58
1,1469441481,1469441504,23
1,1469441508,1469441512,4
1,1469441522,1469441532,10
1,1469441535,1469441538,3
4,1469441542,1469441545,3
1,1469441547,1469441553,6
1,1469441559,1469441561,2
4,1469441562,1469441566,4
4,1469441569,1469441572,3
4,1469441572,1469441575,3
4,1469441575,1469441583,8
10,1469441575,1469441577,2
1,1469441576,1469441583,7
4,1469441584,1469441589,5
1,1469441586,1469441587,1
4,1469441590,1469441610,20
1,1469441592,1469441596,4
1,1469441604,1469441609,5
4,1469441610,1469441623,13
1,1469441618,1469441622,4
4,1469441623,1469441636,13
4,1469441637,1469441641,4
10,1469441639,1469441641,2
4,1469441641,1469441644,3
10,1469441644,1469441645,1
4,1469441645,1469441648,3
4,1469441648,1469441653,5
4,1469441653,1469441655,2
4,1469441656,1469441661,5
4,1469441662,1469441664,2
4,1469441664,1469441667,3
4,1469441667,1469441670,3
4,1469441670,1469441677,7
4,1469441677,1469441681,4
10,1469441679,1469441681,2
10,1469441681,1469441683,2
4,1469441683,1469441685,2
4,1469441685,1469441691,6
4,1469441692,1469441694,2
4,1469441694,1469441699,5
4,1469441699,1469441702,3
4,1469441702,1469441705,3
4,1469441706,1469441726,20
1,1469441723,1469441725,2
4,1469441727,1469441730,3
4,1469441730,1469441733,3
1,1469441735,1469441737,2
4,1469441737,1469441740,3
4,1469441740,1469441746,6
1,1469441770,1469441772,2
4,1469441784,1469441793,9
4,1469441793,1469441807,14
1,1469441804,1469441810,6
4,1469441809,1469441851,42
1,1469441839,1469441855,16
4,1469441851,1469441855,4
4,1469441856,1469441858,2
10,1469441857,1469441858,1
1,1469441871,1469441876,5
4,1469441878,1469441900,22
1,1469441886,1469441904,18
4,1469441900,1469441918,18
1,1469441915,1469441933,18
4,1469441918,1469441922,4
4,1469441923,1469441969,46
4,1469441969,1469441975,6
4,1469441976,1469441982,6
1,1469441978,1469441986,8
4,1469441982,1469441988,6
4,1469441992,1469441994,2
4,1469441994,1469442001,7
1,1469441997,1469442004,7
4,1469442001,1469442005,4
4,1469442005,1469442014,9
1,1469442008,1469442034,26
4,1469442019,1469442022,3
4,1469442024,1469442028,4
4,1469442029,1469442031,2
4,1469442031,1469442035,4
4,1469442035,1469442039,4
4,1469442039,1469442065,26
1,1469442062,1469442063,1
4,1469442066,1469442068,2
4,1469442069,1469442072,3
4,1469442072,1469442082,10
1,1469442075,1469442081,6
4,1469442082,1469442085,3
4,1469442085,1469442088,3
4,1469442088,1469442097,9
1,1469442091,1469442129,38
4,1469442097,1469442100,3
4,1469442104,1469442109,5
4,1469442129,1469442201,72
1,1469442134,1469442138,4
1,1469442197,1469442203,6
4,1469442201,1469442219,18
1,1469442216,1469442217,1
4,1469442219,1469442224,5
1,1469442222,1469442223,1
4,1469442224,1469442230,6
4,1469442230,1469442232,2
4,1469442233,1469442298,65
10,1469442234,1469442235,1
1,1469442249,1469442251,2
1,1469442275,1469442276,1
1,1469442283,1469442286,3
1,1469442290,1469442296,6
4,1469442299,1469442302,3
10,1469442300,1469442302,2
4,1469442302,1469442304,2
4,1469442304,1469442310,6
1,1469442308,1469442313,5
4,1469442316,1469442321,5
1,1469442317,1469442337,20
4,1469442323,1469442328,5
4,1469442329,1469442334,5
4,1469442337,1469442366,29
1,1469442362,1469442363,1
4,1469442366,1469442370,4
1,1469442368,1469442369,1
4,1469442371,1469442373,2
4,1469442374,1469442376,2
4,1469442376,1469442381,5
4,1469442381,1469442384,3
4,1469442384,1469442387,3
1,1469442390,1469442391,1
1,1469442425,1469442435,10
4,1469442432,1469442437,5
4,1469442437,1469442441,4
10,1469442438,1469442439,1
1,1469442439,1469442440,1
4,1469442441,1469442443,2
4,1469442444,1469442448,4
1,1469442446,1469442450,4
4,1469442452,1469442473,21
1,1469442455,1469442458,3
1,1469442469,1469442489,20
4,1469442480,1469442485,5
4,1469442487,1469442502,15
1,1469442495,1469442498,3
4,1469442502,1469442505,3
4,1469442505,1469442507,2
10,1469442507,1469442509,2
4,1469442512,1469442514,2
4,1469442514,1469442520,6
4,1469442520,1469442523,3
4,1469442523,1469442525,2
4,1469442525,1469442527,2
4,1469442527,1469442530,3
10,1469442528,1469442530,2
4,1469442530,1469442532,2
10,1469442531,1469442532,1
4,1469442532,1469442535,3
4,1469442535,1469442558,23
1,1469442552,1469442559,7
4,1469442570,1469442575,5
1,1469442574,1469442581,7
10,1469442575,1469442576,1
4,1469442577,1469442579,2
10,1469442579,1469442580,1
4,1469442583,1469442587,4
4,1469442588,1469442590,2
1,1469442595,1469442615,20
4,1469442601,1469442610,9
4,1469442615,1469442623,8
1,1469442619,1469442622,3
4,1469442627,1469442642,15
1,1469442629,1469442633,4
4,1469442642,1469442660,18
1,1469442646,1469442651,5
1,1469442655,1469442658,3
4,1469442660,1469442662,2
10,1469442661,1469442662,1
4,1469442662,1469442664,2
4,1469442664,1469442668,4
10,1469442668,1469442669,1
4,1469442669,1469442671,2
4,1469442671,1469442673,2
10,1469442672,1469442673,1
4,1469442674,1469442676,2
4,1469442679,1469442688,9
1,1469442681,1469442697,16
4,1469442688,1469442692,4
4,1469442693,1469442698,5
4,1469442699,1469442702,3
1,1469442700,1469442704,4
4,1469442705,1469442707,2
4,1469442707,1469442710,3
10,1469442708,1469442710,2
1,1469442713,1469442718,5
4,1469442716,1469442767,51
1,1469442749,1469442776,27
4,1469442767,1469442771,4
4,1469442777,1469442800,23
1,1469442783,1469442789,6
1,1469442807,1469442815,8
1,1469442822,1469442826,4
5,1469442826,1469442832,6
1,1469442834,1469442850,16
4,1469442844,1469442850,6
4,1469442851,1469442853,2
10,1469442851,1469442853,2
4,1469442853,1469442858,5
4,1469442858,1469442862,4
1,1469442860,1469442861,1
4,1469442862,1469442866,4
4,1469442866,1469442884,18
1,1469442869,1469442871,2
1,1469442879,1469442881,2
4,1469442884,1469442894,10
1,1469442886,1469442887,1
1,1469442891,1469442893,2
4,1469442894,1469442897,3
4,1469442897,1469442901,4
4,1469442901,1469442919,18
1,1469442911,1469442922,11
4,1469442919,1469442923,4
4,1469442923,1469442930,7
10,1469442924,1469442925,1
1,1469442927,1469442930,3
4,1469442931,1469442933,2
4,1469442933,1469442939,6
1,1469442934,1469442938,4
4,1469442940,1469442943,3
4,1469442944,1469442947,3
4,1469442947,1469442952,5
1,1469442948,1469442956,8
4,1469442952,1469442956,4
4,1469442957,1469442963,6
1,1469442959,1469442962,3
4,1469442963,1469442969,6
1,1469442965,1469442968,3
4,1469442969,1469442979,10
1,1469442973,1469442981,8
4,1469442982,1469443011,29
4,1469443011,1469443017,6
4,1469443017,1469443029,12
1,1469443027,1469443028,1
4,1469443029,1469443043,14
10,1469443030,1469443031,1
1,1469443041,1469443042,1
4,1469443043,1469443049,6
10,1469443045,1469443046,1
1,1469443052,1469443072,20
4,1469443063,1469443070,7
1,1469443081,1469443091,10
4,1469443084,1469443087,3
1,1469443099,1469443109,10
4,1469443101,1469443110,9
4,1469443110,1469443117,7
1,1469443112,1469443122,10
4,1469443122,1469443130,8
10,1469443124,1469443126,2
4,1469443130,1469443170,40
1,1469443147,1469443148,1
1,1469443166,1469443175,9
4,1469443176,1469443180,4
1,1469443184,1469443187,3
1,1469443191,1469443201,10
1,1469443204,1469443209,5
1,1469443216,1469443235,19
1,1469443245,1469443256,11
4,1469443257,1469443262,5
10,1469443258,1469443262,4
4,1469443262,1469443268,6
4,1469443268,1469443277,9
1,1469443270,1469443276,6
4,1469443277,1469443279,2
10,1469443278,1469443279,1
4,1469443279,1469443286,7
10,1469443281,1469443286,5
4,1469443286,1469443295,9
4,1469443295,1469443301,6
4,1469443301,1469443303,2
4,1469443303,1469443323,20
10,1469443304,1469443306,2
1,1469443312,1469443319,7
4,1469443323,1469443340,17
1,1469443335,1469443338,3
4,1469443340,1469443342,2
4,1469443342,1469443345,3
4,1469443345,1469443347,2
4,1469443348,1469443350,2
4,1469443350,1469443353,3
4,1469443356,1469443364,8
1,1469443360,1469443363,3
4,1469443364,1469443382,18
1,1469443370,1469443372,2
4,1469443382,1469443411,29
1,1469443385,1469443399,14
4,1469443411,1469443426,15
1,1469443422,1469443423,1
4,1469443426,1469443455,29
1,1469443429,1469443434,5
1,1469443443,1469443452,9
4,1469443455,1469443460,5
10,1469443457,1469443458,1
4,1469443460,1469443476,16
1,1469443465,1469443499,34
4,1469443476,1469443485,9
4,1469443485,1469443492,7
4,1469443495,1469443498,3
4,1469443500,1469443503,3
4,1469443503,1469444222,719
1,1469443509,1469443519,10
1,1469443527,1469443529,2
1,1469443533,1469443537,4
1,1469443550,1469443552,2
1,1469444131,1469444133,2
1,1469444210,1469444222,12
4,1469444224,1469444226,2
4,1469444226,1469444233,7
1,1469444239,1469444246,7
1,1469444302,1469444305,3
1,1469444309,1469444312,3
1,1469444316,1469444320,4
1,1469444323,1469444329,6
1,1469444336,1469444339,3
1,1469444344,1469444364,20
1,1469444371,1469444377,6
4,1469444378,1469444382,4
1,1469444384,1469444386,2
4,1469444392,1469444395,3
4,1469444395,1469444398,3
4,1469444398,1469444400,2
4,1469444400,1469444403,3
4,1469444403,1469444405,2
4,1469444405,1469444411,6
4,1469444411,1469444417,6
4,1469444417,1469444419,2
4,1469444420,1469444422,2
4,1469444422,1469444427,5
4,1469444427,1469444431,4
1,1469444428,1469444429,1
4,1469444431,1469444437,6
4,1469444437,1469444439,2
4,1469444439,1469444441,2
4,1469444442,1469444444,2
4,1469444445,1469444447,2
4,1469444447,1469444451,4
4,1469444451,1469444453,2
4,1469444454,1469444457,3
4,1469444457,1469444461,4
4,1469444461,1469444463,2
4,1469444463,1469444468,5
1,1469444464,1469444465,1
4,1469444468,1469444470,2
4,1469444473,1469444538,65
1,1469444485,1469444489,4
1,1469444492,1469444504,12
5,1469444504,1469444517,13
1,1469444530,1469444538,8
1,1469444542,1469444544,2
1,1469444554,1469444556,2
1,1469444563,1469444575,12
5,1469444575,1469444580,5
1,1469444581,1469444589,8
4,1469444583,1469444585,2
4,1469444590,1469444592,2
10,1469444592,1469444593,1
10,1469444593,1469444594,1
4,1469444594,1469444602,8
1,1469444595,1469444597,2
1,1469444604,1469444611,7
4,1469444609,1469444612,3
4,1469444615,1469444622,7
1,1469444618,1469444620,2
4,1469444622,1469444661,39
1,1469444624,1469444633,9
1,1469444643,1469444648,5
1,1469444653,1469444659,6
4,1469444662,1469444665,3
1,1469444663,1469444664,1
4,1469444665,1469444679,14
1,1469444668,1469444701,33
4,1469444686,1469444767,81
1,1469444710,1469444721,11
1,1469444739,1469444748,9
1,1469444757,1469444793,36
4,1469444771,1469444773,2
4,1469444782,1469444786,4
4,1469444786,1469444789,3
4,1469444789,1469444791,2
4,1469444791,1469444794,3
4,1469444794,1469444797,3
4,1469444797,1469444800,3
10,1469444798,1469444800,2
4,1469444800,1469444802,2
4,1469444803,1469444806,3
1,1469444809,1469444814,5
1,1469444818,1469444856,38
4,1469444823,1469444827,4
4,1469444830,1469444833,3
4,1469444834,1469444836,2
4,1469444836,1469444852,16
4,1469444857,1469444860,3
1,1469444859,1469444868,9
4,1469444860,1469444882,22
1,1469444872,1469444874,2
4,1469444882,1469444923,41
1,1469444887,1469444893,6
1,1469444896,1469444901,5
1,1469444916,1469444983,67
4,1469444923,1469444933,10
4,1469444940,1469444952,12
4,1469444956,1469444960,4
10,1469444956,1469444958,2
4,1469444960,1469444970,10
4,1469444974,1469444977,3
4,1469444980,1469445009,29
1,1469445003,1469445005,2
4,1469445010,1469445012,2
4,1469445012,1469445016,4
1,1469445014,1469445027,13
4,1469445017,1469445020,3
4,1469445022,1469445029,7
4,1469445029,1469445031,2
4,1469445031,1469445034,3
4,1469445034,1469445042,8
10,1469445035,1469445036,1
1,1469445037,1469445050,13
4,1469445042,1469445045,3
10,1469445044,1469445045,1
4,1469445045,1469445052,7
4,1469445052,1469445139,87
1,1469445054,1469445059,5
1,1469445067,1469445082,15
1,1469445134,1469445136,2
4,1469445139,1469445156,17
1,1469445146,1469445148,2
1,1469445152,1469445181,29
4,1469445157,1469445178,21
4,1469445178,1469445185,7
4,1469445186,1469445202,16
1,1469445186,1469445188,2
1,1469445193,1469445196,3
4,1469445202,1469445207,5
1,1469445205,1469445206,1
4,1469445208,1469445210,2
10,1469445208,1469445209,1
4,1469445210,1469445212,2
4,1469445212,1469445228,16
1,1469445215,1469445231,16
4,1469445228,1469445231,3
4,1469445231,1469445235,4
4,1469445235,1469445253,18
10,1469445237,1469445239,2
1,1469445239,1469445243,4
1,1469445246,1469445252,6
4,1469445253,1469445258,5
1,1469445259,1469445261,2
4,1469445261,1469445289,28
1,1469445279,1469445293,14
4,1469445289,1469445292,3
4,1469445292,1469445295,3
4,1469445295,1469445305,10
1,1469445298,1469445312,14
4,1469445309,1469445317,8
1,1469445315,1469445340,25
4,1469445317,1469445327,10
4,1469445327,1469445331,4
4,1469445332,1469445340,8
10,1469445337,1469445339,2
1,1469445343,1469445368,25
4,1469445351,1469445397,46
10,1469445373,1469445375,2
1,1469445375,1469445391,16
10,1469445390,1469445396,6
1,1469445400,1469445403,3
4,1469445406,1469445430,24
1,1469445410,1469445414,4
1,1469445420,1469445423,3
1,1469445426,1469445450,24
4,1469445436,1469445446,10
4,1469445452,1469445456,4
4,1469445456,1469445464,8
1,1469445460,1469445464,4
4,1469445465,1469445470,5
1,1469445471,1469445475,4
4,1469445472,1469445477,5
1,1469445482,1469445485,3
4,1469445488,1469445501,13
1,1469445492,1469445524,32
4,1469445514,1469445522,8
4,1469445525,1469445527,2
4,1469445528,1469445532,4
4,1469445532,1469445537,5
10,1469445534,1469445535,1
4,1469445537,1469445560,23
10,1469445539,1469445541,2
1,1469445540,1469445542,2
1,1469445549,1469445568,19
4,1469445566,1469445576,10
1,1469445573,1469445578,5
1,1469445585,1469445587,2
4,1469445588,1469445591,3
1,1469445591,1469445603,12
4,1469445597,1469445601,4
4,1469445601,1469445603,2
4,1469445604,1469445606,2
4,1469445606,1469445611,5
1,1469445609,1469445610,1
4,1469445611,1469445615,4
1,1469445615,1469445616,1
4,1469445617,1469445621,4
1,1469445619,1469445621,2
4,1469445624,1469445637,13
1,1469445626,1469445628,2
1,1469445633,1469445640,7
4,1469445637,1469445640,3
10,1469445637,1469445639,2
4,1469445641,1469445672,31
10,1469445641,1469445669,28
1,1469445668,1469445669,1
4,1469445672,1469445677,5
1,1469445674,1469445676,2
4,1469445677,1469445682,5
10,1469445680,1469445682,2
4,1469445683,1469445703,20
4,1469445703,1469445705,2
10,1469445703,1469445705,2
4,1469445705,1469445710,5
1,1469445707,1469445708,1
4,1469445710,1469445808,98
1,1469445717,1469445718,1
1,1469445729,1469445737,8
1,1469445760,1469445765,5
1,1469445770,1469445813,43
5,1469445782,1469445784,2
4,1469445808,1469445953,145
1,1469445817,1469445832,15
1,1469445835,1469445842,7
1,1469445868,1469445871,3
1,1469445921,1469445940,19
1,1469445944,1469445949,5
4,1469445953,1469445964,11
1,1469445956,1469445966,10
1,1469445972,1469445982,10
1,1469445986,1469445990,4
1,1469445999,1469446000,1
4,1469446002,1469446072,70
1,1469446066,1469446078,12
4,1469446074,1469446081,7
4,1469446081,1469446088,7
4,1469446088,1469446092,4
1,1469446089,1469446091,2
4,1469446092,1469446094,2
4,1469446094,1469446098,4
4,1469446098,1469446100,2
4,1469446100,1469446103,3
4,1469446103,1469446105,2
10,1469446103,1469446104,1
4,1469446105,1469446108,3
4,1469446110,1469446112,2
4,1469446112,1469446115,3
4,1469446115,1469446117,2
4,1469446117,1469446121,4
10,1469446119,1469446121,2
4,1469446121,1469446126,5
10,1469446121,1469446123,2
4,1469446126,1469446128,2
4,1469446128,1469446131,3
10,1469446130,1469446131,1
4,1469446131,1469446135,4
4,1469446135,1469446138,3
1,1469446136,1469446138,2
4,1469446139,1469446143,4
4,1469446143,1469446150,7
1,1469446145,1469446147,2
4,1469446150,1469446241,91
1,1469446219,1469446231,12
1,1469446237,1469446243,6
4,1469446242,1469446270,28
1,1469446268,1469446270,2
4,1469446271,1469446274,3
4,1469446274,1469446276,2
4,1469446277,1469446280,3
4,1469446280,1469446283,3
10,1469446282,1469446283,1
4,1469446283,1469446288,5
4,1469446289,1469446307,18
10,1469446291,1469446304,13
4,1469446307,1469446310,3
10,1469446308,1469446310,2
4,1469446311,1469446313,2
4,1469446313,1469446316,3
4,1469446317,1469446319,2
4,1469446319,1469446322,3
4,1469446327,1469446329,2
4,1469446329,1469446334,5
4,1469446336,1469446339,3
10,1469446338,1469446339,1
4,1469446339,1469446342,3
4,1469446342,1469446344,2
4,1469446345,1469446348,3
4,1469446351,1469446354,3
1,1469446352,1469446356,4
4,1469446354,1469446357,3
4,1469446357,1469446359,2
10,1469446358,1469446359,1
4,1469446359,1469446361,2
4,1469446361,1469446365,4
1,1469446363,1469446367,4
4,1469446367,1469446371,4
4,1469446371,1469446382,11
1,1469446376,1469446381,5
4,1469446382,1469446384,2
10,1469446383,1469446384,1
4,1469446386,1469446388,2
1,1469446391,1469446392,1
4,1469446394,1469446401,7
1,1469446397,1469446405,8
4,1469446406,1469446410,4
4,1469446410,1469446412,2
4,1469446412,1469446415,3
10,1469446414,1469446415,1
4,1469446415,1469446419,4
4,1469446419,1469446422,3
10,1469446419,1469446421,2
4,1469446422,1469446424,2
10,1469446423,1469446424,1
1,1469446426,1469446429,3
4,1469446442,1469446453,11
1,1469446445,1469446452,7
4,1469446453,1469446456,3
4,1469446456,1469446460,4
4,1469446463,1469446467,4
4,1469446468,1469446473,5
4,1469446473,1469446482,9
1,1469446483,1469446495,12
4,1469446492,1469446509,17
1,1469446504,1469446511,7
1,1469446515,1469446533,18
4,1469446519,1469446523,4
10,1469446519,1469446521,2
10,1469446523,1469446525,2
4,1469446526,1469446530,4
10,1469446527,1469446528,1
10,1469446531,1469446532,1
4,1469446536,1469446549,13
1,1469446538,1469446547,9
4,1469446549,1469446559,10
1,1469446552,1469446556,4
4,1469446559,1469446565,6
4,1469446565,1469446593,28
1,1469446573,1469446575,2
1,1469446591,1469446592,1
4,1469446594,1469446597,3
10,1469446596,1469446597,1
4,1469446597,1469446601,4
10,1469446599,1469446601,2
4,1469446601,1469446618,17
1,1469446603,1469446604,1
1,1469446614,1469446616,2
4,1469446624,1469446666,42
1,1469446625,1469446627,2
1,1469446652,1469446684,32
10,1469446667,1469446668,1
4,1469446676,1469446678,2
1,1469446687,1469446700,13
1,1469446720,1469446754,34
4,1469446758,1469446779,21
1,1469446765,1469446787,22
4,1469446782,1469446786,4
1,1469446817,1469446828,11
1,1469446835,1469446837,2
1,1469446877,1469446881,4
4,1469446882,1469446885,3
1,1469446889,1469446905,16
4,1469446894,1469446900,6
4,1469446900,1469446903,3
10,1469446900,1469446903,3
1,1469446909,1469446911,2
4,1469446923,1469446926,3
4,1469446926,1469446929,3
1,1469446930,1469446943,13
4,1469446934,1469446938,4
4,1469446938,1469446942,4
4,1469446942,1469446946,4
4,1469446946,1469446951,5
1,1469446948,1469446949,1
4,1469446970,1469446973,3
4,1469446973,1469446977,4
1,1469446975,1469446976,1
4,1469446977,1469446982,5
1,1469446985,1469446991,6
4,1469446985,1469447107,122
1,1469447004,1469447006,2
1,1469447064,1469447102,38
4,1469447107,1469447124,17
1,1469447109,1469447114,5
1,1469447121,1469447123,2
1,1469447131,1469447137,6
4,1469447138,1469447141,3
10,1469447140,1469447141,1
4,1469447141,1469447144,3
4,1469447146,1469447148,2
4,1469447148,1469447150,2
4,1469447150,1469447152,2
4,1469447152,1469447155,3
4,1469447155,1469447157,2
4,1469447157,1469447161,4
4,1469447161,1469447164,3
4,1469447164,1469447166,2
4,1469447166,1469447168,2
10,1469447167,1469447168,1
1,1469447171,1469447189,18
4,1469447178,1469447187,9
4,1469447187,1469447190,3
4,1469447190,1469447193,3
1,1469447194,1469447206,12
4,1469447200,1469447202,2
4,1469447202,1469447207,5
4,1469447207,1469447215,8
10,1469447215,1469447217,2
4,1469447217,1469447219,2
10,1469447217,1469447218,1
4,1469447220,1469447225,5
10,1469447222,1469447225,3
4,1469447225,1469447227,2
4,1469447232,1469447240,8
1,1469447234,1469447239,5
1,1469447250,1469447253,3
4,1469447254,1469447266,12
10,1469447255,1469447256,1
1,1469447262,1469447265,3
1,1469447270,1469447281,11
1,1469447286,1469447288,2
1,1469447292,1469447293,1
1,1469447298,1469447300,2
1,1469447307,1469447313,6
1,1469447317,1469447319,2
1,1469447326,1469447338,12
1,1469447353,1469447375,22
1,1469447379,1469447415,36
4,1469447418,1469447451,33
1,1469447425,1469447451,26
4,1469447454,1469447463,9
1,1469447457,1469447467,10
4,1469447464,1469447468,4
4,1469447468,1469447496,28
10,1469447469,1469447475,6
10,1469447477,1469447492,15
1,1469447493,1469447500,7
4,1469447496,1469447506,10
10,1469447501,1469447506,5
1,1469447504,1469447509,5
4,1469447510,1469447527,17
1,1469447514,1469447525,11
4,1469447528,1469447536,8
1,1469447529,1469447538,9
4,1469447536,1469447539,3
4,1469447539,1469447553,14
10,1469447542,1469447545,3
1,1469447554,1469447559,5
4,1469447560,1469447563,3
4,1469447563,1469447592,29
1,1469447565,1469447573,8
1,1469447590,1469447591,1
4,1469447592,1469447594,2
4,1469447595,1469447597,2
4,1469447597,1469447600,3
4,1469447600,1469447604,4
10,1469447601,1469447603,2
1,1469447602,1469447619,17
4,1469447604,1469447610,6
4,1469447616,1469447663,47
1,1469447639,1469447643,4
1,1469447657,1469447662,5
4,1469447664,1469447667,3
1,1469447665,1469447670,5
4,1469447667,1469447670,3
4,1469447670,1469447675,5
4,1469447675,1469447678,3
4,1469447679,1469447681,2
4,1469447681,1469447684,3
4,1469447687,1469447690,3
4,1469447690,1469447693,3
4,1469447693,1469447696,3
1,1469447694,1469447700,6
4,1469447697,1469447700,3
10,1469447697,1469447698,1
4,1469447700,1469447704,4
1,1469447714,1469447717,3
4,1469447719,1469447724,5
1,1469447721,1469447724,3
4,1469447725,1469447728,3
4,1469447729,1469447733,4
4,1469447733,1469447737,4
1,1469447733,1469447737,4
4,1469447737,1469447743,6
1,1469447741,1469447743,2
4,1469447743,1469447748,5
4,1469447748,1469447751,3
4,1469447751,1469447754,3
4,1469447754,1469447756,2
1,1469447754,1469447767,13
4,1469447756,1469447765,9
4,1469447768,1469447771,3
4,1469447773,1469447778,5
1,1469447782,1469447788,6
4,1469447785,1469447789,4
10,1469447786,1469447787,1
4,1469447789,1469447791,2
4,1469447791,1469447797,6
10,1469447792,1469447796,4
1,1469447795,1469447805,10
4,1469447798,1469447801,3
4,1469447801,1469447806,5
4,1469447806,1469447808,2
4,1469447809,1469447811,2
4,1469447811,1469447814,3
1,1469447812,1469447824,12
4,1469447815,1469447820,5
4,1469447823,1469447893,70
1,1469447879,1469447881,2
1,1469447891,1469447892,1
4,1469447893,1469447895,2
4,1469447895,1469447897,2
10,1469447896,1469447897,1
4,1469447898,1469447900,2
4,1469447900,1469447926,26
10,1469447900,1469447904,4
1,1469447902,1469447904,2
1,1469447918,1469447923,5
4,1469447926,1469447930,4
10,1469447927,1469447928,1
1,1469447927,1469447929,2
4,1469447930,1469447932,2
4,1469447933,1469447935,2
10,1469447933,1469447935,2
4,1469447935,1469447937,2
4,1469447937,1469447951,14
4,1469447951,1469447956,5
4,1469447957,1469447963,6
4,1469447963,1469447970,7
4,1469447970,1469447973,3
4,1469447973,1469447976,3
4,1469447977,1469447979,2
4,1469447979,1469447982,3
4,1469447982,1469447987,5
1,1469447983,1469447987,4
1,1469448002,1469448015,13
4,1469448006,1469448010,4
4,1469448013,1469448027,14
1,1469448024,1469448032,8
4,1469448028,1469448049,21
10,1469448028,1469448031,3
1,1469448042,1469448055,13
4,1469448050,1469448063,13
4,1469448064,1469448070,6
10,1469448066,1469448068,2
4,1469448070,1469448072,2
4,1469448072,1469448076,4
10,1469448073,1469448076,3
4,1469448076,1469448078,2
1,1469448079,1469448098,19
4,1469448082,1469448086,4
4,1469448086,1469448097,11
4,1469448099,1469448115,16
1,1469448105,1469448111,6
4,1469448116,1469448120,4
4,1469448120,1469448124,4
1,1469448120,1469448129,9
14,1469448129,1469448145,16
1,1469448146,1469448148,2
1,1469448151,1469448157,6
14,1469448157,1469448241,84
11,1469448160,1469448167,7
1,1469448161,1469448188,27
4,1469448164,1469448168,4
11,1469448167,1469448169,2
11,1469448171,1469448183,12
11,1469448183,1469448205,22
4,1469448184,1469448241,57
1,1469448198,1469448226,28
11,1469448206,1469448219,13
11,1469448219,1469448221,2
11,1469448224,1469448234,10
1,1469448233,1469448247,14
11,1469448236,1469448238,2
11,1469448238,1469448241,3
5,1469448239,1469448241,2
4,1469448243,1469448248,5
4,1469448249,1469448252,3
1,1469448252,1469448281,29
4,1469448255,1469448272,17
4,1469448279,1469448282,3
4,1469448282,1469448287,5
4,1469448287,1469448297,10
1,1469448290,1469448294,4
4,1469448297,1469448300,3
4,1469448300,1469448304,4
4,1469448306,1469448310,4
4,1469448310,1469448330,20
1,1469448311,1469448315,4
14,1469448315,1469448322,7
1,1469448323,1469448329,6
4,1469448330,1469448334,4
4,1469448335,1469448339,4
1,1469448337,1469448340,3
4,1469448341,1469448344,3
4,1469448344,1469450537,2193
1,1469448346,1469448352,6
1,1469448356,1469448360,4
14,1469448359,1469448366,7
1,1469448679,1469448681,2
1,1469450532,1469450542,10
4,1469450537,1469450540,3
1,1469450550,1469450552,2
4,1469450553,1469450555,2
4,1469450556,1469450558,2
1,1469450559,1469450565,6
4,1469450567,1469450570,3
4,1469450570,1469450576,6
4,1469450576,1469450588,12
1,1469450581,1469450585,4
10,1469450586,1469450588,2
1,1469450593,1469450596,3
4,1469450598,1469450605,7
1,1469450602,1469450604,2
10,1469450608,1469450609,1
4,1469450609,1469450613,4
10,1469450611,1469450613,2
4,1469450616,1469450624,8
1,1469450619,1469450623,4
4,1469450633,1469450637,4
1,1469450634,1469450636,2
4,1469450637,1469450641,4
10,1469450638,1469450641,3
4,1469450645,1469450647,2
10,1469450645,1469450647,2
4,1469450647,1469450650,3
4,1469450651,1469450653,2
4,1469450653,1469450663,10
10,1469450655,1469450656,1
4,1469450663,1469450667,4
1,1469450668,1469450673,5
4,1469450669,1469450677,8
10,1469450670,1469450672,2
4,1469450678,1469450687,9
10,1469450678,1469450679,1
1,1469450681,1469450686,5
4,1469450688,1469450690,2
4,1469450691,1469450695,4
4,1469450696,1469450701,5
1,1469450699,1469450701,2
4,1469450701,1469450704,3
10,1469450703,1469450704,1
4,1469450704,1469450711,7
10,1469450705,1469450707,2
1,1469450706,1469450710,4
4,1469450712,1469450714,2
4,1469450716,1469450718,2
4,1469450718,1469450723,5
1,1469450723,1469450725,2
4,1469450726,1469450729,3
4,1469450729,1469450732,3
10,1469450731,1469450732,1
4,1469450733,1469450738,5
1,1469450739,1469450749,10
4,1469450742,1469450749,7
10,1469450744,1469450745,1
1,1469450761,1469450773,12
4,1469450777,1469450779,2
4,1469450780,1469450788,8
1,1469450780,1469450784,4
4,1469450788,1469450792,4
4,1469450794,1469450804,10
1,1469450796,1469450803,7
4,1469450804,1469450820,16
1,1469450818,1469450819,1
4,1469450820,1469450824,4
1,1469450827,1469450829,2
4,1469450829,1469450832,3
1,1469450833,1469450843,10
4,1469450835,1469450837,2
4,1469450838,1469450842,4
4,1469450846,1469450849,3
1,1469450847,1469450849,2
4,1469450850,1469450856,6
4,1469450856,1469450858,2
1,1469450862,1469450865,3
14,1469450865,1469450872,7
1,1469450875,1469450880,5
14,1469450880,1469450883,3
1,1469450887,1469450888,1
1,1469450892,1469450899,7
14,1469450899,1469450939,40
11,1469450901,1469450907,6
4,1469450903,1469450905,2
4,1469450905,1469450907,2
11,1469450907,1469450939,32
4,1469450908,1469450939,31
1,1469450909,1469450917,8
1,1469450923,1469450924,1
1,1469450935,1469450941,6
5,1469450937,1469450939,2
4,1469450941,1469450976,35
1,1469450950,1469450954,4
14,1469450954,1469450961,7
1,1469450965,1469450966,1
1,1469450970,1469450973,3
4,1469450976,1469451006,30
1,1469450979,1469450981,2
1,1469451002,1469451013,11
4,1469451006,1469451009,3
4,1469451014,1469451028,14
10,1469451015,1469451016,1
1,1469451026,1469451028,2
4,1469451028,1469451035,7
1,1469451032,1469451035,3
4,1469451035,1469451040,5
4,1469451040,1469451043,3
4,1469451043,1469451045,2
4,1469451045,1469451047,2
4,1469451048,1469451050,2
4,1469451050,1469451053,3
4,1469451053,1469451055,2
4,1469451055,1469451057,2
4,1469451058,1469451070,12
4,1469451070,1469451076,6
4,1469451080,1469451097,17
1,1469451088,1469451096,8
4,1469451098,1469451104,6
1,1469451102,1469451103,1
4,1469451105,1469451110,5
1,1469451107,1469451108,1
4,1469451110,1469451124,14
1,1469451121,1469451122,1
4,1469451126,1469451135,9
1,1469451128,1469451139,11
4,1469451135,1469451140,5
4,1469451142,1469451145,3
4,1469451145,1469451151,6
1,1469451147,1469451149,2
4,1469451151,1469451153,2
4,1469451153,1469451157,4
1,1469451154,1469451155,1
4,1469451157,1469451163,6
1,1469451159,1469451161,2
4,1469451163,1469451169,6
1,1469451166,1469451168,2
4,1469451170,1469451172,2
4,1469451172,1469451176,4
1,1469451173,1469451174,1
4,1469451176,1469451187,11
1,1469451179,1469451181,2
4,1469451187,1469451203,16
1,1469451189,1469451194,5
1,1469451198,1469451201,3
4,1469451204,1469451222,18
1,1469451205,1469451224,19
4,1469451224,1469451227,3
4,1469451228,1469451233,5
1,1469451230,1469451232,2
4,1469451234,1469451236,2
4,1469451236,1469451240,4
1,1469451237,1469451243,6
4,1469451240,1469451244,4
4,1469451244,1469451251,7
1,1469451247,1469451248,1
4,1469451251,1469451258,7
1,1469451254,1469451256,2
4,1469451258,1469451263,5
1,1469451260,1469451261,1
4,1469451263,1469451268,5
1,1469451266,1469451267,1
4,1469451268,1469451272,4
1,1469451273,1469451279,6
4,1469451280,1469451282,2
4,1469451282,1469451302,20
1,1469451286,1469451288,2
1,1469451294,1469451300,6
4,1469451302,1469451307,5
4,1469451307,1469451309,2
4,1469451309,1469451318,9
1,1469451314,1469451316,2
4,1469451318,1469451324,6
4,1469451324,1469451328,4
1,1469451325,1469451331,6
4,1469451329,1469451332,3
4,1469451332,1469451336,4
4,1469451336,1469451338,2
4,1469451339,1469451341,2
4,1469451341,1469451346,5
1,1469451342,1469451343,1
4,1469451346,1469451409,63
1,1469451360,1469451362,2
1,1469451368,1469451369,1
1,1469451373,1469451407,34
4,1469451409,1469451412,3
4,1469451413,1469451415,2
4,1469451416,1469451419,3
4,1469451419,1469451421,2
4,1469451421,1469451424,3
10,1469451422,1469451424,2
4,1469451424,1469451426,2
4,1469451427,1469451429,2
4,1469451429,1469451432,3
4,1469451432,1469451434,2
10,1469451435,1469451437,2
4,1469451437,1469451441,4
4,1469451441,1469451444,3
10,1469451441,1469451443,2
4,1469451444,1469451447,3
4,1469451447,1469451449,2
4,1469451449,1469451451,2
4,1469451451,1469451455,4
4,1469451455,1469451458,3
4,1469451458,1469451460,2
4,1469451461,1469451463,2
4,1469451464,1469451476,12
1,1469451470,1469451473,3
4,1469451477,1469451489,12
1,1469451477,1469451491,14
4,1469451492,1469451494,2
4,1469451494,1469451504,10
10,1469451495,1469451496,1
1,1469451495,1469451502,7
4,1469451504,1469451508,4
4,1469451510,1469451513,3
4,1469451513,1469451515,2
4,1469451516,1469451518,2
4,1469451518,1469451525,7
1,1469451530,1469451532,2
4,1469451535,1469451537,2
4,1469451538,1469451545,7
1,1469451540,1469451555,15
4,1469451549,1469451551,2
4,1469451551,1469451555,4
10,1469451551,1469451553,2
4,1469451555,1469451559,4
4,1469451562,1469451567,5
4,1469451567,1469451571,4
4,1469451571,1469451580,9
1,1469451574,1469451580,6
4,1469451580,1469451583,3
4,1469451583,1469451585,2
4,1469451585,1469451590,5
1,1469451587,1469451589,2
4,1469451590,1469451697,107
1,1469451596,1469451605,9
14,1469451605,1469451613,8
1,1469451619,1469451622,3
1,1469451643,1469451651,8
1,1469451668,1469451671,3
1,1469451675,1469451677,2
1,1469451691,1469451693,2
4,1469451697,1469451700,3
4,1469451700,1469451702,2
4,1469451702,1469451704,2
4,1469451705,1469451707,2
4,1469451707,1469451710,3
4,1469451710,1469451714,4
1,1469451711,1469451720,9
4,1469451714,1469451718,4
4,1469451718,1469451721,3
10,1469451719,1469451720,1
4,1469451721,1469451726,5
1,1469451724,1469451726,2
4,1469451741,1469451744,3
4,1469451744,1469451747,3
4,1469451747,1469451750,3
4,1469451751,1469451753,2
4,1469451754,1469451756,2
4,1469451758,1469451760,2
4,1469451761,1469451763,2
10,1469451761,1469451762,1
4,1469451763,1469451766,3
4,1469451766,1469451769,3
4,1469451770,1469451772,2
4,1469451772,1469451774,2
4,1469451774,1469451777,3
4,1469451777,1469451780,3
10,1469451777,1469451778,1
4,1469451789,1469451797,8
1,1469451791,1469451792,1
4,1469451797,1469451799,2
4,1469451799,1469451811,12
1,1469451805,1469451807,2
4,1469451811,1469451813,2
10,1469451811,1469451812,1
4,1469451813,1469451816,3
10,1469451813,1469451815,2
4,1469451816,1469451819,3
4,1469451821,1469451824,3
1,1469451822,1469451830,8
4,1469451824,1469451830,6
1,1469451833,1469451849,16
4,1469451843,1469451845,2
4,1469451845,1469451850,5
4,1469451851,1469451855,4
1,1469451853,1469451879,26
4,1469451855,1469451859,4
10,1469451857,1469451858,1
4,1469451863,1469451866,3
10,1469451864,1469451865,1
4,1469451866,1469451872,6
4,1469451880,1469451886,6
1,1469451882,1469451884,2
4,1469451886,1469451892,6
1,1469451889,1469451891,2
4,1469451892,1469451895,3
1,1469451897,1469451912,15
4,1469451904,1469451912,8
4,1469451912,1469451929,17
10,1469451913,1469451928,15
1,1469451915,1469451916,1
1,1469451921,1469451922,1
1,1469451934,1469451936,2
4,1469451937,1469451939,2
1,1469451941,1469451943,2
4,1469451944,1469451946,2
4,1469451947,1469451955,8
10,1469451947,1469451949,2
1,1469451949,1469451956,7
4,1469451955,1469451963,8
1,1469451960,1469451964,4
4,1469451963,1469451968,5
1,1469451967,1469451984,17
4,1469451968,1469452076,108
14,1469451984,1469451991,7
1,1469451996,1469452003,7
1,1469452009,1469452010,1
1,1469452016,1469452022,6
1,1469452070,1469452075,5
4,1469452076,1469452078,2
4,1469452081,1469452091,10
1,1469452084,1469452088,4
4,1469452091,1469452098,7
4,1469452098,1469452100,2
1,1469452102,1469452107,5
4,1469452105,1469452118,13
1,1469452115,1469452117,2
4,1469452118,1469452121,3
4,1469452122,1469452125,3
4,1469452125,1469452130,5
1,1469452127,1469452130,3
4,1469452131,1469452134,3
4,1469452136,1469452151,15
1,1469452139,1469452141,2
1,1469452146,1469452150,4
4,1469452151,1469452160,9
1,1469452156,1469452167,11
4,1469452160,1469452176,16
1,1469452172,1469452175,3
4,1469452176,1469452179,3
4,1469452180,1469452183,3
4,1469452184,1469452186,2
4,1469452187,1469452189,2
4,1469452189,1469452198,9
4,1469452198,1469452202,4
4,1469452202,1469452208,6
1,1469452206,1469452207,1
4,1469452214,1469452216,2
1,1469452219,1469452224,5
4,1469452225,1469452258,33
1,1469452230,1469452232,2
1,1469452236,1469452255,19
4,1469452261,1469452266,5
1,1469452413,1469452420,7
1,1469452434,1469452438,4
4,1469452439,1469452442,3
4,1469452444,1469452446,2
4,1469452452,1469452488,36
1,1469452469,1469452472,3
1,1469452483,1469452487,4
4,1469452488,1469452492,4
4,1469452494,1469452498,4
1,1469452508,1469452516,8
14,1469452510,1469452518,8
1,1469452519,1469452522,3
1,1469452525,1469452561,36
4,1469452556,1469452559,3
4,1469452562,1469452564,2
4,1469452564,1469452566,2
4,1469452566,1469452571,5
1,1469452568,1469452570,2
4,1469452571,1469452574,3
10,1469452572,1469452573,1
1,1469452578,1469452583,5
4,1469452584,1469452586,2
4,1469452586,1469452628,42
1,1469452590,1469452595,5
1,1469452625,1469452627,2
4,1469452628,1469452634,6
10,1469452630,1469452631,1
1,1469452631,1469452632,1
4,1469452635,1469452639,4
10,1469452636,1469452637,1
1,1469452637,1469452639,2
4,1469452640,1469452642,2
4,1469452642,1469452645,3
1,1469452643,1469452644,1
4,1469452645,1469452649,4
4,1469452649,1469452653,4
4,1469452653,1469452656,3
4,1469452658,1469452661,3
1,1469452659,1469452660,1
4,1469452661,1469452666,5
4,1469452667,1469452669,2
4,1469452669,1469452674,5
4,1469452677,1469452699,22
1,1469452679,1469452699,20
4,1469452700,1469452703,3
4,1469452703,1469452706,3
1,1469452704,1469452705,1
4,1469452706,1469452708,2
10,1469452707,1469452708,1
4,1469452710,1469452712,2
10,1469452710,1469452712,2
4,1469452712,1469452716,4
1,1469452713,1469452714,1
4,1469452716,1469452718,2
10,1469452717,1469452718,1
4,1469452718,1469452723,5
1,1469452719,1469452721,2
4,1469452723,1469452729,6
1,1469452725,1469452727,2
4,1469452729,1469452731,2
10,1469452730,1469452731,1
4,1469452731,1469452734,3
1,1469452732,1469452733,1
4,1469452735,1469452737,2
10,1469452735,1469452737,2
4,1469452737,1469452740,3
4,1469452740,1469452745,5
4,1469452745,1469452749,4
4,1469452749,1469452763,14
1,1469452759,1469452762,3
4,1469452763,1469452765,2
4,1469452765,1469452772,7
1,1469452767,1469452773,6
4,1469452772,1469452774,2
4,1469452774,1469452779,5
10,1469452775,1469452779,4
4,1469452779,1469452813,34
4,1469452813,1469452815,2
4,1469452815,1469452818,3
4,1469452818,1469452823,5
1,1469452821,1469452844,23
4,1469452824,1469452827,3
4,1469452837,1469452840,3
4,1469452840,1469452844,4
4,1469452844,1469452847,3
4,1469452847,1469452853,6
10,1469452851,1469452854,3
10,1469452854,1469452858,4
4,1469452861,1469452865,4
10,1469452862,1469452865,3
4,1469452865,1469452867,2
1,1469452865,1469452867,2
4,1469452867,1469452869,2
10,1469452868,1469452869,1
4,1469452869,1469452872,3
4,1469452872,1469452874,2
10,1469452873,1469452874,1
4,1469452874,1469452879,5
4,1469452879,1469452885,6
1,1469452883,1469452884,1
1,1469452906,1469452910,4
14,1469452909,1469452916,7
1,1469452925,1469452991,66
4,1469452931,1469452934,3
4,1469452937,1469452942,5
4,1469452945,1469452949,4
4,1469452951,1469452954,3
4,1469452957,1469452960,3
4,1469452963,1469452966,3
4,1469452969,1469452973,4
4,1469452975,1469452978,3
4,1469452981,1469452986,5
4,1469452988,1469453031,43
1,1469452994,1469453001,7
14,1469453001,1469453008,7
1,1469453010,1469453012,2
1,1469453021,1469453030,9
4,1469453031,1469453034,3
4,1469453034,1469453036,2
4,1469453037,1469453039,2
4,1469453039,1469453042,3
4,1469453043,1469453047,4
1,1469453045,1469453056,11
4,1469453047,1469453050,3
4,1469453050,1469453053,3
4,1469453054,1469453059,5
4,1469453059,1469453062,3
1,1469453060,1469453061,1
4,1469453062,1469453064,2
4,1469453065,1469453067,2
4,1469453068,1469453071,3
4,1469453071,1469453074,3
4,1469453074,1469453076,2
4,1469453076,1469453080,4
1,1469453078,1469453079,1
4,1469453080,1469453084,4
1,1469453082,1469453088,6
4,1469453084,1469453089,5
4,1469453089,1469453092,3
4,1469453092,1469453096,4
1,1469453098,1469453108,10
4,1469453109,1469453138,29
1,1469453117,1469453122,5
14,1469453120,1469453129,9
1,1469453125,1469453127,2
1,1469453131,1469453135,4
4,1469453141,1469453146,5
1,1469453143,1469453152,9
4,1469453146,1469453152,6
4,1469453152,1469453160,8
10,1469453154,1469453155,1
1,1469453155,1469453159,4
4,1469453160,1469453166,6
10,1469453163,1469453165,2
1,1469453163,1469453165,2
4,1469453166,1469453171,5
1,1469453169,1469453170,1
4,1469453171,1469453174,3
4,1469453174,1469453185,11
1,1469453176,1469453190,14
4,1469453185,1469453187,2
4,1469453191,1469453195,4
1,1469453193,1469453194,1
4,1469453195,1469453200,5
1,1469453198,1469453199,1
4,1469453200,1469453215,15
10,1469453202,1469453204,2
1,1469453203,1469453219,16
4,1469453215,1469453223,8
10,1469453216,1469453219,3
10,1469453220,1469453223,3
1,1469453224,1469453238,14
4,1469453227,1469453230,3
4,1469453239,1469453242,3
4,1469453242,1469453248,6
10,1469453244,1469453245,1
1,1469453249,1469453250,1
4,1469453251,1469453255,4
1,1469453257,1469453293,36
4,1469453261,1469453269,8
4,1469453273,1469453277,4
10,1469453274,1469453276,2
4,1469453278,1469453281,3
10,1469453278,1469453280,2
4,1469453282,1469453286,4
10,1469453283,1469453285,2
4,1469453286,1469453289,3
4,1469453289,1469453293,4
4,1469453294,1469453296,2
4,1469453296,1469453299,3
1,1469453297,1469453316,19
10,1469453297,1469453298,1
4,1469453299,1469453303,4
10,1469453301,1469453302,1
4,1469453303,1469453307,4
4,1469453307,1469453317,10
10,1469453308,1469453314,6
4,1469453318,1469453323,5
10,1469453319,1469453321,2
1,1469453321,1469453333,12
4,1469453323,1469453326,3
4,1469453327,1469453330,3
4,1469453330,1469453334,4
10,1469453331,1469453333,2
4,1469453334,1469453344,10
10,1469453335,1469453338,3
1,1469453336,1469453397,61
4,1469453349,1469453355,6
4,1469453360,1469453367,7
4,1469453374,1469453381,7
4,1469453395,1469453408,13
1,1469453401,1469453461,60
4,1469453416,1469453422,6
4,1469453428,1469453433,5
4,1469453438,1469453451,13
4,1469453451,1469453457,6
4,1469453463,1469453465,2
4,1469453465,1469453467,2
4,1469453468,1469453470,2
1,1469453471,1469453488,17
4,1469453482,1469453484,2
4,1469453489,1469453491,2
4,1469453491,1469453547,56
1,1469453515,1469453517,2
4,1469453547,1469453574,27
1,1469453551,1469453559,8
14,1469453555,1469453564,9
1,1469453565,1469453572,7
4,1469453574,1469453576,2
10,1469453575,1469453577,2
4,1469453577,1469453580,3
10,1469453578,1469453582,4
4,1469453580,1469453585,5
1,1469453583,1469453585,2
4,1469453586,1469453589,3
4,1469453589,1469453637,48
1,1469453601,1469453605,4
14,1469453605,1469453615,10
1,1469453618,1469453628,10
1,1469453631,1469453636,5
4,1469453637,1469453644,7
10,1469453639,1469453644,5
1,1469453649,1469453655,6
1,1469453659,1469453664,5
14,1469453663,1469453672,9
1,1469453681,1469453684,3
1,1469453697,1469453702,5
1,1469453739,1469453742,3
1,1469453745,1469453756,11
1,1469453760,1469453770,10
1,1469453924,1469453926,2
1,1469453980,1469453982,2
1,1469453985,1469453990,5
5,1469453989,1469453990,1
1,1469454009,1469454012,3
1,1469454026,1469454036,10
1,1469454071,1469454072,1
1,1469454097,1469454098,1
1,1469454125,1469454131,6
1,1469454168,1469454192,24
4,1469454201,1469454209,8
1,1469454204,1469454245,41
4,1469454211,1469454217,6
4,1469454219,1469454226,7
4,1469454228,1469454230,2
4,1469454231,1469454235,4
4,1469454237,1469454242,5
1,1469454248,1469454255,7
1,1469454261,1469454267,6
1,1469454272,1469454284,12
1,1469454292,1469454295,3
4,1469454297,1469454300,3
1,1469454301,1469454324,23
4,1469454306,1469454309,3
4,1469454309,1469454313,4
4,1469454317,1469454320,3
4,1469454320,1469454325,5
4,1469454325,1469454327,2
4,1469454327,1469454330,3
4,1469454330,1469454339,9
1,1469454331,1469454354,23
4,1469454341,1469454345,4
4,1469454346,1469454353,7
4,1469454355,1469454358,3
1,1469454359,1469454369,10
4,1469454363,1469454365,2
4,1469454369,1469454374,5
1,1469454372,1469454374,2
4,1469454375,1469454377,2
4,1469454378,1469454392,14
1,1469454378,1469454390,12
4,1469454393,1469454397,4
1,1469454395,1469454396,1
4,1469454397,1469454399,2
4,1469454399,1469454404,5
1,1469454401,1469454402,1
4,1469454405,1469454441,36
10,1469454405,1469454407,2
1,1469454406,1469454413,7
1,1469454416,1469454518,102
4,1469454459,1469454477,18
4,1469454497,1469454512,15
1,1469454526,1469454534,8
1,1469454568,1469454622,54
1,1469454638,1469454698,60
4,1469454673,1469454694,21
1,1469454702,1469454718,16
1,1469454723,1469454725,2
1,1469454731,1469454737,6
1,1469454743,1469454757,14
14,1469454756,1469454773,17
1,1469454767,1469454783,16
1,1469454798,1469454800,2
1,1469454816,1469454820,4
1,1469454910,1469454919,9
1,1469454923,1469454925,2
1,1469455030,1469455037,7
1,1469455739,1469455758,19
4,1469455759,1469455764,5
10,1469455760,1469455764,4
1,1469455766,1469455814,48
1,1469455823,1469455827,4
4,1469455829,1469455833,4
10,1469455830,1469455833,3
1,1469455834,1469455837,3
1,1469456325,1469456337,12
5,1469456336,1469456340,4
4,1469456340,1469456433,93
1,1469456344,1469456347,3
1,1469456350,1469456357,7
1,1469456364,1469456370,6
1,1469456375,1469456384,9
1,1469456442,1469456444,2
4,1469456444,1469456458,14
1,1469456449,1469456469,20
4,1469456462,1469456470,8
4,1469456470,1469456473,3
4,1469456473,1469456476,3
1,1469456477,1469456488,11
4,1469456480,1469456484,4
1,1469456538,1469456541,3
1,1469456547,1469456566,19
4,1469456548,1469456554,6
4,1469456556,1469456561,5
4,1469456563,1469456565,2
4,1469456577,1469456581,4
1,1469456584,1469456593,9
1,1469456596,1469456597,1
1,1469456695,1469456706,11
4,1469456699,1469456704,5
4,1469456704,1469456717,13
1,1469456715,1469456721,6
4,1469456717,1469456721,4
4,1469456724,1469456749,25
4,1469456749,1469456869,120
1,1469456803,1469456811,8
14,1469456811,1469456820,9
1,1469456819,1469456821,2
1,1469456839,1469456842,3
1,1469456852,1469456868,16
4,1469456869,1469456874,5
1,1469456871,1469456885,14
4,1469456875,1469456878,3
4,1469456879,1469456884,5
4,1469456886,1469456888,2
4,1469456888,1469456893,5
1,1469456892,1469456894,2
4,1469456893,1469456899,6
4,1469456899,1469456902,3
4,1469456902,1469456906,4
4,1469456906,1469456950,44
1,1469456915,1469456917,2
1,1469456936,1469456949,13
4,1469456950,1469456953,3
4,1469456954,1469456956,2
4,1469456956,1469456958,2
4,1469456959,1469456961,2
1,1469456962,1469456996,34
4,1469456964,1469456987,23
4,1469456987,1469456997,10
4,1469456997,1469456999,2
10,1469456999,1469457000,1
4,1469457000,1469457003,3
4,1469457005,1469457007,2
4,1469457008,1469457011,3
1,1469457009,1469457010,1
4,1469457011,1469457014,3
4,1469457014,1469457016,2
4,1469457016,1469457023,7
1,1469457018,1469457077,59
4,1469457024,1469457027,3
4,1469457027,1469457029,2
4,1469457029,1469457032,3
4,1469457032,1469457034,2
4,1469457034,1469457037,3
4,1469457037,1469457040,3
4,1469457040,1469457044,4
4,1469457044,1469457048,4
4,1469457048,1469457054,6
4,1469457054,1469457056,2
4,1469457056,1469457060,4
4,1469457061,1469457065,4
4,1469457065,1469457070,5
4,1469457071,1469457074,3
4,1469457077,1469457080,3
10,1469457079,1469457080,1
4,1469457080,1469457083,3
1,1469457081,1469457082,1
4,1469457083,1469457087,4
10,1469457085,1469457087,2
4,1469457087,1469457089,2
4,1469457089,1469457092,3
10,1469457090,1469457092,2
4,1469457092,1469457130,38
1,1469457098,1469457105,7
14,1469457103,1469457110,7
1,1469457112,1469457117,5
1,1469457123,1469457193,70
4,1469457132,1469457136,4
4,1469457138,1469457140,2
4,1469457142,1469457144,2
4,1469457147,1469457150,3
4,1469457152,1469457154,2
4,1469457157,1469457159,2
4,1469457161,1469457164,3
4,1469457166,1469457175,9
4,1469457177,1469457180,3
4,1469457183,1469457188,5
4,1469457192,1469457242,50
1,1469457205,1469457211,6
14,1469457211,1469457219,8
1,1469457232,1469457304,72
4,1469457246,1469457249,3
10,1469457247,1469457249,2
4,1469457249,1469457254,5
4,1469457257,1469457261,4
4,1469457266,1469457269,3
4,1469457273,1469457277,4
4,1469457277,1469457283,6
4,1469457287,1469457291,4
10,1469457295,1469457296,1
4,1469457296,1469457302,6
1,1469457307,1469457313,6
14,1469457313,1469457320,7
1,1469457329,1469457336,7
1,1469457341,1469457362,21
4,1469457351,1469457362,11
4,1469457362,1469457364,2
4,1469457364,1469457368,4
1,1469457365,1469457385,20
4,1469457368,1469457371,3
4,1469457371,1469457375,4
4,1469457376,1469457381,5
4,1469457382,1469457385,3
10,1469457383,1469457384,1
4,1469457386,1469457390,4
10,1469457387,1469457390,3
4,1469457390,1469457394,4
1,1469457391,1469457392,1
1,1469457395,1469457402,7
4,1469457401,1469457403,2
4,1469457403,1469457409,6
4,1469457409,1469457414,5
1,1469457414,1469457416,2
4,1469457417,1469457449,32
1,1469457422,1469457429,7
14,1469457428,1469457437,9
1,1469457440,1469457448,8
4,1469457449,1469457454,5
10,1469457451,1469457454,3
4,1469457455,1469457581,126
10,1469457455,1469457456,1
1,1469457461,1469457466,5
14,1469457466,1469457474,8
1,1469457571,1469457580,9
4,1469457581,1469457585,4
1,1469457588,1469457600,12
1,1469458034,1469458050,16
14,1469458050,1469458082,32
1,1469458074,1469458080,6
1,1469458099,1469458107,8
1,1469458129,1469458137,8
1,1469458150,1469458154,4
1,1469458157,1469458167,10
1,1469458309,1469458339,30
4,1469458341,1469458349,8
1,1469458343,1469458348,5
4,1469458349,1469458353,4
1,1469458352,1469458360,8
4,1469458354,1469458369,15
1,1469458365,1469458368,3
4,1469458369,1469458372,3
4,1469458372,1469458374,2
4,1469458374,1469458376,2
4,1469458376,1469458401,25
1,1469458378,1469458388,10
1,1469458393,1469458457,64
4,1469458401,1469458405,4
4,1469458438,1469458470,32
1,1469458467,1469458482,15
1,1469458487,1469458504,17
4,1469458491,1469458494,3
10,1469458492,1469458493,1
4,1469458494,1469458509,15
10,1469458499,1469458502,3
10,1469458505,1469458508,3
1,1469458507,1469458531,24
4,1469458509,1469458520,11
4,1469458521,1469458524,3
4,1469458524,1469458527,3
4,1469458528,1469458532,4
4,1469458532,1469458537,5
1,1469458534,1469458552,18
4,1469458537,1469458540,3
10,1469458538,1469458540,2
4,1469458542,1469458544,2
4,1469458544,1469458548,4
10,1469458546,1469458548,2
4,1469458548,1469458550,2
4,1469458553,1469458562,9
10,1469458554,1469458555,1
1,1469458556,1469458604,48
4,1469458565,1469458567,2
4,1469458571,1469458574,3
4,1469458577,1469458581,4
4,1469458585,1469458588,3
4,1469458592,1469458597,5
4,1469458600,1469458604,4
1,1469458607,1469458609,2
4,1469458610,1469458670,60
1,1469458614,1469458620,6
1,1469458628,1469458640,12
1,1469458648,1469458678,30
4,1469458670,1469458699,29
1,1469458693,1469458704,11
4,1469458699,1469458710,11
4,1469458710,1469460719,2009
1,1469458712,1469458714,2
1,1469460701,1469460718,17
4,1469460720,1469460724,4
10,1469460721,1469460724,3
4,1469460724,1469460726,2
4,1469460726,1469460733,7
4,1469460733,1469460735,2
10,1469460734,1469460735,1
4,1469460736,1469460738,2
4,1469460741,1469460746,5
10,1469460742,1469460744,2
4,1469460746,1469460749,3
4,1469460749,1469460758,9
4,1469460761,1469460766,5
10,1469460762,1469460765,3
10,1469460765,1469460766,1
4,1469460771,1469460773,2
10,1469460772,1469460773,1
4,1469460773,1469460776,3
10,1469460775,1469460776,1
4,1469460776,1469460782,6
4,1469460782,1469460784,2
4,1469460786,1469460795,9
1,1469460789,1469460794,5
4,1469460795,1469460801,6
1,1469460798,1469460799,1
4,1469460801,1469460804,3
10,1469460801,1469460804,3
4,1469460804,1469460807,3
4,1469460807,1469460810,3
4,1469460810,1469460812,2
1,1469460818,1469460820,2
4,1469460820,1469460823,3
1,1469460824,1469460830,6
4,1469460825,1469460831,6
4,1469460832,1469460840,8
1,1469460837,1469460840,3
4,1469460841,1469460843,2
4,1469460843,1469460855,12
1,1469460844,1469460858,14
4,1469460856,1469460859,3
4,1469460859,1469460862,3
10,1469460859,1469460861,2
4,1469460862,1469460865,3
4,1469460865,1469460869,4
1,1469460872,1469460880,8
4,1469460881,1469460883,2
4,1469460885,1469460887,2
4,1469460888,1469460893,5
1,1469460889,1469460895,6
4,1469460893,1469460897,4
4,1469460898,1469460902,4
1,1469460900,1469460908,8
4,1469460902,1469460905,3
4,1469460906,1469460910,4
4,1469460911,1469460917,6
1,1469460913,1469460914,1
4,1469460917,1469460920,3
4,1469460920,1469460924,4
4,1469460925,1469460928,3
4,1469460932,1469460937,5
1,1469460933,1469460936,3
4,1469460937,1469460940,3
4,1469460940,1469460943,3
4,1469460943,1469460946,3
1,1469460944,1469460945,1
4,1469460946,1469460948,2
10,1469460947,1469460948,1
4,1469460948,1469460951,3
1,1469460949,1469460953,4
4,1469460951,1469460955,4
4,1469460955,1469460959,4
4,1469460959,1469460963,4
1,1469460961,1469460971,10
4,1469460963,1469460968,5
4,1469460968,1469460972,4
4,1469460973,1469460978,5
10,1469460973,1469460976,3
1,1469460974,1469460978,4
4,1469460981,1469460986,5
1,1469460983,1469460985,2
4,1469460986,1469460992,6
4,1469460992,1469460995,3
4,1469460995,1469460997,2
4,1469460997,1469461001,4
1,1469460999,1469461000,1
4,1469461001,1469461003,2
10,1469461002,1469461003,1
4,1469461003,1469461007,4
1,1469461004,1469461006,2
4,1469461007,1469461011,4
4,1469461011,1469461015,4
4,1469461015,1469461020,5
4,1469461020,1469461024,4
1,1469461022,1469461032,10
4,1469461025,1469461028,3
4,1469461029,1469461032,3
4,1469461032,1469461035,3
4,1469461035,1469461038,3
4,1469461038,1469461040,2
4,1469461041,1469461045,4
4,1469461046,1469461058,12
1,1469461048,1469461161,113
4,1469461061,1469461064,3
4,1469461069,1469461075,6
10,1469461079,1469461081,2
4,1469461081,1469461086,5
4,1469461090,1469461093,3
4,1469461097,1469461101,4
4,1469461103,1469461109,6
4,1469461113,1469461116,3
4,1469461120,1469461126,6
4,1469461130,1469461133,3
4,1469461136,1469461142,6
4,1469461146,1469461151,5
4,1469461155,1469461161,6
10,1469461156,1469461157,1
4,1469461161,1469461168,7
10,1469461166,1469461168,2
4,1469461168,1469461171,3
1,1469461169,1469461170,1
4,1469461171,1469461176,5
4,1469461176,1469461180,4
10,1469461177,1469461181,4
10,1469461181,1469461182,1
1,1469461188,1469461192,4
1,1469461198,1469461213,15
1,1469461246,1469461280,34
1,1469461343,1469461347,4
1,1469461389,1469461391,2
1,1469461400,1469461401,1
1,1469461414,1469461461,47
6,1469461428,1469461430,2
4,1469461464,1469461468,4
1,1469461465,1469461478,13
4,1469461468,1469461473,5
4,1469461473,1469461478,5
4,1469461479,1469461481,2
4,1469461481,1469461486,5
10,1469461483,1469461486,3
4,1469461487,1469461499,12
1,1469461488,1469461498,10
4,1469461499,1469461510,11
1,1469461506,1469461507,1
4,1469461510,1469461529,19
1,1469461511,1469461527,16
4,1469461530,1469461533,3
1,1469461530,1469461532,2
4,1469461534,1469461542,8
10,1469461535,1469461537,2
1,1469461536,1469461541,5
4,1469461542,1469461548,6
10,1469461544,1469461545,1
1,1469461545,1469461547,2
4,1469461548,1469461550,2
4,1469461550,1469461555,5
1,1469461552,1469461553,1
4,1469461555,1469461561,6
1,1469461558,1469461572,14
4,1469461563,1469461618,55
1,1469461580,1469461602,22
1,1469461607,1469461644,37
4,1469461618,1469461639,21
4,1469461639,1469461655,16
1,1469461650,1469461713,63
4,1469461655,1469461660,5
4,1469461660,1469461663,3
4,1469461667,1469461671,4
10,1469461667,1469461668,1
4,1469461672,1469461676,4
10,1469461677,1469461678,1
4,1469461679,1469461682,3
10,1469461682,1469461683,1
4,1469461684,1469461686,2
4,1469461689,1469461691,2
10,1469461689,1469461690,1
4,1469461692,1469461696,4
4,1469461698,1469461701,3
10,1469461698,1469461700,2
4,1469461702,1469461704,2
10,1469461705,1469461706,1
4,1469461708,1469461714,6
4,1469461715,1469461719,4
10,1469461716,1469461717,1
4,1469461719,1469461723,4
10,1469461720,1469461722,2
4,1469461723,1469461725,2
4,1469461725,1469461727,2
1,1469461729,1469461759,30
4,1469461738,1469461740,2
1,1469461766,1469461775,9
4,1469461767,1469461776,9
4,1469461776,1469461781,5
1,1469461779,1469461781,2
4,1469461785,1469461807,22
1,1469461786,1469461809,23
4,1469461808,1469461810,2
1,1469461812,1469461819,7
4,1469461815,1469461820,5
4,1469461820,1469461824,4
1,1469461822,1469461826,4
4,1469461824,1469461827,3
4,1469461827,1469461835,8
10,1469461829,1469461832,3
1,1469461829,1469461848,19
4,1469461836,1469461839,3
4,1469461839,1469461846,7
10,1469461840,1469461842,2
4,1469461846,1469461849,3
4,1469461849,1469461851,2
4,1469461851,1469461853,2
4,1469461854,1469461865,11
1,1469461859,1469461864,5
4,1469461865,1469461868,3
4,1469461868,1469461871,3
1,1469461869,1469461877,8
4,1469461871,1469461877,6
10,1469461874,1469461876,2
4,1469461878,1469461881,3
4,1469461881,1469461885,4
1,1469461882,1469461884,2
4,1469461885,1469461888,3
4,1469461888,1469461894,6
1,1469461893,1469461923,30
4,1469461894,1469461902,8
1,1469461932,1469461947,15
4,1469461951,1469461971,20
1,1469461952,1469461958,6
1,1469461962,1469461974,12
4,1469461974,1469461977,3
4,1469461977,1469461980,3
4,1469461980,1469461982,2
4,1469461982,1469461984,2
4,1469461984,1469461987,3
4,1469461987,1469461989,2
10,1469461988,1469461989,1
4,1469461989,1469461994,5
4,1469461994,1469461997,3
4,1469461997,1469461999,2
10,1469461997,1469461999,2
4,1469461999,1469462002,3
4,1469462002,1469462005,3
4,1469462007,1469462011,4
4,1469462011,1469462013,2
4,1469462014,1469462017,3
10,1469462016,1469462017,1
4,1469462018,1469462020,2
10,1469462019,1469462020,1
4,1469462020,1469462023,3
4,1469462024,1469462026,2
4,1469462026,1469462029,3
4,1469462031,1469462033,2
4,1469462034,1469462038,4
4,1469462038,1469462041,3
4,1469462041,1469462061,20
1,1469462047,1469462067,20
4,1469462062,1469462064,2
4,1469462064,1469462069,5
4,1469462069,1469462071,2
4,1469462071,1469462074,3
4,1469462074,1469462076,2
1,1469462078,1469462079,1
4,1469462081,1469462084,3
4,1469462084,1469462088,4
10,1469462085,1469462087,2
4,1469462088,1469462100,12
10,1469462089,1469462100,11
1,1469462092,1469462095,3
4,1469462100,1469462103,3
4,1469462104,1469462106,2
4,1469462106,1469462116,10
1,1469462109,1469462116,7
4,1469462117,1469462125,8
1,1469462123,1469462129,6
4,1469462125,1469462200,75
1,1469462175,1469462177,2
1,1469462182,1469462188,6
1,1469462195,1469462199,4
4,1469462200,1469462222,22
10,1469462201,1469462205,4
1,1469462204,1469462206,2
1,1469462213,1469462235,22
4,1469462222,1469462236,14
4,1469462236,1469462238,2
4,1469462238,1469462242,4
1,1469462239,1469462241,2
10,1469462239,1469462241,2
4,1469462242,1469462245,3
10,1469462244,1469462245,1
4,1469462245,1469462251,6
1,1469462248,1469462250,2
4,1469462251,1469462263,12
10,1469462254,1469462255,1
1,1469462257,1469462265,8
4,1469462263,1469462266,3
4,1469462266,1469462268,2
4,1469462268,1469462274,6
10,1469462270,1469462271,1
4,1469462274,1469462278,4
4,1469462278,1469462281,3
4,1469462283,1469462285,2
10,1469462283,1469462286,3
4,1469462286,1469462288,2
4,1469462288,1469462290,2
4,1469462291,1469462296,5
1,1469462293,1469462295,2
4,1469462296,1469462298,2
10,1469462297,1469462298,1
4,1469462298,1469462300,2
4,1469462301,1469462305,4
4,1469462307,1469462309,2
1,1469462311,1469462316,5
4,1469462316,1469462318,2
4,1469462321,1469462325,4
1,1469462323,1469462324,1
4,1469462325,1469462332,7
4,1469462332,1469462339,7
10,1469462334,1469462336,2
1,1469462334,1469462354,20
4,1469462339,1469462343,4
4,1469462352,1469462355,3
4,1469462355,1469462360,5
10,1469462356,1469462358,2
1,1469462357,1469462358,1
4,1469462362,1469462508,146
1,1469462367,1469462376,9
1,1469462425,1469462428,3
1,1469462433,1469462443,10
1,1469462450,1469462463,13
1,1469462488,1469462497,9
1,1469462501,1469462508,7
4,1469462509,1469462535,26
1,1469462511,1469462521,10
10,1469462512,1469462513,1
1,1469462524,1469462534,10
4,1469462536,1469462642,106
1,1469462548,1469462551,3
1,1469462635,1469462641,6
4,1469462642,1469462644,2
4,1469462644,1469462646,2
4,1469462647,1469462649,2
4,1469462649,1469462655,6
4,1469462655,1469462658,3
10,1469462656,1469462657,1
4,1469462658,1469462664,6
4,1469462664,1469462668,4
4,1469462668,1469462715,47
1,1469462674,1469462682,8
14,1469462682,1469462690,8
1,1469462693,1469462697,4
1,1469462701,1469462714,13
4,1469462715,1469462718,3
4,1469462718,1469462721,3
4,1469462721,1469462727,6
10,1469462722,1469462723,1
1,1469462722,1469462728,6
4,1469462727,1469462729,2
4,1469462729,1469462731,2
4,1469462731,1469462735,4
4,1469462735,1469462738,3
1,1469462740,1469462752,12
4,1469462746,1469462782,36
1,1469462759,1469462761,2
1,1469462765,1469462773,8
1,1469462776,1469462779,3
4,1469462783,1469462785,2
4,1469462786,1469462837,51
1,1469462787,1469462790,3
14,1469462790,1469462799,9
1,1469462802,1469462813,11
1,1469462819,1469462836,17
4,1469462837,1469462859,22
1,1469462842,1469462845,3
14,1469462845,1469462852,7
1,1469462849,1469462863,14
4,1469462859,1469462875,16
14,1469462863,1469462870,7
1,1469462870,1469462879,9
4,1469462875,1469462891,16
14,1469462879,1469462886,7
1,1469462887,1469462896,9
4,1469462891,1469462920,29
14,1469462895,1469462902,7
1,1469462902,1469462925,23
4,1469462921,1469462946,25
14,1469462924,1469462931,7
1,1469462931,1469462945,14
4,1469462946,1469462970,24
1,1469462949,1469462952,3
14,1469462952,1469462958,6
1,1469462958,1469462969,11
4,1469462971,1469462975,4
10,1469462973,1469462975,2
4,1469462975,1469462977,2
4,1469462978,1469462984,6
1,1469462982,1469463010,28
4,1469462984,1469463029,45
10,1469462986,1469462987,1
1,1469463013,1469463126,113
4,1469463029,1469463039,10
4,1469463044,1469463048,4
4,1469463051,1469463055,4
4,1469463056,1469463061,5
4,1469463064,1469463068,4
4,1469463072,1469463076,4
4,1469463080,1469463084,4
4,1469463089,1469463096,7
4,1469463099,1469463103,4
4,1469463106,1469463109,3
4,1469463119,1469463124,5
4,1469463132,1469463139,7
1,1469463135,1469463155,20
10,1469463135,1469463136,1
4,1469463145,1469463295,150
14,1469463155,1469463166,11
1,1469463169,1469463180,11
14,1469463180,1469463205,25
1,1469463216,1469463224,8
1,1469463230,1469463232,2
1,1469463253,1469463256,3
1,1469463265,1469463267,2
1,1469463272,1469463294,22
4,1469463295,1469463297,2
4,1469463297,1469463300,3
4,1469463300,1469463313,13
1,1469463310,1469463312,2
4,1469463313,1469463317,4
10,1469463314,1469463317,3
1,1469463318,1469463328,10
4,1469463322,1469463358,36
14,1469463327,1469463334,7
1,1469463341,1469463360,19
4,1469463358,1469463361,3
4,1469463361,1469463363,2
4,1469463363,1469463367,4
10,1469463365,1469463366,1
4,1469463368,1469463371,3
4,1469463371,1469463373,2
4,1469463373,1469463375,2
10,1469463374,1469463375,1
4,1469463375,1469463382,7
1,1469463378,1469463391,13
4,1469463387,1469463390,3
4,1469463392,1469463401,9
1,1469463395,1469463413,18
4,1469463409,1469463414,5
1,1469463416,1469463418,2
1,1469463422,1469463429,7
4,1469463427,1469463430,3
4,1469463430,1469463436,6
1,1469463433,1469463445,12
4,1469463447,1469463450,3
1,1469463448,1469463462,14
4,1469463451,1469463454,3
4,1469463466,1469463469,3
4,1469463469,1469463474,5
4,1469463474,1469463483,9
1,1469463476,1469463482,6
4,1469463483,1469463491,8
4,1469463491,1469463497,6
1,1469463493,1469463496,3
4,1469463497,1469463499,2
4,1469463500,1469463507,7
1,1469463504,1469463506,2
4,1469463507,1469463520,13
1,1469463510,1469463511,1
1,1469463515,1469463519,4
10,1469463520,1469463531,11
1,1469463525,1469463532,7
4,1469463535,1469463537,2
1,1469463540,1469463543,3
1,1469463548,1469463550,2
4,1469463551,1469463584,33
1,1469463560,1469463567,7
14,1469463563,1469463571,8
1,1469463571,1469463583,12
14,1469463574,1469463577,3
4,1469463584,1469463589,5
1,1469463588,1469463596,8
1,1469463600,1469463619,19
1,1469463638,1469463650,12
4,1469463649,1469463651,2
4,1469463651,1469463844,193
1,1469463657,1469463664,7
14,1469463664,1469463675,11
1,1469463676,1469463685,9
14,1469463685,1469463709,24
1,1469463720,1469463743,23
1,1469463748,1469463754,6
1,1469463762,1469463777,15
1,1469463786,1469463790,4
1,1469463794,1469463816,22
1,1469463826,1469463841,15
4,1469463844,1469463847,3
4,1469463848,1469463851,3
1,1469463850,1469463876,26
4,1469463852,1469463859,7
4,1469463860,1469463862,2
4,1469463862,1469463904,42
1,1469463879,1469463884,5
14,1469463884,1469463891,7
1,1469463893,1469463909,16
4,1469463904,1469464121,217
1,1469463912,1469463915,3
14,1469463915,1469463922,7
1,1469463923,1469463953,30
1,1469464000,1469464001,1
1,1469464008,1469464009,1
1,1469464027,1469464041,14
1,1469464106,1469464119,13
4,1469464122,1469464130,8
1,1469464124,1469464129,5
4,1469464130,1469464134,4
10,1469464131,1469464132,1
4,1469464134,1469464138,4
4,1469464139,1469464144,5
4,1469464145,1469464148,3
10,1469464146,1469464148,2
4,1469464148,1469464150,2
1,1469464151,1469464152,1
4,1469464153,1469464155,2
1,1469464156,1469464158,2
4,1469464159,1469464163,4
10,1469464160,1469464162,2
4,1469464164,1469464166,2
4,1469464167,1469464170,3
1,1469464171,1469464173,2
4,1469464179,1469464191,12
1,1469464189,1469464194,5
4,1469464194,1469464196,2
4,1469464196,1469464200,4
4,1469464200,1469464205,5
1,1469464202,1469464204,2
1,1469464211,1469464212,1
4,1469464213,1469464220,7
1,1469464219,1469464238,19
4,1469464221,1469464223,2
4,1469464223,1469464225,2
4,1469464226,1469464228,2
4,1469464229,1469464231,2
4,1469464231,1469464238,7
10,1469464239,1469464240,1
4,1469464240,1469464243,3
4,1469464244,1469464247,3
4,1469464247,1469464250,3
4,1469464250,1469464252,2
4,1469464252,1469464272,20
4,1469464272,1469464274,2
10,1469464273,1469464274,1
4,1469464274,1469464277,3
10,1469464275,1469464277,2
4,1469464277,1469464279,2
10,1469464280,1469464281,1
4,1469464281,1469464284,3
4,1469464284,1469464287,3
4,1469464288,1469464290,2
4,1469464291,1469464293,2
4,1469464293,1469464296,3
10,1469464293,1469464295,2
4,1469464296,1469464303,7
1,1469464300,1469464302,2
4,1469464303,1469464306,3
10,1469464304,1469464306,2
4,1469464306,1469464313,7
10,1469464307,1469464309,2
1,1469464309,1469464319,10
4,1469464313,1469464316,3
4,1469464320,1469464323,3
4,1469464323,1469464327,4
1,1469464327,1469464332,5
4,1469464330,1469464333,3
4,1469464333,1469464341,8
1,1469464336,1469464367,31
4,1469464341,1469464346,5
4,1469464346,1469464350,4
10,1469464347,1469464348,1
4,1469464350,1469464355,5
4,1469464357,1469464364,7
4,1469464364,1469464368,4
4,1469464368,1469464371,3
10,1469464368,1469464371,3
4,1469464371,1469464381,10
1,1469464373,1469464383,10
4,1469464384,1469464387,3
10,1469464385,1469464387,2
4,1469464387,1469464389,2
4,1469464389,1469464392,3
4,1469464392,1469464398,6
1,1469464395,1469464397,2
4,1469464398,1469464401,3
4,1469464401,1469464412,11
1,1469464406,1469464417,11
4,1469464413,1469464418,5
4,1469464418,1469464489,71
1,1469464422,1469464428,6
14,1469464426,1469464434,8
1,1469464436,1469464441,5
1,1469464447,1469464449,2
1,1469464465,1469464480,15
1,1469464484,1469464493,9
4,1469464490,1469464494,4
4,1469464494,1469464499,5
10,1469464495,1469464497,2
1,1469464496,1469464506,10
4,1469464502,1469464507,5
4,1469464507,1469464524,17
10,1469464508,1469464510,2
1,1469464517,1469464525,8
4,1469464526,1469464529,3
4,1469464529,1469464539,10
1,1469464532,1469464538,6
4,1469464540,1469464543,3
4,1469464543,1469464546,3
10,1469464544,1469464546,2
4,1469464546,1469464548,2
1,1469464549,1469464551,2
4,1469464551,1469464554,3
4,1469464554,1469464557,3
4,1469464557,1469464561,4
4,1469464561,1469464584,23
1,1469464568,1469464569,1
1,1469464580,1469464592,12
1,1469464615,1469464627,12
4,1469464624,1469464628,4
4,1469464628,1469464633,5
10,1469464629,1469464630,1
1,1469464630,1469464638,8
4,1469464633,1469464642,9
4,1469464642,1469464644,2
4,1469464645,1469464680,35
1,1469464649,1469464656,7
14,1469464654,1469464662,8
1,1469464659,1469464667,8
1,1469464672,1469464683,11
4,1469464685,1469464687,2
4,1469464687,1469464691,4
1,1469464688,1469464698,10
1,1469464729,1469464732,3
4,1469464738,1469464756,18
1,1469464741,1469464745,4
1,1469464751,1469464758,7
4,1469464756,1469464759,3
4,1469464759,1469464766,7
10,1469464761,1469464763,2
1,1469464762,1469464770,8
4,1469464766,1469464771,5
4,1469464771,1469464797,26
10,1469464771,1469464776,5
1,1469464785,1469464797,12
1,1469464800,1469464805,5
4,1469464806,1469464808,2
4,1469464808,1469464812,4
1,1469464810,1469464811,1
4,1469464812,1469464814,2
4,1469464815,1469464817,2
1,1469464816,1469464817,1
4,1469464818,1469464821,3
1,1469464830,1469464843,13
4,1469464833,1469464837,4
4,1469464837,1469464841,4
10,1469464837,1469464839,2
1,1469464850,1469464854,4
4,1469464854,1469464896,42
1,1469464869,1469464876,7
14,1469464876,1469464883,7
1,1469464885,1469464890,5
4,1469464896,1469464912,16
1,1469464898,1469464911,13
1,1469464914,1469464923,9
4,1469464924,1469464927,3
4,1469464927,1469465009,82
1,1469464927,1469464939,12
14,1469464939,1469464950,11
1,1469464952,1469464980,28
1,1469464990,1469465005,15
4,1469465009,1469465011,2
4,1469465012,1469465014,2
4,1469465014,1469465017,3
4,1469465017,1469465050,33
1,1469465020,1469465025,5
14,1469465024,1469465032,8
1,1469465032,1469465034,2
1,1469465040,1469465049,9
4,1469465050,1469465052,2
4,1469465052,1469465055,3
4,1469465055,1469465322,267
1,1469465057,1469465067,10
14,1469465065,1469465072,7
1,1469465072,1469465082,10
1,1469465085,1469465088,3
1,1469465091,1469465093,2
1,1469465171,1469465182,11
1,1469465185,1469465197,12
1,1469465200,1469465204,4
1,1469465210,1469465214,4
1,1469465279,1469465295,16
1,1469465313,1469465317,4
4,1469465322,1469465327,5
4,1469465334,1469465353,19
1,1469465335,1469465340,5
1,1469465344,1469465355,11
4,1469465354,1469465356,2
4,1469465356,1469465361,5
1,1469465359,1469465360,1
4,1469465362,1469465467,105
1,1469465367,1469465389,22
1,1469465398,1469465400,2
1,1469465414,1469465445,31
14,1469465443,1469465454,11
1,1469465454,1469465466,12
4,1469465467,1469465469,2
4,1469465469,1469465472,3
4,1469465472,1469465480,8
4,1469465480,1469465492,12
1,1469465483,1469465487,4
1,1469465491,1469465496,5
4,1469465492,1469467536,2044
1,1469467485,1469467499,14
14,1469467499,1469467513,14
1,1469467513,1469467517,4
14,1469467517,1469467520,3
1,1469467521,1469467525,4
14,1469467524,1469467527,3
1,1469467528,1469467535,7
4,1469467536,1469467538,2
4,1469467538,1469467590,52
1,1469467550,1469467555,5
1,1469467565,1469467592,27
4,1469467590,1469467599,9
4,1469467599,1469467602,3
4,1469467603,1469467606,3
4,1469467606,1469467608,2
10,1469467609,1469467610,1
4,1469467611,1469467613,2
4,1469467613,1469467616,3
4,1469467616,1469467618,2
4,1469467618,1469467623,5
4,1469467624,1469467627,3
10,1469467625,1469467626,1
4,1469467627,1469467629,2
4,1469467629,1469467632,3
4,1469467632,1469467634,2
4,1469467634,1469467637,3
4,1469467638,1469467642,4
1,1469467640,1469467641,1
4,1469467642,1469467645,3
4,1469467648,1469467650,2
4,1469467650,1469467652,2
4,1469467653,1469467656,3
4,1469467656,1469467658,2
4,1469467659,1469467661,2
4,1469467662,1469467664,2
10,1469467662,1469467663,1
4,1469467664,1469467667,3
4,1469467667,1469467669,2
4,1469467670,1469467672,2
4,1469467672,1469467675,3
4,1469467675,1469467679,4
4,1469467679,1469467682,3
4,1469467683,1469467687,4
1,1469467685,1469467687,2
4,1469467687,1469467690,3
10,1469467689,1469467690,1
4,1469467690,1469467692,2
4,1469467692,1469467696,4
1,1469467697,1469467699,2
4,1469467700,1469467749,49
1,1469467706,1469467714,8
14,1469467714,1469467721,7
1,1469467722,1469467735,13
1,1469467740,1469467747,7
4,1469467750,1469467752,2
10,1469467753,1469467754,1
4,1469467754,1469467760,6
4,1469467760,1469467762,2
4,1469467762,1469467768,6
10,1469467764,1469467767,3
4,1469467768,1469467771,3
10,1469467769,1469467771,2
4,1469467771,1469467773,2
4,1469467774,1469467776,2
4,1469467776,1469467778,2
4,1469467778,1469467784,6
10,1469467780,1469467784,4
4,1469467784,1469467788,4
10,1469467786,1469467788,2
4,1469467788,1469467790,2
4,1469467790,1469467797,7
4,1469467797,1469467799,2
10,1469467799,1469467801,2
4,1469467803,1469467806,3
4,1469467806,1469467808,2
4,1469467809,1469467836,27
1,1469467815,1469467824,9
14,1469467822,1469467830,8
1,1469467831,1469467837,6
4,1469467836,1469467840,4
1,1469467841,1469467842,1
4,1469467843,1469467845,2
4,1469467846,1469467852,6
1,1469467848,1469467854,6
4,1469467855,1469467857,2
4,1469467859,1469467861,2
4,1469467861,1469467864,3
4,1469467864,1469467866,2
4,1469467866,1469467868,2
4,1469467869,1469467930,61
1,1469467925,1469467935,10
4,1469467930,1469467933,3
4,1469467935,1469467937,2
4,1469467938,1469467952,14
1,1469467940,1469467958,18
4,1469467952,1469467955,3
4,1469467957,1469467959,2
4,1469467959,1469467965,6
1,1469467961,1469467969,8
4,1469467965,1469467967,2
4,1469467967,1469467970,3
4,1469467970,1469467975,5
1,1469467973,1469467974,1
4,1469467975,1469467978,3
4,1469467980,1469468052,72
10,1469467980,1469467983,3
1,1469467982,1469467986,4
14,1469467986,1469467995,9
1,1469467995,1469468009,14
14,1469468002,1469468005,3
14,1469468009,1469468013,4
1,1469468013,1469468020,7
14,1469468019,1469468032,13
1,1469468034,1469468060,26
4,1469468053,1469468061,8
4,1469468061,1469468091,30
1,1469468065,1469468074,9
1,1469468081,1469468128,47
4,1469468092,1469468094,2
4,1469468094,1469468097,3
4,1469468097,1469468113,16
4,1469468113,1469468115,2
4,1469468115,1469468186,71
1,1469468133,1469468139,6
1,1469468145,1469468155,10
1,1469468158,1469468163,5
1,1469468172,1469468175,3
1,1469468184,1469468217,33
4,1469468186,1469468191,5
4,1469468214,1469468218,4
4,1469468218,1469468221,3
4,1469468222,1469468224,2
4,1469468224,1469468226,2
4,1469468226,1469468228,2
4,1469468229,1469468232,3
1,1469468230,1469468245,15
4,1469468234,1469468239,5
14,1469468245,1469468254,9
1,1469468253,1469468255,2
1,1469468272,1469468273,1
1,1469468289,1469468312,23
4,1469468313,1469468316,3
4,1469468316,1469468318,2
10,1469468317,1469468318,1
4,1469468319,1469468325,6
10,1469468319,1469468325,6
4,1469468325,1469468328,3
4,1469468328,1469468331,3
10,1469468329,1469468331,2
4,1469468331,1469468338,7
1,1469468334,1469468337,3
4,1469468339,1469468341,2
4,1469468342,1469468362,20
1,1469468343,1469468355,12
1,1469468360,1469468363,3
4,1469468364,1469468371,7
1,1469468366,1469468371,5
4,1469468372,1469468375,3
4,1469468375,1469468378,3
1,1469468376,1469468390,14
4,1469468378,1469468380,2
4,1469468380,1469468387,7
4,1469468389,1469468391,2
4,1469468391,1469468396,5
1,1469468394,1469468395,1
4,1469468397,1469468411,14
1,1469468405,1469468414,9
4,1469468412,1469468447,35
4,1469468447,1469468450,3
1,1469468447,1469468449,2
4,1469468451,1469468453,2
4,1469468453,1469468455,2
4,1469468455,1469468462,7
1,1469468460,1469468463,3
4,1469468463,1469468465,2
4,1469468466,1469468473,7
1,1469468469,1469468473,4
4,1469468473,1469468508,35
1,1469468477,1469468483,6
14,1469468481,1469468489,8
1,1469468499,1469468508,9
4,1469468509,1469468512,3
1,1469468511,1469468527,16
14,1469468521,1469468535,14
1,1469468532,1469468538,6
1,1469468544,1469468549,5
14,1469468548,1469468552,4
1,1469468559,1469468567,8
4,1469468569,1469468636,67
1,1469468573,1469468575,2
1,1469468592,1469468593,1
1,1469468598,1469468602,4
14,1469468601,1469468608,7
1,1469468614,1469468646,32
4,1469468637,1469468647,10
4,1469468647,1469468695,48
1,1469468666,1469468669,3
14,1469468668,1469468676,8
1,1469468680,1469468694,14
4,1469468696,1469468698,2
4,1469468698,1469468705,7
1,1469468700,1469468705,5
4,1469468706,1469468725,19
1,1469468711,1469468722,11
1,1469468738,1469468745,7
1,1469468754,1469468755,1
1,1469468758,1469468766,8
1,1469468772,1469468773,1
1,1469468777,1469468782,5
14,1469468780,1469468789,9
1,1469468790,1469468816,26
4,1469468806,1469468817,11
4,1469468818,1469468824,6
1,1469468820,1469468823,3
4,1469468824,1469468827,3
1,1469468831,1469468836,5
4,1469468834,1469468858,24
1,1469468840,1469468888,48
10,1469468858,1469468859,1
4,1469468860,1469468877,17
4,1469468877,1469468923,46
1,1469468891,1469468898,7
14,1469468897,1469468906,9
1,1469468908,1469468923,15
4,1469468924,1469468927,3
4,1469468927,1469468930,3
1,1469468929,1469468930,1
4,1469468930,1469468977,47
1,1469468939,1469468950,11
14,1469468946,1469468954,8
1,1469468956,1469468980,24
4,1469468978,1469468981,3
4,1469468981,1469468983,2
4,1469468984,1469468988,4
10,1469468984,1469468988,4
4,1469468988,1469468990,2
4,1469468991,1469469009,18
10,1469468992,1469469005,13
1,1469468994,1469469007,13
4,1469469010,1469469042,32
1,1469469011,1469469032,21
1,1469469035,1469469056,21
4,1469469042,1469469056,14
4,1469469057,1469469061,4
4,1469469061,1469469069,8
1,1469469063,1469469069,6
4,1469469070,1469469072,2
4,1469469073,1469469099,26
1,1469469081,1469469091,10
1,1469469095,1469469106,11
4,1469469099,1469469107,8
10,1469469108,1469469110,2
4,1469469110,1469469117,7
1,1469469113,1469469116,3
4,1469469117,1469469156,39
10,1469469119,1469469120,1
1,1469469120,1469469121,1
1,1469469128,1469469137,9
14,1469469136,1469469145,9
1,1469469145,1469469148,3
1,1469469154,1469469155,1
4,1469469157,1469469179,22
1,1469469159,1469469210,51
4,1469469181,1469469188,7
4,1469469190,1469469200,10
4,1469469203,1469469301,98
14,1469469210,1469469219,9
1,1469469222,1469469241,19
1,1469469245,1469469247,2
1,1469469272,1469469300,28
1,1469469309,1469469314,5
14,1469469313,1469469321,8
1,1469469322,1469469360,38
4,1469469349,1469469521,172
14,1469469360,1469469368,8
1,1469469369,1469469378,9
14,1469469372,1469469375,3
1,1469469386,1469469403,17
1,1469469411,1469469417,6
1,1469469423,1469469438,15
1,1469469442,1469469444,2
1,1469469455,1469469459,4
1,1469469475,1469469487,12
1,1469469514,1469469515,1
4,1469469521,1469469523,2
4,1469469524,1469469529,5
1,1469469527,1469469529,2
4,1469469530,1469469536,6
1,1469469540,1469469546,6
14,1469469543,1469469551,8
1,1469469553,1469469554,1
1,1469469560,1469469575,15
1,1469469584,1469469593,9
4,1469469590,1469469594,4
4,1469469594,1469469599,5
1,1469469598,1469469607,9
4,1469469599,1469469676,77
14,1469469605,1469469612,7
1,1469469612,1469469621,9
14,1469469620,1469469623,3
1,1469469630,1469469632,2
1,1469469646,1469469666,20
1,1469469672,1469469680,8
4,1469469676,1469469680,4
4,1469469681,1469469683,2
4,1469469684,1469469686,2
4,1469469686,1469469688,2
10,1469469688,1469469689,1
1,1469469689,1469469693,4
4,1469469693,1469469697,4
4,1469469698,1469469703,5
4,1469469703,1469469706,3
4,1469469706,1469469708,2
4,1469469708,1469469741,33
1,1469469714,1469469731,17
1,1469469736,1469469757,21
4,1469469750,1469469754,4
4,1469469754,1469469758,4
10,1469469755,1469469757,2
4,1469469758,1469469765,7
1,1469469761,1469469764,3
10,1469469761,1469469762,1
4,1469469765,1469469767,2
4,1469469767,1469469772,5
1,1469469769,1469469793,24
4,1469469790,1469469794,4
4,1469469794,1469469796,2
4,1469469796,1469469801,5
10,1469469798,1469469800,2
4,1469469801,1469469805,4
10,1469469802,1469469803,1
10,1469469803,1469469804,1
4,1469469805,1469469822,17
1,1469469807,1469469814,7
10,1469469810,1469469814,4
10,1469469814,1469469815,1
4,1469469822,1469469862,40
1,1469469828,1469469839,11
1,1469469846,1469469883,37
4,1469469862,1469469874,12
4,1469469874,1469469913,39
14,1469469882,1469469890,8
1,1469469891,1469469905,14
1,1469469908,1469469917,9
4,1469469913,1469469925,12
1,1469469924,1469469931,7
4,1469469925,1469469947,22
1,1469469936,1469469942,6
4,1469469948,1469469952,4
4,1469469952,1469469979,27
1,1469469955,1469470006,51
4,1469469979,1469469991,12
4,1469469991,1469470000,9
4,1469470000,1469470010,10
1,1469470009,1469470019,10
4,1469470010,1469470055,45
14,1469470019,1469470027,8
1,1469470028,1469470048,20
1,1469470052,1469470063,11
4,1469470055,1469470125,70
14,1469470063,1469470071,8
1,1469470070,1469470088,18
1,1469470095,1469470133,38
4,1469470125,1469470171,46
14,1469470133,1469470141,8
1,1469470144,1469470145,1
1,1469470149,1469470164,15
1,1469470169,1469470179,10
4,1469470171,1469470223,52
14,1469470179,1469470187,8
1,1469470190,1469470208,18
1,1469470219,1469470233,14
4,1469470223,1469470276,53
14,1469470233,1469470241,8
1,1469470243,1469470282,39
4,1469470276,1469470307,31
14,1469470282,1469470290,8
1,1469470292,1469470310,18
4,1469470307,1469470311,4
4,1469470311,1469470313,2
4,1469470313,1469470316,3
4,1469470316,1469470319,3
10,1469470316,1469470318,2
10,1469470318,1469470319,1
4,1469470319,1469470321,2
10,1469470320,1469470321,1
4,1469470321,1469470332,11
10,1469470323,1469470330,7
1,1469470324,1469470348,24
4,1469470332,1469470336,4
4,1469470336,1469470348,12
10,1469470340,1469470341,1
10,1469470341,1469470345,4
1,1469470353,1469470357,4
14,1469470356,1469470364,8
1,1469470365,1469470423,58
4,1469470379,1469470390,11
4,1469470390,1469470401,11
4,1469470401,1469470410,9
4,1469470410,1469470416,6
4,1469470416,1469470424,8
4,1469470424,1469489420,18996
1,1469470427,1469470433,6
14,1469470433,1469470441,8
1,1469470439,1469470444,5
1,1469470447,1469470454,7
1,1469470460,1469470464,4
1,1469470472,1469470477,5
1,1469470483,1469470486,3
1,1469470493,1469470497,4
1,1469470636,1469470638,2
1,1469489411,1469489413,2
1,1469489416,1469489423,7
4,1469489424,1469489429,5
4,1469489429,1469489639,210
1,1469489430,1469489448,18
1,1469489451,1469489456,5
1,1469489466,1469489469,3
1,1469489473,1469489479,6
1,1469489482,1469489493,11
1,1469489499,1469489501,2
1,1469489556,1469489575,19
1,1469489578,1469489588,10
1,1469489599,1469489601,2
1,1469489608,1469489641,33
4,1469489639,1469489642,3
4,1469489643,1469489659,16
1,1469489648,1469489659,11
4,1469489660,1469489706,46
1,1469489663,1469489672,9
14,1469489672,1469489678,6
1,1469489679,1469489686,7
1,1469489693,1469489702,9
4,1469489707,1469489710,3
10,1469489708,1469489710,2
4,1469489710,1469489713,3
10,1469489710,1469489713,3
4,1469489713,1469489716,3
4,1469489716,1469489720,4
4,1469489720,1469489757,37
1,1469489726,1469489736,10
14,1469489731,1469489739,8
1,1469489739,1469489744,5
1,1469489748,1469489760,12
4,1469489757,1469489761,4
1,1469489765,1469489780,15
4,1469489767,1469489770,3
4,1469489771,1469489798,27
10,1469489772,1469489773,1
14,1469489778,1469489786,8
1,1469489784,1469489937,153
4,1469489801,1469489812,11
10,1469489801,1469489802,1
10,1469489803,1469489805,2
4,1469489816,1469489820,4
10,1469489816,1469489817,1
10,1469489820,1469489823,3
4,1469489830,1469489832,2
4,1469489834,1469489843,9
10,1469489834,1469489838,4
4,1469489845,1469489849,4
10,1469489846,1469489849,3
4,1469489850,1469489852,2
4,1469489859,1469489870,11
10,1469489861,1469489867,6
4,1469489871,1469489890,19
10,1469489872,1469489876,4
4,1469489891,1469489893,2
10,1469489894,1469489897,3
1,1469489940,1469489943,3
1,1469489951,1469489953,2
1,1469489973,1469489978,5
14,1469489977,1469490017,40
11,1469489986,1469489995,9
4,1469489986,1469489991,5
1,1469489990,1469489991,1
4,1469489992,1469489994,2
4,1469489994,1469489996,2
11,1469489995,1469490017,22
1,1469490010,1469490076,66
5,1469490014,1469490017,3
4,1469490017,1469490048,31
4,1469490048,1469490051,3
4,1469490053,1469490069,16
4,1469490070,1469490074,4
4,1469490077,1469490079,2
4,1469490080,1469490082,2
1,1469490081,1469490086,5
4,1469490084,1469490099,15
1,1469490090,1469490108,18
4,1469490099,1469490103,4
4,1469490106,1469490108,2
4,1469490109,1469490114,5
10,1469490111,1469490113,2
1,1469490111,1469490130,19
4,1469490116,1469490118,2
4,1469490119,1469490121,2
4,1469490121,1469490124,3
4,1469490126,1469490131,5
4,1469490134,1469490136,2
10,1469490134,1469490136,2
1,1469490136,1469490155,19
4,1469490136,1469490158,22
4,1469490159,1469490163,4
1,1469490161,1469490167,6
10,1469490162,1469490163,1
10,1469490163,1469490167,4
1,1469490170,1469490179,9
4,1469490176,1469490180,4
10,1469490181,1469490193,12
1,1469490186,1469490196,10
14,1469490194,1469490202,8
1,1469490204,1469490219,15
1,1469490223,1469490228,5
4,1469490233,1469490237,4
1,1469490235,1469490241,6
4,1469490239,1469490241,2
1,1469490246,1469490253,7
14,1469490252,1469490259,7
1,1469490261,1469490266,5
4,1469490277,1469490279,2
4,1469490279,1469490281,2
4,1469490293,1469490296,3
10,1469490294,1469490296,2
4,1469490299,1469490302,3
4,1469490302,1469490305,3
4,1469490310,1469490314,4
4,1469490321,1469490325,4
10,1469490322,1469490323,1
1,1469490322,1469490323,1
1,1469490327,1469490342,15
4,1469490335,1469490338,3
4,1469490338,1469490343,5
10,1469490339,1469490341,2
4,1469490343,1469490379,36
1,1469490347,1469490351,4
14,1469490351,1469490363,12
1,1469490363,1469490395,32
4,1469490381,1469490384,3
4,1469490387,1469490390,3
14,1469490395,1469490402,7
14,1469490410,1469490413,3
1,1469490415,1469490444,29
14,1469490427,1469490430,3
4,1469490441,1469490453,12
1,1469490449,1469490452,3
4,1469490453,1469490462,9
1,1469490455,1469490462,7
4,1469490463,1469490490,27
1,1469490467,1469490471,4
14,1469490471,1469490481,10
1,1469490484,1469490489,5
4,1469490490,1469490492,2
4,1469490492,1469490495,3
4,1469490495,1469490538,43
1,1469490497,1469490501,4
14,1469490501,1469490508,7
1,1469490509,1469490518,9
14,1469490518,1469490521,3
1,1469490523,1469490537,14
4,1469490539,1469490541,2
1,1469490542,1469490555,13
4,1469490556,1469490724,168
1,1469490561,1469490564,3
14,1469490564,1469490572,8
1,1469490575,1469490593,18
1,1469490647,1469490681,34
1,1469490689,1469490696,7
1,1469490705,1469490707,2
1,1469490712,1469490713,1
1,1469490719,1469490726,7
14,1469490720,1469490746,26
11,1469490723,1469490729,6
4,1469490725,1469490727,2
4,1469490728,1469490730,2
11,1469490729,1469490738,9
1,1469490731,1469490742,11
11,1469490738,1469490742,4
4,1469490738,1469490743,5
11,1469490742,1469490746,4
4,1469490743,1469490746,3
5,1469490744,1469490746,2
1,1469490746,1469490753,7
1,1469490759,1469490764,5
14,1469490764,1469490867,103
11,1469490767,1469490773,6
1,1469490768,1469490769,1
4,1469490769,1469490771,2
4,1469490771,1469490773,2
11,1469490773,1469490867,94
1,1469490773,1469490775,2
4,1469490774,1469490852,78
1,1469490780,1469490796,16
1,1469490803,1469490811,8
1,1469490823,1469490831,8
1,1469490839,1469490852,13
4,1469490853,1469490867,14
1,1469490859,1469490873,14
5,1469490864,1469490867,3
14,1469490873,1469490880,7
1,1469490881,1469490890,9
1,1469490894,1469490898,4
14,1469490898,1469490936,38
11,1469490900,1469490906,6
1,1469490901,1469490949,48
4,1469490901,1469490904,3
4,1469490904,1469490906,2
11,1469490906,1469490936,30
4,1469490906,1469490937,31
5,1469490934,1469490936,2
4,1469490949,1469490956,7
4,1469490957,1469490959,2
4,1469490960,1469490978,18
1,1469490966,1469490984,18
4,1469490978,1469490985,7
4,1469490985,1469490989,4
10,1469490986,1469490988,2
4,1469490989,1469490992,3
4,1469490992,1469490994,2
4,1469490994,1469490996,2
4,1469490998,1469491000,2
4,1469491002,1469491005,3
10,1469491003,1469491005,2
4,1469491005,1469491009,4
10,1469491007,1469491009,2
4,1469491013,1469491015,2
1,1469491013,1469491022,9
14,1469491020,1469491030,10
1,1469491029,1469491030,1
1,1469491035,1469491042,7
4,1469491043,1469491096,53
1,1469491046,1469491053,7
14,1469491052,1469491060,8
1,1469491060,1469491067,7
1,1469491076,1469491085,9
14,1469491085,1469491087,2
1,1469491090,1469491094,4
4,1469491096,1469491099,3
1,1469491097,1469491098,1
4,1469491099,1469491138,39
1,1469491102,1469491112,10
14,1469491108,1469491116,8
1,1469491116,1469491147,31
14,1469491126,1469491129,3
4,1469491139,1469491142,3
4,1469491142,1469491145,3
4,1469491145,1469491148,3
4,1469491148,1469491234,86
1,1469491151,1469491155,4
14,1469491155,1469491163,8
1,1469491164,1469491172,8
14,1469491172,1469491175,3
1,1469491177,1469491190,13
1,1469491196,1469491214,18
1,1469491220,1469491224,4
1,1469491230,1469491233,3
1,1469491236,1469491238,2
1,1469491243,1469491249,6
1,1469491262,1469491274,12
4,1469491272,1469491372,100
1,1469491281,1469491285,4
14,1469491285,1469491292,7
1,1469491293,1469491297,4
1,1469491303,1469491306,3
1,1469491320,1469491329,9
1,1469491348,1469491359,11
1,1469491366,1469491384,18
14,1469491384,1469491391,7
1,1469491392,1469491398,6
1,1469491402,1469491416,14
1,1469491421,1469491423,2
4,1469491426,1469491428,2
4,1469491429,1469491459,30
1,1469491446,1469491471,25
4,1469491462,1469491592,130
1,1469491478,1469491480,2
14,1469491480,1469491489,9
1,1469491490,1469491500,10
1,1469491507,1469491571,64
1,1469491579,1469491580,1
1,1469491584,1469491591,7
4,1469491592,1469491596,4
1,1469491594,1469491604,10
4,1469491598,1469491604,6
1,1469491616,1469491618,2
4,1469491619,1469491631,12
1,1469491623,1469491630,7
4,1469491631,1469491633,2
1,1469491634,1469491643,9
4,1469491637,1469491641,4
1,1469491649,1469491652,3
4,1469491655,1469491658,3
4,1469491659,1469491661,2
4,1469491662,1469491667,5
1,1469491663,1469491695,32
4,1469491672,1469491675,3
4,1469491675,1469491709,34
1,1469491706,1469491709,3
4,1469491710,1469491712,2
4,1469491712,1469491718,6
4,1469491718,1469491725,7
10,1469491720,1469491722,2
4,1469491725,1469491728,3
4,1469491728,1469491731,3
4,1469491731,1469491734,3
4,1469491734,1469491736,2
4,1469491736,1469491739,3
10,1469491738,1469491739,1
4,1469491740,1469491745,5
10,1469491742,1469491745,3
4,1469491749,1469491760,11
4,1469491766,1469491769,3
10,1469491768,1469491769,1
4,1469491769,1469491771,2
4,1469491772,1469491774,2
4,1469491774,1469491798,24
1,1469491794,1469491800,6
4,1469491801,1469491808,7
1,1469491803,1469491807,4
4,1469491809,1469491814,5
4,1469491817,1469491819,2
4,1469491819,1469491825,6
4,1469491825,1469491830,5
1,1469491832,1469491848,16
4,1469491854,1469491866,12
1,1469491856,1469491857,1
1,1469491860,1469491866,6
4,1469491871,1469491939,68
1,1469491874,1469491877,3
14,1469491877,1469491888,11
1,1469491922,1469491935,13
4,1469491939,1469491941,2
4,1469491941,1469491943,2
10,1469491943,1469491944,1
4,1469491944,1469491947,3
4,1469491947,1469491952,5
4,1469491952,1469491955,3
10,1469491954,1469491955,1
4,1469491955,1469491958,3
4,1469491958,1469491963,5
10,1469491960,1469491963,3
4,1469491964,1469491975,11
10,1469491966,1469491967,1
1,1469491968,1469491972,4
4,1469491975,1469491978,3
10,1469491975,1469491977,2
10,1469491977,1469491978,1
4,1469491978,1469491981,3
4,1469491982,1469491984,2
4,1469491984,1469491987,3
10,1469491986,1469491987,1
4,1469491989,1469491991,2
4,1469491991,1469491994,3
4,1469491994,1469491997,3
10,1469491996,1469491997,1
4,1469491999,1469492002,3
4,1469492002,1469492007,5
10,1469492004,1469492006,2
1,1469492005,1469492020,15
4,1469492007,1469492012,5
10,1469492008,1469492010,2
1,1469492023,1469492034,11
4,1469492029,1469492035,6
10,1469492030,1469492032,2
10,1469492036,1469492037,1
4,1469492037,1469492053,16
1,1469492040,1469492044,4
1,1469492049,1469492050,1
1,1469492057,1469492060,3
1,1469492063,1469492065,2
4,1469492066,1469492072,6
4,1469492072,1469492075,3
10,1469492075,1469492076,1
4,1469492076,1469492078,2
4,1469492079,1469492084,5
4,1469492084,1469492087,3
10,1469492086,1469492087,1
4,1469492087,1469492090,3
10,1469492087,1469492089,2
4,1469492090,1469492092,2
10,1469492090,1469492092,2
4,1469492093,1469492101,8
4,1469492102,1469492114,12
4,1469492116,1469492124,8
10,1469492119,1469492120,1
10,1469492125,1469492126,1
4,1469492126,1469492132,6
4,1469492134,1469492136,2
4,1469492136,1469492147,11
10,1469492138,1469492143,5
1,1469492147,1469492152,5
14,1469492152,1469492160,8
1,1469492161,1469492163,2
1,1469492167,1469492169,2
1,1469492181,1469492199,18
1,1469492215,1469492224,9
1,1469492237,1469492266,29
1,1469492271,1469492273,2
1,1469492277,1469492284,7
1,1469492288,1469492291,3
1,1469492302,1469492305,3
1,1469492312,1469492315,3
1,1469492324,1469492328,4
14,1469492328,1469492418,90
11,1469492330,1469492337,7
4,1469492332,1469492334,2
4,1469492334,1469492338,4
11,1469492337,1469492342,5
1,1469492337,1469492369,32
11,1469492344,1469492350,6
11,1469492350,1469492352,2
11,1469492352,1469492358,6
4,1469492353,1469492383,30
11,1469492358,1469492369,11
11,1469492369,1469492378,9
11,1469492378,1469492381,3
1,1469492381,1469492386,5
11,1469492381,1469492383,2
11,1469492383,1469492418,35
1,1469492414,1469492419,5
5,1469492416,1469492418,2
4,1469492418,1469492429,11
1,1469492423,1469492428,5
4,1469492430,1469492432,2
4,1469492434,1469492438,4
10,1469492436,1469492438,2
4,1469492440,1469492444,4
4,1469492444,1469492451,7
4,1469492451,1469492454,3
10,1469492452,1469492454,2
4,1469492454,1469492457,3
4,1469492457,1469492459,2
10,1469492458,1469492459,1
4,1469492461,1469492464,3
4,1469492464,1469492471,7
10,1469492466,1469492467,1
1,1469492471,1469492479,8
14,1469492477,1469492485,8
1,1469492490,1469492491,1
14,1469492491,1469492502,11
11,1469492494,1469492501,7
1,1469492495,1469492517,22
4,1469492495,1469492497,2
4,1469492498,1469492502,4
5,1469492500,1469492501,1
14,1469492517,1469492589,72
11,1469492519,1469492525,6
4,1469492520,1469492522,2
4,1469492522,1469492526,4
11,1469492525,1469492534,9
1,1469492525,1469492567,42
11,1469492539,1469492548,9
4,1469492543,1469492549,6
11,1469492549,1469492550,1
11,1469492550,1469492554,4
4,1469492550,1469492589,39
11,1469492554,1469492555,1
11,1469492555,1469492558,3
11,1469492562,1469492589,27
1,1469492585,1469492595,10
5,1469492587,1469492589,2
4,1469492597,1469492661,64
1,1469492599,1469492600,1
1,1469492603,1469492605,2
1,1469492611,1469492615,4
14,1469492615,1469492622,7
1,1469492620,1469492632,12
1,1469492636,1469492651,15
1,1469492657,1469492659,2
4,1469492661,1469492815,154
1,1469492665,1469492672,7
14,1469492670,1469492678,8
1,1469492678,1469492692,14
1,1469492700,1469492707,7
1,1469492711,1469492717,6
1,1469492757,1469492763,6
1,1469492769,1469492777,8
1,1469492781,1469492783,2
1,1469492786,1469492795,9
14,1469492795,1469492798,3
1,1469492799,1469492812,13
4,1469492815,1469492817,2
4,1469492817,1469492820,3
4,1469492820,1469492902,82
1,1469492826,1469492886,60
4,1469492902,1469492904,2
4,1469492904,1469492974,70
1,1469492906,1469492909,3
1,1469492968,1469492988,20
14,1469492987,1469492995,8
1,1469492992,1469493010,18
4,1469493011,1469493016,5
4,1469493016,1469493019,3
4,1469493019,1469493022,3
4,1469493023,1469493025,2
10,1469493023,1469493025,2
4,1469493025,1469493028,3
10,1469493025,1469493027,2
4,1469493028,1469493030,2
10,1469493029,1469493030,1
1,1469493034,1469493040,6
14,1469493040,1469493048,8
1,1469493048,1469493053,5
1,1469493193,1469493195,2
14,1469493195,1469493198,3
1,1469493217,1469493240,23
1,1469493243,1469493248,5
1,1469493299,1469493302,3
1,1469493330,1469493332,2
14,1469493332,1469493335,3
1,1469493337,1469493339,2
1,1469493343,1469493348,5
14,1469493348,1469493351,3
1,1469493355,1469493371,16
1,1469493491,1469493499,8
14,1469493492,1469493495,3
1,1469493510,1469493513,3
1,1469493655,1469493667,12
14,1469493656,1469493660,4
1,1469493676,1469493678,2
1,1469493685,1469493688,3
1,1469493717,1469493718,1
14,1469493718,1469493721,3
1,1469493722,1469493731,9
1,1469493751,1469493760,9
1,1469493780,1469493792,12
14,1469493781,1469493784,3
1,1469493795,1469493806,11
1,1469493826,1469493836,10
14,1469493827,1469493830,3
14,1469493835,1469493839,4
1,1469493840,1469493842,2
1,1469493851,1469493856,5
1,1469493879,1469493895,16
14,1469493880,1469493883,3
1,1469493901,1469493907,6
1,1469493911,1469493930,19
1,1469493942,1469493965,23
1,1469493975,1469493982,7
1,1469493989,1469493997,8
1,1469494007,1469494009,2
1,1469494012,1469494046,34
14,1469494046,1469494070,24
1,1469494072,1469494084,12
1,1469494089,1469494125,36
4,1469494096,1469494115,19
14,1469494124,1469494144,20
1,1469494132,1469494134,2
1,1469494144,1469494168,24
4,1469494169,1469494171,2
4,1469494171,1469494174,3
4,1469494174,1469494221,47
10,1469494174,1469494176,2
1,1469494179,1469494183,4
14,1469494182,1469494194,12
1,1469494195,1469494197,2
1,1469494213,1469494226,13
4,1469494221,1469494223,2
4,1469494223,1469494261,38
1,1469494230,1469494235,5
1,1469494240,1469494255,15
1,1469494258,1469494273,15
4,1469494265,1469494362,97
14,1469494272,1469494282,10
1,1469494283,1469494295,12
1,1469494358,1469494361,3
4,1469494362,1469494364,2
4,1469494364,1469494366,2
4,1469494367,1469494369,2
4,1469494370,1469494373,3
10,1469494371,1469494373,2
4,1469494373,1469494383,10
1,1469494377,1469494380,3
1,1469494386,1469494387,1
4,1469494387,1469494390,3
4,1469494390,1469494395,5
1,1469494392,1469494394,2
4,1469494398,1469494406,8
1,1469494405,1469494410,5
4,1469494407,1469494410,3
4,1469494410,1469494413,3
4,1469494414,1469494416,2
10,1469494415,1469494416,1
4,1469494416,1469494419,3
4,1469494419,1469494421,2
1,1469494423,1469494428,5
4,1469494433,1469494437,4
1,1469494435,1469494436,1
4,1469494437,1469494440,3
4,1469494440,1469494443,3
4,1469494443,1469494471,28
1,1469494462,1469494468,6
1,1469494472,1469494473,1
4,1469494474,1469494487,13
1,1469494484,1469494485,1
4,1469494487,1469494630,143
1,1469494491,1469494495,4
14,1469494494,1469494502,8
1,1469494502,1469494504,2
1,1469494529,1469494534,5
1,1469494540,1469494542,2
1,1469494566,1469494568,2
1,1469494622,1469494638,16
4,1469494630,1469494638,8
4,1469494639,1469494642,3
4,1469494642,1469494645,3
4,1469494645,1469494649,4
4,1469494649,1469494656,7
1,1469494650,1469494652,2
4,1469494656,1469494701,45
1,1469494656,1469494665,9
14,1469494665,1469494687,22
1,1469494685,1469494698,13
4,1469494701,1469494704,3
4,1469494705,1469494710,5
4,1469494713,1469494715,2
4,1469494716,1469494718,2
4,1469494718,1469494722,4
1,1469494731,1469494734,3
1,1469494739,1469494751,12
4,1469494752,1469494754,2
10,1469494753,1469494754,1
4,1469494755,1469494808,53
10,1469494756,1469494805,49
1,1469494805,1469494806,1
1,1469494814,1469494815,1
1,1469494822,1469494825,3
1,1469494845,1469494862,17
14,1469494851,1469494861,10
1,1469494875,1469494882,7
14,1469494882,1469495008,126
11,1469494888,1469494904,16
1,1469494890,1469494894,4
4,1469494892,1469494895,3
4,1469494895,1469494897,2
4,1469494898,1469494905,7
11,1469494904,1469495008,104
1,1469494904,1469494915,11
1,1469494942,1469494943,1
1,1469494952,1469494962,10
1,1469494970,1469494976,6
1,1469494990,1469494993,3
1,1469494997,1469495010,13
5,1469495006,1469495008,2
4,1469495009,1469495012,3
4,1469495012,1469495015,3
4,1469495018,1469495075,57
10,1469495018,1469495041,23
1,1469495022,1469495042,20
1,1469495054,1469495055,1
1,1469495071,1469495074,3
4,1469495076,1469495078,2
10,1469495076,1469495078,2
4,1469495078,1469495082,4
10,1469495079,1469495083,4
10,1469495083,1469495084,1
4,1469495084,1469495087,3
10,1469495085,1469495087,2
10,1469495089,1469495093,4
1,1469495092,1469495094,2
4,1469495095,1469495097,2
4,1469495098,1469495120,22
1,1469495101,1469495106,5
14,1469495104,1469495167,63
11,1469495118,1469495130,12
4,1469495120,1469495123,3
4,1469495123,1469495126,3
4,1469495126,1469495132,6
11,1469495130,1469495167,37
1,1469495131,1469495151,20
1,1469495163,1469495168,5
5,1469495165,1469495167,2
4,1469495168,1469495171,3
4,1469495171,1469495173,2
4,1469495173,1469495176,3
4,1469495176,1469495180,4
10,1469495178,1469495180,2
4,1469495181,1469495184,3
4,1469495185,1469495187,2
10,1469495186,1469495187,1
4,1469495187,1469495193,6
10,1469495188,1469495193,5
4,1469495194,1469495196,2
4,1469495197,1469495208,11
4,1469495209,1469495212,3
10,1469495210,1469495212,2
4,1469495212,1469495214,2
4,1469495214,1469495221,7
10,1469495215,1469495217,2
4,1469495221,1469495225,4
10,1469495222,1469495223,1
10,1469495224,1469495225,1
4,1469495227,1469495229,2
4,1469495230,1469495235,5
10,1469495230,1469495232,2
4,1469495236,1469495252,16
10,1469495238,1469495246,8
10,1469495253,1469495256,3
4,1469495258,1469495280,22
1,1469495260,1469495266,6
14,1469495266,1469495435,169
11,1469495277,1469495293,16
4,1469495281,1469495283,2
1,1469495282,1469495285,3
4,1469495283,1469495286,3
4,1469495287,1469495294,7
11,1469495293,1469495297,4
1,1469495295,1469495309,14
11,1469495299,1469495435,136
1,1469495312,1469495346,34
1,1469495373,1469495382,9
1,1469495390,1469495404,14
1,1469495408,1469495418,10
1,1469495425,1469495447,22
5,1469495433,1469495435,2
4,1469495436,1469495452,16
4,1469495452,1469495455,3
1,1469495453,1469495463,10
4,1469495455,1469495459,4
4,1469495466,1469495468,2
10,1469495466,1469495467,1
4,1469495468,1469495472,4
4,1469495473,1469495478,5
1,1469495475,1469495478,3
4,1469495478,1469495482,4
4,1469495482,1469495484,2
4,1469495484,1469495486,2
4,1469495486,1469495489,3
4,1469495489,1469495491,2
4,1469495491,1469495495,4
10,1469495493,1469495494,1
4,1469495495,1469495499,4
4,1469495500,1469495502,2
4,1469495503,1469495508,5
10,1469495503,1469495505,2
10,1469495507,1469495508,1
4,1469495508,1469495511,3
4,1469495511,1469495515,4
4,1469495515,1469495582,67
1,1469495519,1469495525,6
14,1469495523,1469495536,13
1,1469495535,1469495540,5
1,1469495551,1469495560,9
1,1469495570,1469495581,11
4,1469495583,1469495586,3
4,1469495586,1469495589,3
4,1469495589,1469495591,2
4,1469495592,1469495594,2
4,1469495594,1469495602,8
10,1469495595,1469495597,2
4,1469495604,1469495606,2
4,1469495606,1469495613,7
10,1469495607,1469495609,2
10,1469495610,1469495613,3
4,1469495613,1469495616,3
10,1469495614,1469495616,2
4,1469495617,1469495619,2
4,1469495619,1469495627,8
10,1469495619,1469495627,8
4,1469495628,1469495638,10
10,1469495631,1469495638,7
1,1469495635,1469495638,3
4,1469495638,1469495643,5
4,1469495648,1469495651,3
4,1469495651,1469495653,2
4,1469495654,1469495656,2
10,1469495654,1469495655,1
10,1469495657,1469495658,1
4,1469495660,1469495662,2
4,1469495668,1469495715,47
1,1469495676,1469495680,4
1,1469495687,1469495695,8
1,1469495702,1469495709,7
4,1469495715,1469495727,12
10,1469495717,1469495718,1
10,1469495719,1469495725,6
1,1469495721,1469495724,3
1,1469495731,1469495755,24
1,1469495760,1469495763,3
4,1469495764,1469495767,3
4,1469495767,1469495776,9
10,1469495767,1469495776,9
4,1469495776,1469495779,3
10,1469495778,1469495779,1
4,1469495781,1469495783,2
4,1469495783,1469495807,24
10,1469495785,1469495787,2
1,1469495794,1469495795,1
10,1469495796,1469495798,2
1,1469495801,1469495806,5
1,1469495812,1469495821,9
14,1469495818,1469495857,39
11,1469495831,1469495843,12
4,1469495833,1469495836,3
1,1469495833,1469495837,4
4,1469495836,1469495839,3
4,1469495839,1469495844,5
11,1469495843,1469495857,14
1,1469495844,1469495858,14
5,1469495854,1469495857,3
4,1469495857,1469495860,3
4,1469495860,1469495862,2
4,1469495862,1469495864,2
10,1469495863,1469495864,1
4,1469495865,1469495868,3
4,1469495869,1469495871,2
4,1469495871,1469495874,3
4,1469495875,1469495880,5
10,1469495878,1469495880,2
4,1469495880,1469495882,2
4,1469495882,1469495886,4
4,1469495886,1469495888,2
4,1469495888,1469495892,4
4,1469495893,1469495898,5
10,1469495895,1469495896,1
10,1469495898,1469495900,2
4,1469495900,1469495902,2
4,1469495902,1469495905,3
4,1469495905,1469495938,33
10,1469495906,1469495908,2
1,1469495907,1469495931,24
14,1469495926,1469495979,53
11,1469495936,1469495950,14
4,1469495939,1469495941,2
1,1469495941,1469495946,5
4,1469495943,1469495946,3
11,1469495950,1469495954,4
1,1469495951,1469495965,14
4,1469495952,1469495979,27
11,1469495954,1469495955,1
11,1469495956,1469495957,1
11,1469495958,1469495979,21
1,1469495971,1469495983,12
5,1469495977,1469495979,2
4,1469495983,1469495985,2
4,1469495985,1469495987,2
4,1469495988,1469495990,2
10,1469495988,1469495989,1
4,1469495990,1469495996,6
10,1469495991,1469495993,2
10,1469495997,1469495998,1
4,1469495998,1469496001,3
10,1469495998,1469496001,3
10,1469496003,1469496032,29
1,1469496004,1469496022,18
4,1469496033,1469496041,8
10,1469496041,1469496043,2
4,1469496043,1469496048,5
1,1469496044,1469496070,26
4,1469496065,1469496086,21
14,1469496070,1469496113,43
11,1469496083,1469496099,16
1,1469496085,1469496092,7
4,1469496086,1469496088,2
4,1469496089,1469496092,3
4,1469496092,1469496101,9
11,1469496099,1469496113,14
1,1469496101,1469496104,3
1,1469496107,1469496114,7
5,1469496110,1469496113,3
4,1469496113,1469496116,3
4,1469496116,1469496124,8
10,1469496116,1469496118,2
1,1469496118,1469496121,3
1,1469496124,1469496126,2
4,1469496127,1469496131,4
4,1469496132,1469496134,2
4,1469496134,1469496137,3
4,1469496137,1469496152,15
10,1469496138,1469496152,14
4,1469496155,1469496160,5
10,1469496156,1469496160,4
4,1469496160,1469496162,2
4,1469496162,1469496165,3
10,1469496163,1469496164,1
4,1469496165,1469496168,3
4,1469496169,1469496173,4
4,1469496173,1469496175,2
4,1469496176,1469496178,2
4,1469496178,1469496180,2
4,1469496180,1469496198,18
10,1469496183,1469496195,12
1,1469496195,1469496198,3
4,1469496200,1469496204,4
4,1469496204,1469496210,6
10,1469496206,1469496210,4
4,1469496210,1469496223,13
10,1469496211,1469496222,11
1,1469496214,1469496220,6
4,1469496224,1469496233,9
4,1469496234,1469496237,3
4,1469496237,1469496240,3
4,1469496243,1469496245,2
4,1469496245,1469496250,5
1,1469496247,1469496252,5
4,1469496251,1469496253,2
4,1469496253,1469496259,6
1,1469496255,1469496262,7
4,1469496261,1469496263,2
4,1469496263,1469496271,8
1,1469496267,1469496283,16
4,1469496282,1469496289,7
4,1469496289,1469496293,4
1,1469496294,1469496297,3
4,1469496297,1469496302,5
1,1469496301,1469496306,5
4,1469496302,1469496307,5
4,1469496309,1469496333,24
1,1469496310,1469496320,10
14,1469496318,1469496435,117
11,1469496330,1469496347,17
4,1469496333,1469496336,3
4,1469496336,1469496339,3
1,1469496339,1469496340,1
4,1469496339,1469496348,9
11,1469496347,1469496350,3
1,1469496347,1469496356,9
11,1469496351,1469496415,64
1,1469496361,1469496375,14
1,1469496379,1469496439,60
4,1469496416,1469496436,20
11,1469496421,1469496423,2
11,1469496423,1469496435,12
5,1469496433,1469496435,2
4,1469496440,1469496442,2
4,1469496443,1469496446,3
4,1469496447,1469496449,2
4,1469496449,1469496452,3
4,1469496452,1469496454,2
4,1469496454,1469496457,3
4,1469496458,1469496460,2
10,1469496459,1469496460,1
10,1469496460,1469496462,2
4,1469496461,1469496464,3
10,1469496462,1469496463,1
10,1469496464,1469496466,2
4,1469496466,1469496468,2
4,1469496468,1469496472,4
1,1469496475,1469496477,2
4,1469496478,1469496490,12
10,1469496479,1469496483,4
4,1469496490,1469496499,9
4,1469496499,1469496503,4
1,1469496501,1469496502,1
4,1469496503,1469496508,5
10,1469496504,1469496508,4
4,1469496508,1469496515,7
1,1469496513,1469496514,1
4,1469496516,1469496521,5
4,1469496521,1469496527,6
10,1469496523,1469496524,1
1,1469496525,1469496526,1
4,1469496532,1469496534,2
4,1469496535,1469496538,3
4,1469496538,1469496540,2
10,1469496539,1469496540,1
4,1469496541,1469496544,3
4,1469496544,1469496546,2
4,1469496547,1469496550,3
4,1469496552,1469496554,2
10,1469496553,1469496554,1
4,1469496556,1469496559,3
10,1469496557,1469496559,2
4,1469496560,1469496599,39
1,1469496565,1469496572,7
14,1469496570,1469496589,19
1,1469496590,1469496598,8
4,1469496599,1469496603,4
10,1469496599,1469496600,1
10,1469496604,1469496609,5
1,1469496607,1469496612,5
4,1469496610,1469496613,3
4,1469496613,1469496616,3
4,1469496616,1469496665,49
1,1469496621,1469496625,4
14,1469496625,1469496643,18
1,1469496653,1469496654,1
1,1469496662,1469496664,2
4,1469496665,1469496668,3
4,1469496668,1469496671,3
1,1469496681,1469496685,4
4,1469496686,1469496688,2
4,1469496688,1469496691,3
10,1469496690,1469496692,2
4,1469496691,1469496693,2
4,1469496693,1469496696,3
10,1469496695,1469496696,1
10,1469496696,1469496697,1
4,1469496697,1469496763,66
1,1469496707,1469496717,10
1,1469496721,1469496727,6
1,1469496732,1469496737,5
1,1469496747,1469496751,4
1,1469496760,1469496762,2
4,1469496765,1469496770,5
10,1469496767,1469496768,1
4,1469496770,1469496947,177
1,1469496781,1469496796,15
1,1469496856,1469496860,4
1,1469496898,1469496938,40
1,1469496941,1469496949,8
4,1469496947,1469496949,2
4,1469496950,1469496953,3
4,1469496954,1469496957,3
1,1469496961,1469496969,8
4,1469496971,1469496983,12
1,1469496976,1469496993,17
4,1469496983,1469496986,3
4,1469496988,1469496995,7
4,1469496996,1469497005,9
1,1469497010,1469497012,2
4,1469497014,1469497082,68
1,1469497046,1469497058,12
14,1469497052,1469497063,11
1,1469497062,1469497085,23
4,1469497083,1469497088,5
4,1469497088,1469497101,13
10,1469497090,1469497092,2
1,1469497097,1469497100,3
4,1469497101,1469497103,2
4,1469497103,1469497106,3
4,1469497106,1469497112,6
10,1469497108,1469497110,2
1,1469497109,1469497114,5
4,1469497115,1469497118,3
4,1469497119,1469497122,3
4,1469497122,1469497124,2
4,1469497124,1469497126,2
4,1469497127,1469497129,2
4,1469497130,1469497132,2
4,1469497132,1469497135,3
4,1469497136,1469497144,8
1,1469497142,1469497150,8
4,1469497148,1469497152,4
4,1469497153,1469497155,2
10,1469497155,1469497157,2
4,1469497157,1469497164,7
10,1469497158,1469497160,2
1,1469497159,1469497163,4
4,1469497167,1469497169,2
4,1469497169,1469497171,2
4,1469497171,1469497175,4
4,1469497176,1469497189,13
1,1469497183,1469497190,7
4,1469497190,1469497195,5
10,1469497192,1469497195,3
1,1469497199,1469497205,6
4,1469497203,1469497206,3
10,1469497204,1469497205,1
4,1469497215,1469497218,3
10,1469497217,1469497218,1
4,1469497218,1469497221,3
4,1469497221,1469497225,4
4,1469497226,1469497228,2
4,1469497228,1469497231,3
4,1469497231,1469497234,3
4,1469497234,1469497236,2
4,1469497238,1469497240,2
4,1469497240,1469497243,3
4,1469497243,1469497266,23
1,1469497256,1469497260,4
1,1469497263,1469497282,19
4,1469497271,1469497275,4
4,1469497275,1469497280,5
4,1469497280,1469497283,3
4,1469497283,1469497286,3
1,1469497288,1469497292,4
1,1469497301,1469497306,5
4,1469497306,1469497309,3
4,1469497309,1469497311,2
4,1469497311,1469497314,3
4,1469497314,1469497316,2
4,1469497316,1469497319,3
4,1469497319,1469497327,8
4,1469497340,1469497343,3
4,1469497345,1469497347,2
4,1469497347,1469497350,3
4,1469497350,1469497353,3
10,1469497351,1469497352,1
4,1469497353,1469497355,2
4,1469497355,1469497357,2
4,1469497357,1469497360,3
4,1469497360,1469497362,2
4,1469497362,1469497364,2
4,1469497364,1469497367,3
4,1469497367,1469497373,6
10,1469497369,1469497372,3
4,1469497373,1469497376,3
10,1469497375,1469497376,1
4,1469497376,1469497378,2
4,1469497379,1469497381,2
4,1469497381,1469497383,2
4,1469497383,1469497387,4
4,1469497387,1469497389,2
4,1469497390,1469497394,4
4,1469497395,1469497397,2
4,1469497398,1469497400,2
4,1469497401,1469497403,2
10,1469497401,1469497403,2
4,1469497403,1469497410,7
4,1469497410,1469497424,14
1,1469497413,1469497418,5
4,1469497424,1469497429,5
4,1469497431,1469497435,4
4,1469497436,1469497439,3
4,1469497440,1469497444,4
1,1469497441,1469497445,4
10,1469497441,1469497443,2
4,1469497444,1469497446,2
4,1469497446,1469497449,3
10,1469497447,1469497448,1
4,1469497449,1469497454,5
4,1469497454,1469497456,2
10,1469497455,1469497456,1
4,1469497456,1469497464,8
4,1469497465,1469497467,2
4,1469497467,1469497471,4
10,1469497469,1469497470,1
4,1469497471,1469497475,4
10,1469497473,1469497475,2
4,1469497475,1469497481,6
4,1469497481,1469497484,3
4,1469497484,1469497499,15
1,1469497494,1469497496,2
4,1469497499,1469497501,2
4,1469497504,1469497508,4
4,1469497509,1469497511,2
4,1469497511,1469497515,4
4,1469497515,1469497517,2
4,1469497518,1469497521,3
4,1469497522,1469497525,3
1,1469497530,1469497535,5
4,1469497531,1469497602,71
14,1469497535,1469497544,9
1,1469497553,1469497556,3
1,1469497583,1469497604,21
4,1469497602,1469497605,3
4,1469497605,1469497607,2
4,1469497607,1469497614,7
10,1469497609,1469497611,2
1,1469497610,1469497612,2
4,1469497614,1469497620,6
4,1469497621,1469497624,3
10,1469497622,1469497623,1
4,1469497624,1469497627,3
4,1469497628,1469497631,3
4,1469497633,1469497636,3
4,1469497636,1469497644,8
1,1469497641,1469497643,2
4,1469497645,1469497649,4
4,1469497649,1469497652,3
4,1469497652,1469497654,2
1,1469497653,1469497658,5
4,1469497655,1469497659,4
10,1469497656,1469497658,2
4,1469497659,1469497662,3
10,1469497661,1469497662,1
4,1469497662,1469497665,3
4,1469497665,1469497667,2
4,1469497671,1469497677,6
4,1469497679,1469497683,4
4,1469497684,1469497686,2
4,1469497686,1469497688,2
4,1469497689,1469497698,9
1,1469497696,1469497698,2
4,1469497699,1469497707,8
1,1469497703,1469497706,3
4,1469497708,1469497711,3
1,1469497712,1469497718,6
4,1469497720,1469497748,28
1,1469497722,1469497744,22
14,1469497725,1469497733,8
14,1469497744,1469497772,28
11,1469497747,1469497752,5
4,1469497748,1469497750,2
1,1469497748,1469497801,53
4,1469497750,1469497753,3
11,1469497752,1469497772,20
5,1469497770,1469497772,2
4,1469497773,1469497835,62
1,1469497809,1469497817,8
1,1469497821,1469497828,7
4,1469497835,1469497854,19
10,1469497836,1469497837,1
4,1469497859,1469497861,2
4,1469497861,1469497867,6
4,1469497867,1469497873,6
4,1469497873,1469497888,15
4,1469497889,1469497891,2
10,1469497889,1469497890,1
4,1469497891,1469497893,2
4,1469497893,1469497898,5
10,1469497894,1469497898,4
4,1469497898,1469497901,3
10,1469497900,1469497901,1
4,1469497901,1469497903,2
4,1469497903,1469497906,3
4,1469497906,1469497911,5
4,1469497912,1469497918,6
1,1469497915,1469497922,7
4,1469497918,1469497922,4
4,1469497923,1469497926,3
4,1469497931,1469497949,18
1,1469497932,1469497941,9
14,1469497936,1469497943,7
1,1469497944,1469497956,12
4,1469497949,1469497957,8
10,1469497950,1469497952,2
4,1469497957,1469497961,4
10,1469497958,1469497960,2
4,1469497961,1469497964,3
10,1469497962,1469497964,2
4,1469497964,1469497973,9
1,1469497967,1469497969,2
4,1469497973,1469497975,2
4,1469497975,1469497992,17
1,1469497983,1469497991,8
4,1469497992,1469497994,2
4,1469497995,1469497997,2
4,1469497997,1469497999,2
4,1469497999,1469498001,2
4,1469498001,1469498005,4
4,1469498005,1469498007,2
4,1469498007,1469498012,5
4,1469498013,1469498015,2
4,1469498015,1469498017,2
4,1469498017,1469498019,2
4,1469498019,1469498022,3
4,1469498022,1469498024,2
4,1469498024,1469498027,3
1,1469498025,1469498026,1
4,1469498027,1469498035,8
1,1469498031,1469498035,4
4,1469498036,1469498038,2
4,1469498038,1469498082,44
1,1469498041,1469498058,17
14,1469498056,1469498067,11
1,1469498066,1469498069,3
1,1469498074,1469498076,2
1,1469498080,1469498081,1
4,1469498084,1469498279,195
1,1469498088,1469498097,9
14,1469498097,1469498105,8
1,1469498142,1469498149,7
1,1469498245,1469498265,20
1,1469498270,1469498278,8
4,1469498279,1469498282,3
4,1469498282,1469498297,15
1,1469498285,1469498292,7
4,1469498297,1469498441,144
1,1469498305,1469498310,5
1,1469498387,1469498392,5
4,1469498441,1469498570,129
1,1469498445,1469498452,7
1,1469498555,1469498569,14
4,1469498571,1469498573,2
4,1469498573,1469498577,4
4,1469498577,1469498580,3
4,1469498580,1469498595,15
4,1469498596,1469498735,139
1,1469498600,1469498602,2
1,1469498632,1469498633,1
1,1469498638,1469498648,10
1,1469498707,1469498732,25
4,1469498735,1469498738,3
1,1469498735,1469498737,2
4,1469498739,1469498741,2
4,1469498742,1469498746,4
4,1469498746,1469498754,8
1,1469498749,1469498753,4
4,1469498754,1469498802,48
10,1469498756,1469498757,1
1,1469498760,1469498762,2
1,1469498795,1469498818,23
4,1469498802,1469498807,5
4,1469498809,1469498812,3
4,1469498815,1469498819,4
4,1469498819,1469498822,3
4,1469498822,1469498824,2
4,1469498824,1469498876,52
1,1469498826,1469498827,1
1,1469498831,1469498836,5
14,1469498836,1469498843,7
1,1469498845,1469498885,40
4,1469498877,1469498882,5
4,1469498882,1469498886,4
4,1469498886,1469498888,2
4,1469498888,1469498893,5
1,1469498889,1469498892,3
4,1469498893,1469499156,263
1,1469498902,1469498903,1
1,1469498907,1469498913,6
14,1469498910,1469498917,7
1,1469498917,1469498921,4
1,1469498968,1469498977,9
1,1469499048,1469499054,6
1,1469499103,1469499119,16
1,1469499126,1469499160,34
4,1469499156,1469499161,5
4,1469499161,1469499163,2
10,1469499163,1469499164,1
4,1469499164,1469499167,3
10,1469499164,1469499167,3
4,1469499168,1469499175,7
10,1469499169,1469499171,2
1,1469499170,1469499174,4
4,1469499175,1469499177,2
4,1469499177,1469499182,5
4,1469499182,1469499184,2
4,1469499184,1469499187,3
4,1469499187,1469499190,3
4,1469499190,1469499194,4
1,1469499191,1469499193,2
4,1469499194,1469499200,6
1,1469499196,1469499211,15
4,1469499208,1469499211,3
4,1469499212,1469499215,3
4,1469499215,1469499217,2
4,1469499218,1469499220,2
4,1469499220,1469499231,11
1,1469499226,1469499228,2
4,1469499231,1469499234,3
1,1469499233,1469499239,6
4,1469499240,1469499243,3
1,1469499242,1469499247,5
4,1469499250,1469499255,5
1,1469499251,1469499259,8
4,1469499260,1469499263,3
4,1469499263,1469499326,63
1,1469499324,1469499325,1
4,1469499327,1469499332,5
1,1469499337,1469499343,6
4,1469499344,1469499347,3
4,1469499347,1469499349,2
4,1469499350,1469499352,2
4,1469499352,1469499354,2
4,1469499355,1469499357,2
4,1469499357,1469499364,7
1,1469499364,1469499368,4
4,1469499364,1469499401,37
1,1469499373,1469499382,9
14,1469499381,1469499391,10
1,1469499390,1469499400,10
4,1469499402,1469499404,2
4,1469499404,1469499410,6
1,1469499405,1469499409,4
4,1469499410,1469499415,5
1,1469499414,1469499431,17
14,1469499419,1469499429,10
1,1469499441,1469499443,2
14,1469499443,1469499445,2
1,1469499447,1469499450,3
1,1469499454,1469499457,3
4,1469499459,1469499462,3
4,1469499462,1469499471,9
1,1469499463,1469499468,5
4,1469499474,1469499477,3
4,1469499478,1469499481,3
4,1469499481,1469499483,2
4,1469499483,1469499491,8
4,1469499494,1469499749,255
1,1469499498,1469499505,7
14,1469499504,1469499511,7
1,1469499511,1469499518,7
1,1469499528,1469499529,1
1,1469499569,1469499580,11
1,1469499729,1469499748,19
4,1469499749,1469499753,4
4,1469499753,1469499760,7
1,1469499754,1469499769,15
4,1469499767,1469499770,3
4,1469499771,1469499785,14
1,1469499776,1469499784,8
1,1469499789,1469499795,6
14,1469499795,1469499804,9
1,1469499807,1469499840,33
4,1469499837,1469499841,4
4,1469499841,1469499965,124
1,1469499849,1469499854,5
14,1469499854,1469499860,6
1,1469499862,1469499870,8
1,1469499883,1469499889,6
1,1469499962,1469499966,4
1,1469500236,1469500246,10
4,1469500244,1469500248,4
4,1469500248,1469500252,4
4,1469500253,1469500295,42
1,1469500267,1469500272,5
14,1469500272,1469500281,9
1,1469500283,1469500299,16
4,1469500295,1469500300,5
4,1469500302,1469528865,28563
1,1469500350,1469500352,2
14,1469500352,1469500360,8
1,1469500361,1469500368,7
1,1469500559,1469500584,25
1,1469500592,1469500603,11
1,1469500645,1469500647,2
1,1469500651,1469500657,6
1,1469500666,1469500668,2
1,1469500674,1469500680,6
1,1469500694,1469500699,5
1,1469500729,1469500730,1
1,1469500812,1469500816,4
1,1469528835,1469528856,21
1,1469528859,1469528864,5
4,1469528865,1469528869,4
4,1469528870,1469528872,2
4,1469528872,1469528874,2
4,1469528874,1469528876,2
4,1469528876,1469528880,4
4,1469528881,1469528903,22
1,1469528887,1469528892,5
1,1469528900,1469528901,1
4,1469528903,1469528905,2
4,1469528905,1469529010,105
1,1469528907,1469528910,3
1,1469528927,1469528931,4
1,1469528939,1469528956,17
1,1469528960,1469528972,12
1,1469528976,1469528979,3
1,1469528985,1469528994,9
1,1469529001,1469529004,3
4,1469529011,1469529013,2
10,1469529013,1469529014,1
1,1469529013,1469529015,2
4,1469529015,1469529018,3
4,1469529018,1469529020,2
10,1469529018,1469529019,1
4,1469529021,1469529027,6
10,1469529023,1469529026,3
1,1469529025,1469529027,2
4,1469529029,1469529033,4
4,1469529033,1469529037,4
4,1469529038,1469529040,2
10,1469529038,1469529040,2
4,1469529040,1469529043,3
10,1469529041,1469529043,2
4,1469529043,1469529172,129
1,1469529045,1469529053,8
1,1469529085,1469529091,6
1,1469529094,1469529117,23
1,1469529142,1469529148,6
1,1469529156,1469529176,20
4,1469529172,1469529176,4
4,1469529178,1469529181,3
4,1469529181,1469529186,5
10,1469529182,1469529183,1
1,1469529184,1469529186,2
4,1469529188,1469529192,4
4,1469529195,1469529198,3
4,1469529198,1469529201,3
4,1469529201,1469529203,2
4,1469529203,1469529206,3
10,1469529205,1469529206,1
4,1469529207,1469529210,3
4,1469529210,1469529214,4
10,1469529212,1469529214,2
4,1469529214,1469529219,5
1,1469529215,1469529239,24
4,1469529219,1469529223,4
4,1469529223,1469529228,5
10,1469529224,1469529227,3
4,1469529238,1469529265,27
1,1469529251,1469529284,33
4,1469529275,1469529278,3
4,1469529281,1469529284,3
1,1469529291,1469529298,7
14,1469529298,1469529308,10
1,1469529308,1469529313,5
1,1469529318,1469529335,17
14,1469529330,1469529332,2
1,1469529343,1469529345,2
1,1469529349,1469529359,10
4,1469529361,1469529372,11
1,1469529365,1469529379,14
14,1469529377,1469529385,8
1,1469529385,1469529395,10
4,1469529397,1469529399,2
4,1469529399,1469529402,3
4,1469529403,1469529406,3
4,1469529406,1469529408,2
4,1469529409,1469529412,3
10,1469529411,1469529412,1
4,1469529415,1469529417,2
4,1469529417,1469529420,3
4,1469529442,1469529445,3
4,1469529445,1469529447,2
4,1469529457,1469529462,5
4,1469529463,1469529465,2
4,1469529466,1469529471,5
4,1469529471,1469529473,2
4,1469529473,1469529475,2
4,1469529479,1469529481,2
4,1469529481,1469529484,3
4,1469529484,1469529487,3
4,1469529487,1469529489,2
4,1469529489,1469529492,3
4,1469529493,1469529496,3
4,1469529496,1469529500,4
4,1469529500,1469529504,4
10,1469529501,1469529502,1
4,1469529504,1469529507,3
10,1469529505,1469529507,2
4,1469529507,1469529527,20
1,1469529513,1469529518,5
4,1469529527,1469529537,10
1,1469529532,1469529538,6
4,1469529537,1469529547,10
1,1469529542,1469529552,10
4,1469529548,1469529626,78
14,1469529552,1469529565,13
1,1469529568,1469529570,2
1,1469529611,1469529613,2
1,1469529623,1469529625,2
4,1469529626,1469529738,112
1,1469529631,1469529633,2
1,1469529636,1469529645,9
14,1469529642,1469529650,8
1,1469529649,1469529654,5
1,1469529717,1469529722,5
1,1469529727,1469529738,11
10,1469529740,1469529743,3
1,1469529743,1469529745,2
4,1469529753,1469529755,2
4,1469529755,1469529959,204
1,1469529758,1469529766,8
1,1469529774,1469529776,2
1,1469529782,1469529783,1
1,1469529935,1469529958,23
4,1469529960,1469529964,4
11,1469529961,1469529964,3
11,1469529964,1469529969,5
1,1469529964,1469529969,5
4,1469529967,1469529970,3
11,1469529969,1469529994,25
4,1469529992,1469530063,71
11,1469529994,1469530109,115
1,1469529994,1469530007,13
1,1469530011,1469530022,11
1,1469530026,1469530031,5
1,1469530061,1469530066,5
1,1469530072,1469530111,39
5,1469530107,1469530109,2
4,1469530110,1469530119,9
1,1469530116,1469530118,2
4,1469530119,1469530121,2
4,1469530121,1469530124,3
4,1469530124,1469530126,2
4,1469530127,1469530133,6
1,1469530130,1469530131,1
4,1469530134,1469530140,6
1,1469530136,1469530139,3
4,1469530150,1469530166,16
1,1469530160,1469530166,6
1,1469530172,1469530174,2
1,1469530177,1469530185,8
14,1469530183,1469530191,8
1,1469530190,1469530196,6
4,1469530197,1469530314,117
1,1469530200,1469530216,16
14,1469530205,1469530212,7
1,1469530220,1469530224,4
1,1469530244,1469530249,5
1,1469530282,1469530283,1
1,1469530286,1469530313,27
5,1469530295,1469530296,1
4,1469530316,1469530320,4
4,1469530321,1469530344,23
10,1469530322,1469530340,18
1,1469530326,1469530329,3
1,1469530332,1469530335,3
4,1469530346,1469530385,39
1,1469530348,1469530391,43
14,1469530365,1469530373,8
14,1469530391,1469530398,7
1,1469530399,1469530400,1
1,1469530405,1469530415,10
4,1469530417,1469530473,56
10,1469530418,1469530420,2
1,1469530420,1469530430,10
14,1469530427,1469530439,12
1,1469530435,1469530442,7
1,1469530447,1469530451,4
1,1469530456,1469530469,13
4,1469530473,1469530482,9
1,1469530478,1469530481,3
4,1469530484,1469530486,2
4,1469530486,1469530488,2
4,1469530488,1469530490,2
4,1469530491,1469530494,3
4,1469530494,1469530496,2
4,1469530497,1469530502,5
4,1469530502,1469530505,3
1,1469530503,1469530505,2
4,1469530506,1469530509,3
4,1469530510,1469530518,8
1,1469530511,1469530515,4
4,1469530518,1469530521,3
4,1469530521,1469530526,5
4,1469530527,1469530530,3
1,1469530528,1469530536,8
4,1469530530,1469530535,5
1,1469530542,1469530548,6
14,1469530547,1469530606,59
11,1469530555,1469530565,10
4,1469530556,1469530559,3
4,1469530559,1469530563,4
11,1469530565,1469530568,3
1,1469530566,1469530577,11
11,1469530569,1469530570,1
4,1469530569,1469530596,27
11,1469530574,1469530606,32
1,1469530582,1469530588,6
4,1469530596,1469530600,4
1,1469530597,1469530599,2
4,1469530601,1469530607,6
1,1469530602,1469530613,11
5,1469530604,1469530606,2
4,1469530610,1469530627,17
1,1469530618,1469530632,14
4,1469530627,1469530630,3
4,1469530630,1469530633,3
4,1469530633,1469530668,35
1,1469530637,1469530643,6
14,1469530642,1469530652,10
1,1469530652,1469530654,2
1,1469530658,1469530667,9
4,1469530668,1469530690,22
1,1469530671,1469530676,5
1,1469530684,1469530688,4
4,1469530691,1469530695,4
10,1469530692,1469530694,2
1,1469530693,1469530701,8
14,1469530701,1469530711,10
1,1469530712,1469530717,5
1,1469530721,1469530730,9
4,1469530730,1469530768,38
1,1469530736,1469530740,4
14,1469530740,1469530747,7
1,1469530747,1469530748,1
1,1469530752,1469530756,4
1,1469530763,1469530765,2
10,1469530769,1469530770,1
4,1469530770,1469530778,8
4,1469530779,1469530781,2
4,1469530782,1469530792,10
1,1469530785,1469530791,6
4,1469530794,1469530808,14
1,1469530802,1469530807,5
4,1469530817,1469530827,10
10,1469530818,1469530819,1
1,1469530821,1469530842,21
14,1469530838,1469530848,10
1,1469530849,1469530852,3
1,1469530855,1469530866,11
4,1469530859,1469530958,99
14,1469530863,1469530871,8
1,1469530872,1469530877,5
1,1469530882,1469530889,7
1,1469530926,1469530934,8
1,1469530939,1469530953,14
14,1469530950,1469530972,22
11,1469530957,1469530964,7
4,1469530959,1469530961,2
4,1469530961,1469530968,7
11,1469530964,1469530967,3
1,1469530965,1469530979,14
11,1469530968,1469530972,4
5,1469530970,1469530972,2
4,1469530972,1469530977,5
4,1469530980,1469531000,20
1,1469530983,1469530986,3
14,1469530986,1469530994,8
1,1469530995,1469531002,7
4,1469531003,1469531042,39
10,1469531006,1469531008,2
1,1469531008,1469531011,3
14,1469531011,1469531018,7
1,1469531039,1469531041,2
4,1469531042,1469531275,233
1,1469531044,1469531047,3
14,1469531047,1469531054,7
1,1469531056,1469531065,9
1,1469531120,1469531131,11
1,1469531150,1469531156,6
1,1469531203,1469531218,15
1,1469531223,1469531267,44
1,1469531272,1469531274,2
4,1469531275,1469531277,2
4,1469531277,1469531279,2
4,1469531279,1469531283,4
4,1469531285,1469531288,3
10,1469531286,1469531287,1
4,1469531289,1469531293,4
4,1469531295,1469531297,2
4,1469531297,1469531299,2
4,1469531300,1469531303,3
4,1469531304,1469531306,2
4,1469531306,1469531309,3
4,1469531309,1469531311,2
4,1469531312,1469531317,5
1,1469531315,1469531317,2
4,1469531317,1469531319,2
4,1469531321,1469531323,2
4,1469531324,1469531326,2
4,1469531326,1469531329,3
4,1469531329,1469531331,2
4,1469531332,1469531337,5
10,1469531333,1469531337,4
4,1469531337,1469531345,8
10,1469531338,1469531345,7
4,1469531345,1469531347,2
4,1469531347,1469531350,3
4,1469531353,1469531358,5
1,1469531355,1469531357,2
1,1469531363,1469531368,5
4,1469531366,1469531369,3
4,1469531369,1469531374,5
10,1469531370,1469531374,4
4,1469531374,1469531377,3
4,1469531377,1469531379,2
10,1469531378,1469531379,1
4,1469531379,1469531382,3
1,1469531380,1469531381,1
4,1469531382,1469531387,5
10,1469531383,1469531384,1
1,1469531385,1469531387,2
4,1469531387,1469531390,3
4,1469531390,1469531499,109
1,1469531394,1469531396,2
1,1469531402,1469531403,1
1,1469531448,1469531455,7
14,1469531451,1469531460,9
1,1469531461,1469531481,20
1,1469531484,1469531487,3
1,1469531491,1469531495,4
14,1469531495,1469531524,29
11,1469531498,1469531505,7
4,1469531500,1469531502,2
4,1469531502,1469531525,23
11,1469531505,1469531524,19
1,1469531505,1469531507,2
1,1469531520,1469531528,8
5,1469531522,1469531524,2
1,1469531532,1469531541,9
4,1469531540,1469531542,2
4,1469531542,1469531546,4
4,1469531546,1469531575,29
1,1469531547,1469531552,5
1,1469531555,1469531557,2
1,1469531563,1469531580,17
4,1469531576,1469531578,2
4,1469531581,1469531584,3
1,1469531587,1469531590,3
14,1469531590,1469531600,10
1,1469531598,1469531616,18
4,1469531614,1469531616,2
4,1469531620,1469531627,7
1,1469531620,1469531632,12
14,1469531630,1469531641,11
1,1469531642,1469531646,4
1,1469531659,1469531682,23
1,1469531733,1469531750,17
1,1469531792,1469531793,1
1,1469531797,1469531820,23
1,1469531864,1469531878,14
1,1469531961,1469531998,37
1,1469532043,1469532051,8
4,1469532053,1469532055,2
4,1469532055,1469532057,2
4,1469532057,1469532060,3
4,1469532060,1469532063,3
4,1469532063,1469532065,2
4,1469532065,1469532128,63
10,1469532066,1469532067,1
1,1469532069,1469532107,38
1,1469532119,1469532122,3
5,1469532128,1469532129,1
11,1469532174,1469532182,8
1,1469532175,1469532182,7
11,1469532182,1469532185,3
11,1469532185,1469532361,176
1,1469532185,1469532188,3
4,1469532186,1469532307,121
1,1469532294,1469532303,9
4,1469532307,1469532312,5
4,1469532312,1469532314,2
4,1469532314,1469532316,2
4,1469532317,1469532320,3
4,1469532320,1469532323,3
4,1469532323,1469532325,2
4,1469532325,1469532328,3
4,1469532328,1469532333,5
1,1469532330,1469532332,2
4,1469532333,1469532336,3
4,1469532336,1469532338,2
4,1469532339,1469532341,2
4,1469532341,1469532343,2
4,1469532343,1469532345,2
4,1469532345,1469532348,3
4,1469532348,1469532351,3
4,1469532351,1469532356,5
4,1469532356,1469532361,5
1,1469532358,1469532365,7
5,1469532359,1469532361,2
4,1469532366,1469532368,2
4,1469532368,1469532370,2
4,1469532370,1469532372,2
4,1469532372,1469532408,36
1,1469532379,1469532381,2
1,1469532407,1469532408,1
4,1469532409,1469532439,30
1,1469532428,1469532444,16
10,1469532441,1469532449,8
1,1469532447,1469532455,8
4,1469532450,1469532453,3
4,1469532456,1469532458,2
4,1469532459,1469532462,3
4,1469532462,1469532471,9
1,1469532469,1469532471,2
4,1469532472,1469532480,8
1,1469532475,1469532479,4
4,1469532481,1469532494,13
10,1469532482,1469532483,1
4,1469532494,1469532535,41
1,1469532506,1469532508,2
1,1469532514,1469532551,37
4,1469532535,1469532544,9
4,1469532545,1469532548,3
4,1469532552,1469532555,3
10,1469532553,1469532555,2
4,1469532555,1469532559,4
10,1469532557,1469532558,1
4,1469532559,1469532562,3
10,1469532562,1469532563,1
4,1469532563,1469532572,9
1,1469532566,1469532571,5
10,1469532571,1469532573,2
4,1469532573,1469532575,2
10,1469532575,1469532578,3
4,1469532577,1469532579,2
1,1469532577,1469532578,1
10,1469532578,1469532579,1
4,1469532580,1469532582,2
4,1469532582,1469532588,6
10,1469532583,1469532585,2
1,1469532584,1469532595,11
4,1469532591,1469532596,5
4,1469532596,1469532599,3
4,1469532599,1469532604,5
4,1469532605,1469532609,4
4,1469532610,1469532614,4
4,1469532615,1469532619,4
4,1469532619,1469532622,3
4,1469532622,1469532625,3
4,1469532625,1469532627,2
4,1469532627,1469532636,9
1,1469532630,1469532635,5
4,1469532636,1469532726,90
1,1469532651,1469532654,3
1,1469532667,1469532701,34
14,1469532675,1469532685,10
1,1469532706,1469532721,15
14,1469532721,1469532782,61
11,1469532724,1469532730,6
4,1469532726,1469532730,4
1,1469532729,1469532733,4
11,1469532730,1469532733,3
11,1469532733,1469532781,48
1,1469532744,1469532748,4
1,1469532757,1469532762,5
4,1469532769,1469532773,4
4,1469532775,1469532777,2
4,1469532777,1469532782,5
1,1469532779,1469532785,6
5,1469532780,1469532781,1
4,1469532785,1469532787,2
4,1469532788,1469532790,2
1,1469532789,1469532793,4
4,1469532791,1469532794,3
4,1469532794,1469532800,6
1,1469532797,1469532824,27
4,1469532807,1469532813,6
4,1469532814,1469532817,3
4,1469532821,1469532826,5
4,1469532826,1469532829,3
1,1469532833,1469532843,10
4,1469532834,1469532862,28
14,1469532841,1469532849,8
1,1469532848,1469532853,5
1,1469532856,1469532861,5
4,1469532865,1469532868,3
4,1469532868,1469532870,2
4,1469532870,1469532873,3
4,1469532879,1469532914,35
1,1469532884,1469532889,5
1,1469532896,1469532898,2
1,1469532904,1469532916,12
4,1469532917,1469532928,11
1,1469532920,1469532929,9
4,1469532929,1469532931,2
4,1469532932,1469532934,2
4,1469532934,1469532940,6
1,1469532939,1469532942,3
4,1469532940,1469532943,3
4,1469532943,1469532945,2
4,1469532945,1469532948,3
1,1469532946,1469532947,1
4,1469532948,1469532950,2
1,1469532952,1469532962,10
14,1469532957,1469532968,11
1,1469532966,1469532980,14
1,1469532992,1469532996,4
1,1469533020,1469533022,2
1,1469533056,1469533083,27
4,1469533074,1469533077,3
4,1469533081,1469533083,2
1,1469533086,1469533092,6
4,1469533087,1469533110,23
14,1469533092,1469533100,8
1,1469533102,1469533109,7
4,1469533111,1469533114,3
4,1469533114,1469533116,2
4,1469533118,1469533121,3
4,1469533121,1469533125,4
4,1469533126,1469533130,4
10,1469533131,1469533133,2
4,1469533133,1469533136,3
4,1469533136,1469533140,4
1,1469533138,1469533144,6
4,1469533140,1469533145,5
10,1469533142,1469533143,1
4,1469533146,1469533162,16
10,1469533147,1469533149,2
4,1469533163,1469533165,2
4,1469533166,1469533168,2
4,1469533168,1469533171,3
4,1469533174,1469533178,4
1,1469533174,1469533182,8
4,1469533180,1469533183,3
4,1469533183,1469533188,5
1,1469533186,1469533194,8
4,1469533188,1469533246,58
14,1469533194,1469533202,8
1,1469533207,1469533210,3
1,1469533226,1469533229,3
1,1469533234,1469533262,28
4,1469533254,1469533261,7
1,1469533266,1469533270,4
14,1469533269,1469533276,7
1,1469533276,1469533300,24
14,1469533300,1469533409,109
11,1469533302,1469533309,7
4,1469533304,1469533306,2
4,1469533306,1469533310,4
11,1469533309,1469533409,100
1,1469533315,1469533318,3
1,1469533376,1469533380,4
4,1469533384,1469533388,4
4,1469533395,1469533397,2
4,1469533397,1469533399,2
4,1469533399,1469533404,5
1,1469533401,1469533410,9
4,1469533405,1469533409,4
5,1469533407,1469533409,2
1,1469533413,1469533416,3
14,1469533416,1469533423,7
1,1469533436,1469533445,9
1,1469533468,1469533475,7
4,1469533469,1469533475,6
4,1469533476,1469533481,5
10,1469533477,1469533480,3
1,1469533478,1469533480,2
10,1469533482,1469533487,5
1,1469533502,1469533516,14
4,1469533513,1469533518,5
1,1469533546,1469533555,9
4,1469533547,1469533552,5
1,1469533565,1469533568,3
4,1469533565,1469533596,31
1,1469533592,1469533607,15
4,1469533596,1469533626,30
14,1469533606,1469533613,7
1,1469533615,1469533619,4
1,1469533622,1469533624,2
4,1469533626,1469533628,2
4,1469533628,1469533631,3
4,1469533631,1469533634,3
4,1469533634,1469533636,2
4,1469533636,1469533638,2
4,1469533638,1469533642,4
4,1469533642,1469533644,2
4,1469533646,1469533650,4
1,1469533648,1469533652,4
4,1469533650,1469533653,3
4,1469533653,1469533659,6
4,1469533659,1469533662,3
1,1469533660,1469533661,1
4,1469533662,1469533668,6
4,1469533668,1469533870,202
1,1469533670,1469533672,2
14,1469533672,1469533679,7
1,1469533682,1469533696,14
1,1469533707,1469533717,10
1,1469533725,1469533727,2
4,1469533871,1469533873,2
4,1469533877,1469533882,5
1,1469533883,1469533884,1
4,1469533885,1469533888,3
4,1469533889,1469533891,2
4,1469533891,1469533897,6
1,1469533894,1469533895,1
4,1469533897,1469533913,16
4,1469533913,1469533973,60
1,1469533966,1469533972,6
4,1469533973,1469533976,3
4,1469533977,1469533980,3
4,1469533980,1469533986,6
4,1469533986,1469533988,2
4,1469533988,1469533991,3
1,1469533990,1469533992,2
1,1469533996,1469534000,4
4,1469534002,1469534006,4
4,1469534006,1469534009,3
4,1469534009,1469534020,11
1,1469534011,1469534020,9
4,1469534021,1469534033,12
4,1469534033,1469534040,7
1,1469534034,1469534058,24
4,1469534046,1469534049,3
4,1469534049,1469534052,3
4,1469534052,1469534055,3
4,1469534059,1469534067,8
4,1469534069,1469534075,6
4,1469534076,1469534078,2
4,1469534078,1469534082,4
4,1469534082,1469534196,114
1,1469534086,1469534089,3
1,1469534140,1469534174,34
14,1469534153,1469534164,11
1,1469534180,1469534183,3
1,1469534186,1469534195,9
4,1469534197,1469534202,5
1,1469534198,1469534202,4
4,1469534202,1469534205,3
4,1469534206,1469534208,2
10,1469534207,1469534208,1
10,1469534208,1469534210,2
4,1469534210,1469534213,3
4,1469534213,1469534216,3
4,1469534217,1469534219,2
4,1469534219,1469534226,7
4,1469534226,1469534233,7
1,1469534232,1469534240,8
4,1469534233,1469534827,594
14,1469534238,1469534245,7
1,1469534246,1469534264,18
1,1469534272,1469534273,1
1,1469534366,1469534370,4
1,1469534382,1469534386,4
1,1469534818,1469534825,7
4,1469534828,1469534833,5
1,1469534829,1469534831,2
4,1469534833,1469534861,28
1,1469534852,1469534883,31
4,1469534862,1469534865,3
4,1469534867,1469534872,5
4,1469534875,1469534881,6
1,1469534892,1469534912,20
4,1469534897,1469534905,8
4,1469534909,1469534912,3
4,1469534915,1469534925,10
4,1469534927,1469534929,2
4,1469534930,1469534933,3
4,1469534933,1469534937,4
4,1469534938,1469534940,2
4,1469534940,1469534944,4
4,1469534944,1469534953,9
1,1469534946,1469534950,4
4,1469534953,1469534956,3
1,1469534954,1469534978,24
4,1469534956,1469534962,6
4,1469534962,1469534965,3
4,1469534966,1469534969,3
4,1469534969,1469534972,3
4,1469534973,1469534976,3
4,1469534977,1469534984,7
4,1469534984,1469534997,13
1,1469534986,1469534995,9
1,1469535001,1469535002,1
4,1469535004,1469535006,2
4,1469535010,1469535027,17
1,1469535012,1469535024,12
4,1469535027,1469535029,2
4,1469535031,1469535033,2
4,1469535033,1469535036,3
4,1469535036,1469535039,3
1,1469535040,1469535048,8
4,1469535046,1469535048,2
4,1469535050,1469535053,3
4,1469535053,1469535055,2
4,1469535055,1469535058,3
4,1469535058,1469535061,3
4,1469535061,1469535065,4
4,1469535066,1469535068,2
4,1469535068,1469535070,2
4,1469535070,1469535073,3
4,1469535073,1469535076,3
4,1469535076,1469535078,2
4,1469535078,1469535080,2
1,1469535085,1469535090,5
4,1469535086,1469535089,3
4,1469535091,1469535093,2
4,1469535098,1469535103,5
4,1469535105,1469535110,5
4,1469535116,1469535118,2
1,1469535119,1469535125,6
4,1469535126,1469535132,6
4,1469535132,1469535137,5
1,1469535135,1469535142,7
4,1469535137,1469535312,175
1,1469535145,1469535147,2
1,1469535309,1469535311,2
4,1469535312,1469535323,11
1,1469535319,1469535327,8
4,1469535329,1469535331,2
1,1469535332,1469535333,1
1,1469535337,1469535351,14
7,1469535338,1469535340,2
7,1469535338,1469535340,2
7,1469535338,1469535340,2
7,1469535338,1469535340,2
7,1469535338,1469535340,2
1,1469535358,1469535373,15
4,1469535366,1469535369,3
4,1469535373,1469535376,3
1,1469535379,1469535381,2
4,1469535382,1469535384,2
4,1469535385,1469535393,8
4,1469535393,1469535395,2
4,1469535395,1469535397,2
4,1469535397,1469535403,6
1,1469535398,1469535424,26
4,1469535404,1469535406,2
4,1469535406,1469535411,5
4,1469535413,1469535418,5
4,1469535420,1469535425,5
1,1469535428,1469535453,25
4,1469535429,1469535445,16
4,1469535453,1469535459,6
4,1469535459,1469535475,16
1,1469535463,1469535476,13
4,1469535490,1469535497,7
1,1469535491,1469535527,36
4,1469535505,1469535509,4
4,1469535509,1469535520,11
1,1469535547,1469535550,3
4,1469535550,1469535553,3
4,1469535555,1469535559,4
1,1469535568,1469535576,8
4,1469535568,1469539320,3752
1,1469535587,1469535591,4
1,1469535622,1469535635,13
1,1469535641,1469535643,2
14,1469535642,1469535646,4
1,1469535648,1469535653,5
1,1469535782,1469535798,16
1,1469535806,1469535811,5
1,1469535903,1469535908,5
1,1469535943,1469535952,9
5,1469535952,1469536033,81
1,1469535955,1469535967,12
1,1469536011,1469536016,5
1,1469536020,1469536023,3
6,1469536031,1469536032,1
1,1469536035,1469536037,2
1,1469536041,1469536042,1
1,1469536048,1469536053,5
1,1469536055,1469536063,8
1,1469536066,1469536075,9
1,1469536082,1469536088,6
5,1469536088,1469536095,7
4,1469536098,1469536100,2
4,1469536100,1469536103,3
4,1469536103,1469536108,5
10,1469536104,1469536105,1
1,1469536105,1469536107,2
4,1469536108,1469536110,2
4,1469536110,1469536112,2
4,1469536112,1469536115,3
10,1469536114,1469536115,1
4,1469536115,1469536118,3
4,1469536118,1469536121,3
4,1469536121,1469536123,2
4,1469536123,1469536125,2
4,1469536125,1469536128,3
4,1469536128,1469536131,3
10,1469536129,1469536131,2
4,1469536131,1469536139,8
1,1469536131,1469536133,2
1,1469536139,1469536142,3
10,1469536139,1469536141,2
4,1469536141,1469536144,3
4,1469536144,1469536146,2
4,1469536146,1469536151,5
4,1469536151,1469536159,8
1,1469536152,1469536164,12
4,1469536160,1469536166,6
4,1469536167,1469536170,3
4,1469536170,1469536173,3
10,1469536171,1469536173,2
4,1469536173,1469536189,16
1,1469536178,1469536188,10
4,1469536190,1469536192,2
4,1469536193,1469536196,3
4,1469536196,1469536220,24
1,1469536198,1469536205,7
1,1469536209,1469536213,4
5,1469536212,1469536216,4
1,1469536217,1469536218,1
4,1469536221,1469536250,29
10,1469536223,1469536226,3
1,1469536226,1469536245,19
5,1469536231,1469536250,19
1,1469536249,1469536262,13
4,1469536255,1469536261,6
4,1469536263,1469536266,3
4,1469536268,1469536270,2
4,1469536270,1469536273,3
4,1469536274,1469536276,2
4,1469536276,1469536278,2
4,1469536278,1469536283,5
4,1469536283,1469536285,2
10,1469536285,1469536287,2
4,1469536287,1469536290,3
4,1469536290,1469536312,22
1,1469536295,1469536297,2
1,1469536300,1469536303,3
1,1469536308,1469536319,11
14,1469536319,1469536325,6
1,1469536325,1469536327,2
1,1469536334,1469536339,5
1,1469536355,1469536361,6
1,1469536370,1469536371,1
1,1469536375,1469536376,1
1,1469536377,1469536401,24
1,1469536405,1469536413,8
1,1469536417,1469536422,5
1,1469536424,1469536429,5
4,1469536430,1469536434,4
1,1469536433,1469536434,1
4,1469536434,1469536436,2
4,1469536437,1469536439,2
4,1469536440,1469536446,6
10,1469536440,1469536442,2
1,1469536443,1469536459,16
5,1469536446,1469536465,19
1,1469536463,1469536475,12
4,1469536466,1469536479,13
10,1469536476,1469536479,3
4,1469536479,1469536482,3
10,1469536479,1469536481,2
10,1469536481,1469536482,1
4,1469536482,1469536487,5
4,1469536489,1469536491,2
4,1469536491,1469536494,3
1,1469536498,1469536506,8
4,1469536507,1469536509,2
4,1469536509,1469536511,2
10,1469536510,1469536511,1
4,1469536511,1469536513,2
10,1469536514,1469536515,1
4,1469536515,1469536517,2
4,1469536517,1469536520,3
4,1469536521,1469536524,3
4,1469536524,1469536526,2
4,1469536526,1469536529,3
4,1469536529,1469536531,2
4,1469536532,1469536575,43
1,1469536535,1469536538,3
14,1469536538,1469536543,5
1,1469536556,1469536565,9
1,1469536568,1469536570,2
1,1469536575,1469536600,25
4,1469536586,1469536602,16
10,1469536601,1469536602,1
4,1469536609,1469536611,2
4,1469536611,1469536613,2
10,1469536611,1469536613,2
4,1469536613,1469536615,2
4,1469536615,1469536619,4
10,1469536617,1469536618,1
4,1469536620,1469536623,3
10,1469536624,1469536625,1
4,1469536625,1469536630,5
10,1469536628,1469536630,2
4,1469536630,1469536643,13
1,1469536632,1469536635,3
14,1469536634,1469536638,4
1,1469536641,1469536642,1
4,1469536643,1469536645,2
4,1469536646,1469536648,2
10,1469536646,1469536648,2
4,1469536648,1469536674,26
1,1469536650,1469536664,14
1,1469536671,1469536673,2
4,1469536675,1469536677,2
4,1469536679,1469536682,3
4,1469536682,1469536685,3
4,1469536685,1469536716,31
1,1469536691,1469536717,26
4,1469536716,1469536718,2
1,1469536721,1469536724,3
14,1469536724,1469536729,5
1,1469536729,1469536731,2
1,1469536743,1469536746,3
4,1469536747,1469536749,2
4,1469536749,1469536751,2
4,1469536752,1469536756,4
4,1469536758,1469536760,2
4,1469536760,1469536762,2
4,1469536764,1469536767,3
1,1469536765,1469536773,8
4,1469536767,1469536774,7
4,1469536774,1469536783,9
1,1469536780,1469536781,1
4,1469536783,1469536785,2
4,1469536786,1469536788,2
4,1469536788,1469536790,2
1,1469536791,1469536795,4
4,1469536793,1469536828,35
1,1469536802,1469536807,5
1,1469536810,1469536819,9
1,1469536824,1469536830,6
4,1469536828,1469536830,2
4,1469536831,1469536833,2
10,1469536832,1469536833,1
4,1469536833,1469536836,3
1,1469536837,1469536838,1
4,1469536839,1469536841,2
4,1469536841,1469536843,2
4,1469536843,1469536846,3
4,1469536846,1469536850,4
1,1469536848,1469536853,5
4,1469536854,1469536857,3
4,1469536858,1469536860,2
4,1469536860,1469536864,4
1,1469536861,1469536866,5
4,1469536864,1469536867,3
4,1469536867,1469536872,5
10,1469536869,1469536871,2
1,1469536870,1469536871,1
4,1469536872,1469536874,2
4,1469536874,1469536882,8
10,1469536874,1469536877,3
1,1469536881,1469536889,8
14,1469536887,1469536892,5
1,1469536892,1469536902,10
4,1469536900,1469539229,2329
1,1469536911,1469536913,2
1,1469536961,1469536963,2
1,1469539192,1469539204,12
1,1469539208,1469539223,15
1,1469539226,1469539247,21
4,1469539229,1469539236,7
4,1469539244,1469539247,3
4,1469539248,1469539314,66
1,1469539251,1469539254,3
1,1469539257,1469539262,5
1,1469539266,1469539268,2
1,1469539274,1469539291,17
1,1469539340,1469539342,2
6,1469539348,1469539349,1
1,1469539350,1469539359,9
4,1469539373,1469539396,23
1,1469539375,1469539396,21
4,1469539396,1469539399,3
4,1469539399,1469539404,5
1,1469539402,1469539403,1
4,1469539406,1469539415,9
1,1469539407,1469539410,3
4,1469539415,1469539436,21
1,1469539416,1469539428,12
1,1469539435,1469539440,5
4,1469539436,1469539447,11
1,1469539443,1469539446,3
4,1469539447,1469539449,2
4,1469539450,1469539452,2
4,1469539453,1469539455,2
4,1469539455,1469539458,3
4,1469539458,1469539461,3
4,1469539463,1469539473,10
4,1469539473,1469539477,4
1,1469539474,1469539477,3
4,1469539477,1469539483,6
1,1469539480,1469539482,2
4,1469539483,1469539516,33
1,1469539486,1469539503,17
14,1469539503,1469539507,4
1,1469539508,1469539521,13
4,1469539522,1469539524,2
4,1469539524,1469539583,59
1,1469539525,1469539533,8
14,1469539527,1469539532,5
1,1469539541,1469539546,5
1,1469539550,1469539556,6
1,1469539562,1469539581,19
4,1469539583,1469539590,7
1,1469539584,1469539587,3
4,1469539590,1469539602,12
1,1469539592,1469539593,1
1,1469539598,1469539600,2
4,1469539603,1469539610,7
1,1469539607,1469539610,3
4,1469539612,1469539617,5
1,1469539614,1469539616,2
4,1469539617,1469539622,5
4,1469539623,1469539626,3
4,1469539626,1469539631,5
1,1469539628,1469539629,1
4,1469539632,1469539637,5
4,1469539637,1469539639,2
4,1469539640,1469539642,2
4,1469539642,1469539645,3
4,1469539645,1469539647,2
4,1469539647,1469539651,4
4,1469539651,1469539653,2
4,1469539653,1469539655,2
4,1469539657,1469539660,3
1,1469539658,1469539660,2
4,1469539662,1469539666,4
4,1469539666,1469539672,6
1,1469539666,1469539671,5
4,1469539672,1469539674,2
4,1469539674,1469539676,2
4,1469539676,1469539679,3
4,1469539679,1469539681,2
4,1469539682,1469539733,51
1,1469539688,1469539697,9
1,1469539700,1469539705,5
1,1469539717,1469539732,15
4,1469539734,1469539737,3
10,1469539735,1469539737,2
4,1469539737,1469539807,70
1,1469539738,1469539775,37
1,1469539779,1469539795,16
1,1469539800,1469539805,5
4,1469539812,1469539814,2
4,1469539814,1469539816,2
4,1469539818,1469539822,4
1,1469539820,1469539822,2
4,1469539822,1469539825,3
10,1469539825,1469539826,1
1,1469539826,1469539836,10
1,1469539849,1469539851,2
10,1469539854,1469539893,39
1,1469539906,1469539915,9
1,1469539947,1469539950,3
10,1469539951,1469539954,3
4,1469539954,1469540975,1021
1,1469539955,1469539960,5
1,1469539971,1469539985,14
1,1469540011,1469540020,9
1,1469540121,1469540124,3
1,1469540972,1469541010,38
14,1469540980,1469540985,5
14,1469541004,1469541006,2
1,1469541038,1469541039,1
1,1469541059,1469541062,3
1,1469541065,1469541111,46
4,1469541081,1469541089,8
4,1469541099,1469541112,13
4,1469541112,1469541114,2
4,1469541114,1469541121,7
1,1469541119,1469541121,2
10,1469541122,1469541123,1
4,1469541123,1469541126,3
10,1469541125,1469541126,1
4,1469541126,1469541144,18
1,1469541128,1469541137,9
14,1469541129,1469541133,4
1,1469541141,1469541155,14
14,1469541147,1469541151,4
1,1469541162,1469541163,1
1,1469541171,1469541173,2
1,1469541181,1469541191,10
1,1469541196,1469541199,3
1,1469541328,1469541332,4
1,1469541462,1469541464,2
1,1469541474,1469541478,4
1,1469541568,1469541571,3
4,1469541572,1469541576,4
4,1469541576,1469541578,2
10,1469541576,1469541577,1
4,1469541579,1469541587,8
10,1469541579,1469541587,8
10,1469541587,1469541594,7
1,1469541590,1469541592,2
4,1469541594,1469541604,10
10,1469541594,1469541604,10
1,1469541596,1469541598,2
1,1469541602,1469541603,1
4,1469541604,1469541608,4
4,1469541608,1469541612,4
10,1469541610,1469541612,2
10,1469541612,1469541614,2
4,1469541613,1469541626,13
10,1469541614,1469541626,12
1,1469541617,1469541626,9
4,1469541626,1469541631,5
10,1469541627,1469541631,4
10,1469541631,1469541632,1
4,1469541632,1469541635,3
4,1469541636,1469541649,13
10,1469541637,1469541647,10
1,1469541638,1469541640,2
1,1469541644,1469541648,4
4,1469541649,1469541651,2
4,1469541651,1469541657,6
1,1469541655,1469541656,1
4,1469541658,1469541666,8
1,1469541664,1469541665,1
4,1469541666,1469541670,4
10,1469541670,1469541682,12
1,1469541672,1469541676,4
1,1469541680,1469541682,2
4,1469541682,1469541693,11
1,1469541690,1469541692,2
1,1469542010,1469542012,2
1,1469563867,1469563878,11
1,1469563935,1469563937,2
1,1469564227,1469564228,1
4,1469564291,1469564344,53
6,1469564299,1469564300,1
1,1469564302,1469564309,7
1,1469564323,1469564328,5
1,1469564334,1469564335,1
4,1469564344,1469564347,3
4,1469564350,1469608436,44086
1,1469564352,1469564362,10
1,1469608431,1469608435,4
4,1469608438,1469608448,10
5,1469608439,1469608440,1
1,1469608441,1469608454,13
4,1469608448,1469608506,58
1,1469608466,1469608467,1
1,1469608500,1469608529,29
4,1469608511,1469608518,7
4,1469608524,1469608530,6
4,1469608538,1469608572,34
1,1469608542,1469608544,2
1,1469608559,1469608565,6
4,1469608572,1469608913,341
1,1469608574,1469608577,3
1,1469608584,1469608585,1
1,1469608887,1469608892,5
1,1469608907,1469608916,9
4,1469608914,1469608917,3
4,1469608919,1469608922,3
4,1469608922,1469608924,2
4,1469608924,1469608934,10
4,1469608934,1469608937,3
4,1469608937,1469608957,20
1,1469608943,1469608946,3
4,1469608958,1469608962,4
4,1469608963,1469608972,9
1,1469608964,1469608975,11
4,1469608975,1469608980,5
4,1469608980,1469608986,6
1,1469608981,1469608984,3
4,1469608989,1469609010,21
4,1469609010,1469609016,6
1,1469609012,1469609014,2
4,1469609016,1469609020,4
4,1469609022,1469609025,3
4,1469609029,1469609031,2
4,1469609038,1469609045,7
1,1469609041,1469609043,2
4,1469609056,1469609062,6
1,1469609058,1469609060,2
4,1469609062,1469609065,3
4,1469609065,1469609072,7
4,1469609072,1469609123,51
1,1469609074,1469609075,1
1,1469609079,1469609080,1
1,1469609102,1469609105,3
1,1469609116,1469609122,6
1,1469609125,1469609138,13
4,1469609128,1469609140,12
1,1469609142,1469609148,6
1,1469609151,1469609194,43
4,1469609155,1469609163,8
4,1469609171,1469609178,7
4,1469609186,1469609193,7
1,1469609198,1469609204,6
1,1469609208,1469609214,6
4,1469609215,1469609217,2
4,1469609218,1469609220,2
4,1469609220,1469609235,15
10,1469609222,1469609235,13
4,1469609236,1469609239,3
10,1469609239,1469609242,3
4,1469609243,1469609246,3
4,1469609246,1469609249,3
1,1469609247,1469609249,2
4,1469609250,1469609363,113
10,1469609251,1469609255,4
1,1469609258,1469609269,11
10,1469609271,1469609273,2
1,1469609274,1469609296,22
1,1469609348,1469609361,13
4,1469609365,1469609368,3
4,1469609368,1469609377,9
4,1469609377,1469609379,2
4,1469609380,1469609382,2
4,1469609383,1469609395,12
4,1469609397,1469609408,11
1,1469609402,1469609411,9
4,1469609408,1469609416,8
4,1469609416,1469609427,11
4,1469609427,1469609430,3
4,1469609430,1469609446,16
1,1469609441,1469609448,7
4,1469609446,1469609448,2
4,1469609449,1469609509,60
1,1469609451,1469609455,4
1,1469609503,1469609505,2
4,1469609509,1469609513,4
4,1469609513,1469609519,6
4,1469609519,1469609522,3
4,1469609525,1469609527,2
4,1469609527,1469609533,6
1,1469609537,1469609539,2
1,1469609552,1469609554,2
4,1469609555,1469609560,5
1,1469609558,1469609559,1
4,1469609560,1469609574,14
1,1469609562,1469609571,9
4,1469609574,1469609579,5
1,1469609574,1469609578,4
4,1469609582,1469609592,10
1,1469609584,1469609588,4
4,1469609592,1469617207,7615
1,1469609656,1469609666,10
10,1469609666,1469609675,9
1,1469609675,1469609677,2
1,1469617200,1469617206,6
4,1469617207,1469617214,7
1,1469617210,1469617246,36
4,1469617216,1469617222,6
4,1469617225,1469617229,4
4,1469617234,1469617236,2
4,1469617237,1469617240,3
4,1469617241,1469617243,2
4,1469617245,1469617247,2
4,1469617258,1469617261,3
1,1469617259,1469617261,2
4,1469617261,1469617267,6
4,1469617270,1469617273,3
4,1469617275,1469617286,11
1,1469617282,1469617299,17
4,1469617286,1469617290,4
4,1469617295,1469617304,9
1,1469617306,1469617317,11
4,1469617309,1469617351,42
1,1469617346,1469617350,4
4,1469617352,1469617394,42
1,1469617388,1469617389,1
1,1469617392,1469617402,10
4,1469617394,1469647362,29968
1,1469647229,1469647261,32
1,1469647266,1469647269,3
1,1469647272,1469647308,36
1,1469647321,1469647323,2
1,1469647333,1469647341,8
10,1469647336,1469647350,14
1,1469647344,1469647397,53
1,1469647417,1469647420,3
1,1469647435,1469647438,3
1,1469647444,1469647445,1
1,1469647451,1469647457,6
1,1469647479,1469647492,13
1,1469647496,1469647499,3
1,1469647522,1469647534,12
4,1469647530,1469647557,27
1,1469647554,1469647561,7
4,1469647561,1469647625,64
10,1469647562,1469647624,62
1,1469647622,1469647625,3
4,1469647626,1469647630,4
4,1469647630,1469647634,4
4,1469647636,1469647640,4
4,1469647643,1469647647,4
1,1469647645,1469647646,1
4,1469647648,1469647744,96
1,1469647740,1469647754,14
4,1469647744,1469647748,4
4,1469647748,1469647753,5
1,1469647770,1469647781,11
4,1469647775,1469647781,6
4,1469647782,1469647784,2
4,1469647784,1469647786,2
10,1469647784,1469647786,2
4,1469647786,1469647790,4
10,1469647787,1469647790,3
4,1469647790,1469647792,2
10,1469647791,1469647792,1
10,1469647792,1469647794,2
1,1469647794,1469647807,13
4,1469647808,1469647812,4
10,1469647809,1469647812,3
4,1469647813,1469647815,2
10,1469647813,1469647815,2
4,1469647815,1469647817,2
4,1469647818,1469647877,59
10,1469647819,1469647820,1
1,1469647832,1469647839,7
14,1469647838,1469648093,255
11,1469647877,1469647965,88
4,1469647879,1469647881,2
4,1469647881,1469647883,2
4,1469647884,1469647886,2
4,1469647886,1469647888,2
4,1469647889,1469647897,8
4,1469647898,1469647900,2
4,1469647900,1469647903,3
4,1469647903,1469647905,2
4,1469647905,1469647908,3
4,1469647908,1469647910,2
4,1469647910,1469647913,3
4,1469647913,1469647915,2
4,1469647930,1469647933,3
4,1469647934,1469647938,4
4,1469647938,1469647942,4
4,1469647944,1469647946,2
4,1469647946,1469647948,2
4,1469647949,1469647951,2
4,1469647951,1469647953,2
4,1469647953,1469647956,3
4,1469647956,1469647958,2
4,1469647959,1469647961,2
4,1469647961,1469647966,5
11,1469647965,1469647973,8
1,1469647967,1469648022,55
11,1469647974,1469647979,5
4,1469647979,1469647998,19
11,1469647979,1469647984,5
11,1469647985,1469648093,108
1,1469648041,1469648049,8
1,1469648059,1469648067,8
1,1469648081,1469648085,4
1,1469648089,1469648122,33
5,1469648091,1469648093,2
4,1469648093,1469648099,6
4,1469648099,1469648103,4
10,1469648103,1469648104,1
1,1469648143,1469648166,23
4,1469648153,1469648212,59
1,1469648177,1469648191,14
1,1469648197,1469648198,1
1,1469648201,1469648211,10
1,1469648215,1469648240,25
4,1469648228,1469648232,4
10,1469648236,1469648237,1
1,1469648252,1469648276,24
4,1469648254,1469648268,14
4,1469648272,1469648332,60
10,1469648275,1469648308,33
1,1469648308,1469648331,23
10,1469648309,1469648310,1
4,1469648332,1469648338,6
10,1469648334,1469648336,2
1,1469648335,1469648337,2
4,1469648338,1469648343,5
4,1469648343,1469648354,11
1,1469648349,1469648354,5
4,1469648355,1469648367,12
1,1469648357,1469648388,31
4,1469648368,1469648402,34
1,1469648391,1469648416,25
4,1469648402,1469648405,3
4,1469648411,1469648415,4
4,1469648423,1469648428,5
1,1469648426,1469648427,1
4,1469648428,1469648431,3
4,1469648431,1469648433,2
4,1469648433,1469648436,3
4,1469648439,1469648444,5
1,1469648440,1469648450,10
4,1469648448,1469648451,3
4,1469648451,1469648453,2
4,1469648453,1469648460,7
10,1469648454,1469648456,2
10,1469648457,1469648459,2
4,1469648463,1469648465,2
4,1469648465,1469648467,2
4,1469648467,1469648470,3
4,1469648471,1469648473,2
4,1469648473,1469648476,3
4,1469648477,1469648479,2
4,1469648479,1469648481,2
4,1469648481,1469648486,5
1,1469648487,1469648496,9
4,1469648498,1469648500,2
10,1469648499,1469648500,1
4,1469648500,1469648502,2
4,1469648504,1469648518,14
10,1469648505,1469648506,1
1,1469648507,1469648511,4
1,1469648516,1469648518,2
4,1469648519,1469648524,5
10,1469648520,1469648522,2
1,1469648526,1469648528,2
4,1469648528,1469648550,22
10,1469648531,1469648533,2
1,1469648533,1469648538,5
1,1469648547,1469648549,2
4,1469648550,1469648554,4
10,1469648551,1469648555,4
10,1469648555,1469648582,27
4,1469648582,1469648590,8
1,1469648584,1469648591,7
4,1469648590,1469648601,11
10,1469648593,1469648601,8
4,1469648601,1469648612,11
1,1469648603,1469648611,8
4,1469648612,1469648620,8
1,1469648614,1469648616,2
4,1469648620,1469648622,2
10,1469648621,1469648622,1
4,1469648622,1469648626,4
4,1469648626,1469648629,3
1,1469648627,1469648628,1
4,1469648629,1469648631,2
10,1469648630,1469648631,1
4,1469648631,1469648634,3
4,1469648634,1469648638,4
10,1469648636,1469648638,2
4,1469648638,1469648646,8
1,1469648639,1469648642,3
4,1469648646,1469648649,3
10,1469648646,1469648648,2
10,1469648648,1469648649,1
4,1469648649,1469648653,4
4,1469648653,1469648658,5
4,1469648658,1469648663,5
4,1469648669,1469648672,3
4,1469648672,1469648675,3
4,1469648675,1469648678,3
4,1469648678,1469648681,3
4,1469648681,1469648689,8
1,1469648685,1469648688,3
4,1469648689,1469648691,2
4,1469648692,1469648695,3
4,1469648695,1469648699,4
4,1469648699,1469648717,18
1,1469648701,1469648702,1
1,1469648711,1469648714,3
4,1469648721,1469648725,4
10,1469648722,1469648725,3
4,1469648725,1469648727,2
4,1469648727,1469648734,7
4,1469648734,1469648736,2
4,1469648736,1469648742,6
10,1469648737,1469648742,5
4,1469648742,1469648745,3
10,1469648743,1469648745,2
4,1469648745,1469648748,3
4,1469648748,1469648755,7
10,1469648749,1469648754,5
4,1469648756,1469648758,2
10,1469648756,1469648758,2
1,1469648760,1469648762,2
4,1469648763,1469648775,12
1,1469648767,1469648787,20
4,1469648780,1469648785,5
4,1469648788,1469648790,2
4,1469648790,1469648794,4
10,1469648791,1469648795,4
4,1469648794,1469648797,3
4,1469648797,1469648802,5
10,1469648799,1469648801,2
4,1469648802,1469648804,2
4,1469648804,1469648806,2
4,1469648807,1469648820,13
1,1469648809,1469648813,4
1,1469648817,1469648818,1
4,1469648820,1469648823,3
10,1469648822,1469648823,1
4,1469648823,1469648825,2
4,1469648825,1469648830,5
10,1469648826,1469648827,1
1,1469648827,1469648829,2
1,1469648832,1469648833,1
4,1469648836,1469648838,2
4,1469648838,1469648847,9
1,1469648841,1469648846,5
1,1469648852,1469648855,3
1,1469648883,1469648892,9
14,1469648891,1469648935,44
1,1469649023,1469649027,4
1,1469649031,1469649041,10
1,1469649055,1469649077,22
4,1469649063,1469649077,14
4,1469649079,1469649082,3
10,1469649080,1469649082,2
4,1469649082,1469649085,3
4,1469649085,1469649089,4
1,1469649087,1469649092,5
4,1469649090,1469649100,10
4,1469649100,1469649115,15
1,1469649102,1469649112,10
4,1469649115,1469649117,2
4,1469649117,1469649122,5
4,1469649122,1469649128,6
10,1469649123,1469649128,5
4,1469649128,1469649130,2
4,1469649130,1469649143,13
10,1469649131,1469649133,2
1,1469649133,1469649145,12
4,1469649146,1469649149,3
4,1469649149,1469649152,3
4,1469649153,1469649162,9
1,1469649159,1469649167,8
4,1469649164,1469649168,4
4,1469649168,1469649171,3
4,1469649171,1469649177,6
1,1469649174,1469649180,6
4,1469649177,1469649180,3
4,1469649180,1469649189,9
1,1469649186,1469649189,3
4,1469649190,1469649218,28
1,1469649192,1469649197,5
4,1469649218,1469649223,5
1,1469649220,1469649221,1
4,1469649223,1469649234,11
1,1469649225,1469649246,21
4,1469649246,1469649255,9
1,1469649250,1469649254,4
1,1469649265,1469649271,6
4,1469649267,1469649272,5
4,1469649272,1469649274,2
4,1469649275,1469649278,3
4,1469649283,1469649286,3
1,1469649284,1469649285,1
4,1469649286,1469649289,3
1,1469649290,1469649293,3
4,1469649293,1469649302,9
4,1469649303,1469649305,2
4,1469649305,1469649309,4
4,1469649309,1469649324,15
4,1469649324,1469649376,52
1,1469649370,1469649372,2
4,1469649377,1469649381,4
1,1469649378,1469649379,1
4,1469649381,1469649390,9
1,1469649385,1469649389,4
4,1469649390,1469649407,17
1,1469649392,1469649397,5
4,1469649407,1469649417,10
1,1469649409,1469649421,12
4,1469649421,1469649443,22
1,1469649424,1469649432,8
1,1469649435,1469649445,10
4,1469649443,1469649446,3
1,1469649450,1469649456,6
1,1469649478,1469649499,21
4,1469649496,1469649500,4
4,1469649500,1469649503,3
4,1469649503,1469649505,2
4,1469649505,1469649530,25
1,1469649511,1469649512,1
1,1469649523,1469649529,6
4,1469649530,1469649533,3
4,1469649533,1469649538,5
10,1469649534,1469649538,4
4,1469649538,1469649547,9
10,1469649540,1469649547,7
4,1469649547,1469649550,3
4,1469649550,1469649558,8
10,1469649550,1469649553,3
1,1469649552,1469649574,22
4,1469649558,1469649561,3
1,1469649579,1469649602,23
4,1469649588,1469649617,29
1,1469649605,1469649613,8
4,1469649617,1469649620,3
10,1469649617,1469649620,3
4,1469649620,1469649628,8
10,1469649620,1469649626,6
1,1469649621,1469649628,7
4,1469649629,1469649631,2
4,1469649631,1469649633,2
4,1469649633,1469649635,2
4,1469649636,1469649638,2
4,1469649638,1469649649,11
10,1469649639,1469649647,8
1,1469649640,1469649642,2
1,1469649645,1469649648,3
4,1469649649,1469649674,25
10,1469649651,1469649666,15
1,1469649654,1469649659,5
1,1469649663,1469649669,6
4,1469649674,1469649682,8
1,1469649677,1469649679,2
4,1469649683,1469649687,4
10,1469649684,1469649687,3
4,1469649687,1469649690,3
10,1469649687,1469649690,3
4,1469649691,1469649695,4
4,1469649696,1469649699,3
10,1469649698,1469649699,1
4,1469649700,1469649702,2
4,1469649702,1469649704,2
4,1469649705,1469649708,3
10,1469649705,1469649708,3
4,1469649711,1469649715,4
4,1469649717,1469649720,3
4,1469649720,1469649724,4
4,1469649725,1469649729,4
4,1469649730,1469649735,5
10,1469649731,1469649735,4
4,1469649735,1469649741,6
4,1469649741,1469649747,6
1,1469649744,1469649746,2
4,1469649747,1469649749,2
4,1469649749,1469649753,4
4,1469649753,1469649762,9
1,1469649754,1469649755,1
4,1469649762,1469649772,10
1,1469649764,1469649772,8
4,1469649772,1469649777,5
10,1469649777,1469649778,1
4,1469649780,1469649784,4
1,1469649782,1469649789,7
4,1469649784,1469649789,5
4,1469649790,1469649793,3
10,1469649790,1469649793,3
4,1469649793,1469649795,2
4,1469649795,1469649799,4
10,1469649797,1469649800,3
4,1469649800,1469649805,5
10,1469649802,1469649805,3
4,1469649806,1469649809,3
10,1469649806,1469649807,1
4,1469649811,1469649815,4
1,1469649812,1469649814,2
4,1469649816,1469649822,6
4,1469649822,1469649826,4
10,1469649824,1469649826,2
4,1469649826,1469649842,16
10,1469649826,1469649842,16
4,1469649842,1469649844,2
4,1469649844,1469649846,2
4,1469649846,1469649852,6
1,1469649849,1469649855,6
14,1469649855,1469649900,45
1,1469649900,1469649915,15
1,1469649921,1469649928,7
1,1469649934,1469649941,7
1,1469649950,1469649965,15
1,1469649972,1469649977,5
4,1469649977,1469649980,3
4,1469649981,1469649994,13
1,1469649989,1469650011,22
4,1469649994,1469650030,36
1,1469650020,1469650051,31
4,1469650053,1469650060,7
1,1469650055,1469650071,16
4,1469650072,1469650077,5
1,1469650074,1469650076,2
4,1469650077,1469650094,17
1,1469650092,1469650098,6
4,1469650094,1469650096,2
4,1469650099,1469650104,5
1,1469650102,1469650104,2
4,1469650104,1469650107,3
4,1469650107,1469650135,28
1,1469650135,1469650140,5
14,1469650139,1469650184,45
1,1469650149,1469650157,8
1,1469650161,1469650162,1
1,1469650186,1469650205,19
1,1469650212,1469650235,23
1,1469650240,1469650243,3
4,1469650248,1469650251,3
4,1469650253,1469650267,14
1,1469650258,1469650262,4
4,1469650268,1469650271,3
4,1469650272,1469650284,12
1,1469650276,1469650281,5
4,1469650284,1469650288,4
1,1469650286,1469650288,2
4,1469650289,1469650292,3
10,1469650290,1469650292,2
4,1469650293,1469650302,9
10,1469650293,1469650295,2
4,1469650302,1469650307,5
1,1469650303,1469650304,1
1,1469650308,1469650316,8
14,1469650316,1469650359,43
1,1469650360,1469650369,9
1,1469650378,1469650387,9
1,1469650391,1469650394,3
1,1469650400,1469650410,10
4,1469650414,1469650421,7
4,1469650421,1469650510,89
1,1469650423,1469650425,2
14,1469650425,1469650468,43
1,1469650432,1469650433,1
1,1469650469,1469650479,10
1,1469650500,1469650508,8
10,1469650511,1469650512,1
4,1469650513,1469650726,213
1,1469650525,1469650538,13
1,1469650541,1469650547,6
1,1469650569,1469650576,7
14,1469650574,1469650605,31
1,1469650579,1469650582,3
1,1469650607,1469650610,3
1,1469650617,1469650619,2
1,1469650623,1469650639,16
1,1469650647,1469650683,36
1,1469650687,1469650689,2
1,1469650693,1469650698,5
1,1469650704,1469650721,17
14,1469650721,1469650795,74
11,1469650725,1469650795,70
1,1469650725,1469650729,4
4,1469650727,1469650729,2
4,1469650730,1469650732,2
4,1469650733,1469650736,3
4,1469650736,1469650738,2
4,1469650739,1469650741,2
4,1469650741,1469650743,2
4,1469650743,1469650745,2
4,1469650746,1469650748,2
4,1469650749,1469650751,2
4,1469650751,1469650755,4
4,1469650755,1469650757,2
4,1469650758,1469650760,2
4,1469650760,1469650764,4
4,1469650764,1469650766,2
4,1469650766,1469650768,2
1,1469650767,1469650770,3
4,1469650769,1469650771,2
4,1469650771,1469650773,2
4,1469650774,1469650776,2
4,1469650776,1469650778,2
4,1469650779,1469650781,2
4,1469650781,1469650783,2
4,1469650783,1469650786,3
1,1469650785,1469650799,14
4,1469650786,1469650788,2
4,1469650788,1469650790,2
4,1469650791,1469650793,2
4,1469650793,1469650796,3
5,1469650793,1469650795,2
1,1469650807,1469650837,30
1,1469650842,1469650852,10
1,1469650888,1469650913,25
14,1469650896,1469651805,909
11,1469650936,1469651006,70
4,1469650937,1469650939,2
4,1469650940,1469650942,2
4,1469650942,1469650944,2
4,1469650945,1469650948,3
4,1469650948,1469650956,8
4,1469650957,1469650959,2
4,1469650960,1469650962,2
4,1469650962,1469650964,2
4,1469650965,1469650967,2
4,1469650968,1469650970,2
4,1469650970,1469650972,2
4,1469650972,1469650974,2
4,1469650975,1469650977,2
4,1469650977,1469650980,3
4,1469650980,1469650982,2
4,1469650982,1469650986,4
4,1469650986,1469650988,2
4,1469650988,1469650990,2
4,1469650991,1469650993,2
4,1469650993,1469650995,2
4,1469650995,1469650998,3
4,1469650998,1469651000,2
4,1469651000,1469651003,3
4,1469651003,1469651006,3
11,1469651006,1469651028,22
1,1469651017,1469651018,1
1,1469651026,1469651076,50
11,1469651028,1469651037,9
4,1469651028,1469651092,64
11,1469651038,1469651040,2
11,1469651041,1469651043,2
11,1469651043,1469651046,3
11,1469651046,1469651050,4
11,1469651050,1469651058,8
11,1469651059,1469651060,1
11,1469651062,1469651065,3
11,1469651065,1469651092,27
1,1469651089,1469651096,7
11,1469651092,1469651103,11
1,1469651101,1469651109,8
11,1469651103,1469651109,6
11,1469651109,1469651118,9
1,1469651114,1469651149,35
11,1469651118,1469651119,1
11,1469651120,1469651121,1
11,1469651121,1469651123,2
4,1469651123,1469651150,27
11,1469651125,1469651127,2
11,1469651128,1469651129,1
11,1469651130,1469651131,1
11,1469651132,1469651135,3
11,1469651135,1469651137,2
11,1469651138,1469651143,5
11,1469651143,1469651149,6
11,1469651149,1469651209,60
4,1469651152,1469651155,3
4,1469651155,1469651157,2
1,1469651156,1469651157,1
4,1469651157,1469651159,2
4,1469651160,1469651162,2
4,1469651162,1469651164,2
4,1469651164,1469651167,3
4,1469651167,1469651169,2
1,1469651169,1469651171,2
4,1469651170,1469651172,2
4,1469651172,1469651174,2
4,1469651174,1469651176,2
1,1469651175,1469651179,4
4,1469651177,1469651179,2
4,1469651179,1469651181,2
4,1469651181,1469651184,3
4,1469651184,1469651186,2
1,1469651184,1469651205,21
4,1469651186,1469651189,3
4,1469651189,1469651191,2
4,1469651191,1469651194,3
4,1469651194,1469651196,2
4,1469651196,1469651199,3
4,1469651199,1469651201,2
4,1469651201,1469651203,2
4,1469651203,1469651206,3
4,1469651206,1469651208,2
11,1469651209,1469651264,55
4,1469651209,1469651264,55
1,1469651212,1469651214,2
1,1469651217,1469651230,13
1,1469651236,1469651241,5
1,1469651252,1469651253,1
1,1469651260,1469651264,4
11,1469651264,1469651315,51
4,1469651265,1469651267,2
1,1469651267,1469651299,32
4,1469651267,1469651269,2
4,1469651270,1469651272,2
4,1469651272,1469651274,2
4,1469651275,1469651277,2
4,1469651277,1469651279,2
4,1469651279,1469651282,3
4,1469651282,1469651284,2
4,1469651284,1469651287,3
4,1469651287,1469651289,2
4,1469651290,1469651292,2
4,1469651292,1469651294,2
4,1469651295,1469651297,2
4,1469651297,1469651299,2
4,1469651299,1469651301,2
4,1469651302,1469651304,2
4,1469651304,1469651306,2
1,1469651306,1469651325,19
4,1469651306,1469651309,3
4,1469651309,1469651311,2
4,1469651311,1469651315,4
11,1469651315,1469651322,7
11,1469651322,1469651324,2
11,1469651325,1469651332,7
4,1469651325,1469651338,13
1,1469651328,1469651378,50
11,1469651335,1469651336,1
11,1469651337,1469651366,29
11,1469651366,1469651373,7
4,1469651366,1469651396,30
11,1469651374,1469651396,22
1,1469651381,1469651384,3
1,1469651388,1469651397,9
11,1469651396,1469651427,31
1,1469651401,1469651408,7
1,1469651411,1469651479,68
11,1469651427,1469651438,11
11,1469651439,1469651510,71
1,1469651485,1469651486,1
1,1469651499,1469651502,3
1,1469651507,1469651512,5
11,1469651510,1469651512,2
4,1469651511,1469651587,76
11,1469651512,1469651516,4
1,1469651516,1469651518,2
11,1469651516,1469651518,2
11,1469651518,1469651533,15
1,1469651527,1469651538,11
11,1469651533,1469651535,2
11,1469651535,1469651545,10
1,1469651542,1469651554,12
11,1469651545,1469651547,2
11,1469651547,1469651587,40
1,1469651562,1469651568,6
1,1469651572,1469651591,19
11,1469651587,1469651588,1
11,1469651588,1469651631,43
1,1469651597,1469651602,5
1,1469651610,1469651619,9
1,1469651623,1469651639,16
11,1469651631,1469651636,5
4,1469651632,1469651694,62
11,1469651637,1469651639,2
11,1469651639,1469651651,12
1,1469651642,1469651650,8
11,1469651651,1469651654,3
11,1469651656,1469651659,3
11,1469651659,1469651667,8
1,1469651667,1469651668,1
11,1469651669,1469651675,6
1,1469651675,1469651698,23
11,1469651677,1469651680,3
11,1469651680,1469651686,6
11,1469651686,1469651693,7
11,1469651693,1469651696,3
11,1469651697,1469651698,1
11,1469651698,1469651703,5
1,1469651703,1469651728,25
11,1469651703,1469651705,2
11,1469651705,1469651707,2
11,1469651707,1469651713,6
11,1469651713,1469651805,92
1,1469651750,1469651752,2
1,1469651769,1469651778,9
1,1469651784,1469651811,27
5,1469651802,1469651805,3
4,1469651805,1469651815,10
4,1469651815,1469651824,9
1,1469651817,1469651820,3
4,1469651824,1469651826,2
4,1469651826,1469651828,2
4,1469651828,1469652227,399
1,1469651831,1469651835,4
1,1469651843,1469651845,2
1,1469651854,1469651985,131
1,1469651989,1469651994,5
1,1469651997,1469652014,17
1,1469652154,1469652184,30
1,1469652189,1469652190,1
1,1469652195,1469652201,6
1,1469652205,1469652229,24
4,1469652228,1469652231,3
4,1469652231,1469652233,2
4,1469652233,1469652236,3
4,1469652236,1469652354,118
1,1469652239,1469652242,3
1,1469652327,1469652336,9
1,1469652340,1469652341,1
1,1469652346,1469652358,12
4,1469652354,1469652359,5
4,1469652359,1469652364,5
1,1469652361,1469652368,7
4,1469652364,1469652368,4
4,1469652369,1469652371,2
4,1469652372,1469652377,5
1,1469652374,1469652376,2
4,1469652377,1469652380,3
4,1469652381,1469652392,11
1,1469652388,1469652390,2
4,1469652392,1469652398,6
10,1469652394,1469652397,3
1,1469652395,1469652398,3
4,1469652399,1469652401,2
4,1469652401,1469652404,3
4,1469652405,1469652409,4
4,1469652415,1469652417,2
10,1469652416,1469652417,1
4,1469652417,1469652422,5
4,1469652422,1469652425,3
10,1469652424,1469652425,1
1,1469652429,1469652438,9
14,1469652437,1469652683,246
11,1469652465,1469652534,69
1,1469652466,1469652468,2
4,1469652468,1469652470,2
4,1469652470,1469652473,3
1,1469652471,1469652475,4
4,1469652473,1469652475,2
4,1469652477,1469652479,2
4,1469652479,1469652482,3
4,1469652482,1469652484,2
4,1469652485,1469652488,3
4,1469652488,1469652490,2
4,1469652490,1469652493,3
4,1469652494,1469652497,3
4,1469652497,1469652500,3
1,1469652499,1469652509,10
4,1469652500,1469652502,2
4,1469652503,1469652507,4
4,1469652507,1469652509,2
4,1469652509,1469652512,3
4,1469652512,1469652514,2
4,1469652514,1469652516,2
4,1469652516,1469652519,3
4,1469652519,1469652521,2
4,1469652521,1469652523,2
4,1469652523,1469652526,3
1,1469652525,1469652527,2
4,1469652526,1469652528,2
4,1469652528,1469652530,2
4,1469652531,1469652534,3
11,1469652534,1469652538,4
1,1469652536,1469652581,45
11,1469652539,1469652544,5
11,1469652544,1469652548,4
11,1469652548,1469652551,3
11,1469652552,1469652555,3
11,1469652555,1469652561,6
11,1469652561,1469652566,5
11,1469652566,1469652568,2
11,1469652568,1469652571,3
11,1469652572,1469652578,6
11,1469652578,1469652627,49
1,1469652586,1469652595,9
1,1469652611,1469652620,9
1,1469652624,1469652631,7
11,1469652627,1469652683,56
4,1469652627,1469652683,56
1,1469652638,1469652641,3
1,1469652647,1469652652,5
1,1469652675,1469652692,17
5,1469652680,1469652683,3
4,1469652693,1469652695,2
4,1469652695,1469652700,5
4,1469652700,1469652703,3
4,1469652703,1469652706,3
4,1469652708,1469652713,5
1,1469652709,1469652712,3
4,1469652713,1469652719,6
1,1469652716,1469652718,2
4,1469652719,1469652722,3
4,1469652723,1469652725,2
4,1469652725,1469652728,3
10,1469652726,1469652727,1
4,1469652728,1469652730,2
4,1469652730,1469652733,3
10,1469652731,1469652733,2
4,1469652733,1469652735,2
4,1469652735,1469652754,19
1,1469652752,1469652753,1
4,1469652754,1469652758,4
4,1469652758,1469652760,2
10,1469652759,1469652760,1
4,1469652760,1469652765,5
1,1469652762,1469652770,8
4,1469652767,1469652772,5
1,1469652774,1469652782,8
4,1469652778,1469652796,18
4,1469652796,1469652802,6
10,1469652797,1469652800,3
10,1469652800,1469652802,2
4,1469652802,1469652815,13
10,1469652802,1469652803,1
1,1469652808,1469652814,6
4,1469652815,1469652819,4
10,1469652816,1469652817,1
4,1469652819,1469652822,3
10,1469652821,1469652822,1
4,1469652823,1469652832,9
1,1469652824,1469652825,1
1,1469652829,1469652831,2
4,1469652832,1469652834,2
10,1469652833,1469652834,1
4,1469652849,1469652851,2
4,1469652851,1469652855,4
4,1469652855,1469652857,2
4,1469652858,1469652860,2
4,1469652860,1469652875,15
1,1469652861,1469652865,4
1,1469652876,1469652877,1
4,1469652878,1469652880,2
4,1469652880,1469652882,2
4,1469652883,1469652885,2
4,1469652885,1469652887,2
4,1469652887,1469652889,2
4,1469652890,1469652892,2
4,1469652892,1469652894,2
4,1469652894,1469652898,4
4,1469652898,1469652906,8
1,1469652902,1469652903,1
4,1469652906,1469652913,7
1,1469652907,1469652911,4
4,1469652914,1469652921,7
4,1469652921,1469652923,2
4,1469652923,1469652935,12
1,1469652933,1469652934,1
4,1469652936,1469652938,2
4,1469652940,1469652943,3
4,1469652943,1469652947,4
1,1469652945,1469652946,1
4,1469652947,1469653007,60
1,1469652952,1469652957,5
1,1469652965,1469652968,3
14,1469652968,1469653016,48
1,1469652973,1469652975,2
1,1469652998,1469653006,8
4,1469653008,1469653011,3
4,1469653012,1469653016,4
4,1469653016,1469653018,2
4,1469653018,1469653025,7
4,1469653026,1469653091,65
1,1469653029,1469653043,14
1,1469653060,1469653071,11
1,1469653079,1469653084,5
4,1469653091,1469653101,10
4,1469653103,1469653111,8
1,1469653106,1469653110,4
4,1469653112,1469653115,3
4,1469653115,1469653118,3
4,1469653118,1469653120,2
4,1469653121,1469653124,3
1,1469653124,1469653127,3
4,1469653127,1469653134,7
4,1469653134,1469653324,190
1,1469653138,1469653140,2
1,1469653150,1469653154,4
14,1469653152,1469653206,54
1,1469653207,1469653237,30
1,1469653274,1469653275,1
1,1469653293,1469653295,2
1,1469653299,1469653320,21
14,1469653320,1469653542,222
11,1469653323,1469653395,72
1,1469653324,1469653335,11
4,1469653325,1469653327,2
4,1469653328,1469653330,2
4,1469653330,1469653333,3
4,1469653335,1469653337,2
4,1469653337,1469653339,2
4,1469653339,1469653342,3
4,1469653342,1469653344,2
4,1469653344,1469653347,3
4,1469653347,1469653350,3
4,1469653350,1469653354,4
4,1469653354,1469653358,4
4,1469653358,1469653360,2
4,1469653361,1469653363,2
4,1469653363,1469653366,3
4,1469653367,1469653369,2
4,1469653369,1469653371,2
4,1469653372,1469653374,2
4,1469653374,1469653376,2
1,1469653376,1469653381,5
4,1469653377,1469653379,2
4,1469653379,1469653381,2
4,1469653381,1469653384,3
4,1469653384,1469653386,2
4,1469653386,1469653388,2
4,1469653388,1469653390,2
4,1469653391,1469653395,4
11,1469653395,1469653400,5
1,1469653396,1469653404,8
11,1469653401,1469653420,19
1,1469653410,1469653423,13
11,1469653420,1469653435,15
1,1469653430,1469653439,9
11,1469653435,1469653439,4
11,1469653439,1469653447,8
11,1469653447,1469653454,7
11,1469653454,1469653458,4
1,1469653458,1469653488,30
11,1469653458,1469653460,2
11,1469653460,1469653461,1
11,1469653462,1469653463,1
11,1469653463,1469653465,2
11,1469653465,1469653466,1
11,1469653466,1469653468,2
11,1469653468,1469653472,4
11,1469653472,1469653475,3
4,1469653473,1469653475,2
11,1469653475,1469653542,67
1,1469653497,1469653523,26
4,1469653527,1469653530,3
1,1469653528,1469653582,54
4,1469653536,1469653543,7
5,1469653540,1469653542,2
4,1469653552,1469653554,2
4,1469653555,1469653571,16
4,1469653578,1469653588,10
1,1469653586,1469653593,7
4,1469653588,1469653594,6
4,1469653594,1469653597,3
4,1469653597,1469653599,2
4,1469653600,1469653609,9
1,1469653601,1469653606,5
4,1469653609,1469653611,2
4,1469653611,1469653616,5
1,1469653614,1469653615,1
4,1469653616,1469653620,4
4,1469653620,1469653622,2
1,1469653621,1469653630,9
10,1469653630,1469653638,8
4,1469653638,1469653643,5
1,1469653640,1469653643,3
1,1469653646,1469653651,5
14,1469653651,1469653696,45
1,1469653697,1469653705,8
4,1469653700,1469653704,4
4,1469653706,1469653709,3
4,1469653709,1469653711,2
4,1469653711,1469653714,3
4,1469653715,1469653718,3
4,1469653719,1469653722,3
4,1469653722,1469653724,2
4,1469653724,1469653726,2
4,1469653726,1469653729,3
4,1469653729,1469653731,2
4,1469653731,1469653733,2
4,1469653733,1469653738,5
4,1469653739,1469653741,2
4,1469653742,1469653744,2
4,1469653745,1469696601,42856
1,1469653749,1469653753,4
1,1469653769,1469653777,8
14,1469653777,1469653821,44
1,1469653823,1469653825,2
1,1469653830,1469653839,9
1,1469653981,1469653984,3
1,1469654047,1469654060,13
1,1469659471,1469659473,2
1,1469696581,1469696599,18
4,1469696601,1469696608,7
1,1469696604,1469696620,16
4,1469696608,1469696612,4
4,1469696613,1469696621,8
1,1469696629,1469696649,20
4,1469696640,1469696643,3
4,1469696650,1469696654,4
4,1469696654,1469696658,4
1,1469696656,1469696657,1
10,1469696659,1469696662,3
1,1469696661,1469696664,3
1,1469696671,1469696692,21
4,1469696698,1469696701,3
4,1469696701,1469696703,2
4,1469696703,1469696705,2
4,1469696705,1469696708,3
4,1469696708,1469696710,2
4,1469696710,1469696714,4
4,1469696714,1469696716,2
4,1469696716,1469696718,2
4,1469696719,1469696721,2
4,1469696721,1469696723,2
4,1469696723,1469696729,6
1,1469696726,1469696740,14
4,1469696729,1469696737,8
4,1469696737,1469696741,4
4,1469696741,1469696744,3
10,1469696743,1469696744,1
4,1469696744,1469696747,3
10,1469696745,1469696747,2
4,1469696747,1469696749,2
4,1469696749,1469696752,3
10,1469696750,1469696751,1
1,1469696750,1469696767,17
10,1469696752,1469696753,1
4,1469696758,1469696768,10
4,1469696770,1469696772,2
1,1469696776,1469696778,2
4,1469696780,1469696790,10
1,1469696782,1469696790,8
4,1469696792,1469696802,10
1,1469696795,1469696800,5
1,1469696824,1469696843,19
4,1469696837,1469696845,8
4,1469696846,1469696850,4
4,1469696850,1469696852,2
4,1469696852,1469696855,3
4,1469696856,1469696866,10
1,1469696860,1469696865,5
4,1469696866,1469696872,6
4,1469696872,1469696885,13
1,1469696882,1469696892,10
4,1469696885,1469696893,8
10,1469696886,1469696889,3
4,1469696893,1469696895,2
4,1469696896,1469696902,6
1,1469696899,1469696901,2
4,1469696902,1469696904,2
4,1469696905,1469696907,2
4,1469696907,1469696914,7
1,1469696909,1469696918,9
4,1469696914,1469696919,5
4,1469696919,1469696926,7
10,1469696921,1469696924,3
1,1469696922,1469696925,3
4,1469696926,1469696931,5
1,1469696928,1469696930,2
4,1469696933,1469696941,8
1,1469696937,1469696944,7
4,1469696942,1469696957,15
1,1469696949,1469696950,1
1,1469696953,1469696956,3
4,1469696957,1469696959,2
4,1469696959,1469696962,3
4,1469696962,1469696967,5
10,1469696962,1469696966,4
1,1469696964,1469696966,2
4,1469696967,1469696972,5
1,1469696970,1469696971,1
4,1469696973,1469696979,6
1,1469696974,1469696982,8
4,1469696980,1469697044,64
1,1469697029,1469697030,1
1,1469697034,1469697038,4
10,1469697040,1469697044,4
4,1469697044,1469697060,16
1,1469697046,1469697047,1
1,1469697051,1469697059,8
4,1469697063,1469697069,6
4,1469697071,1469697075,4
4,1469697078,1469697081,3
1,1469697082,1469697091,9
4,1469697089,1469697092,3
4,1469697095,1469697100,5
1,1469697097,1469697102,5
4,1469697103,1469697105,2
1,1469697106,1469697112,6
4,1469697113,1469697115,2
4,1469697116,1469697118,2
4,1469697119,1469697121,2
4,1469697121,1469697124,3
1,1469697125,1469697133,8
1,1469697137,1469697139,2
4,1469697140,1469697153,13
1,1469697145,1469697156,11
4,1469697156,1469697162,6
10,1469697157,1469697159,2
1,1469697163,1469697181,18
4,1469697167,1469697175,8
10,1469697168,1469697173,5
4,1469697182,1469697191,9
10,1469697184,1469697186,2
1,1469697184,1469697193,9
1,1469697200,1469697212,12
4,1469697209,1469697213,4
1,1469697236,1469697251,15
4,1469697249,1469697252,3
10,1469697250,1469697251,1
4,1469697256,1469697261,5
1,1469697261,1469697266,5
4,1469697261,1469697394,133
1,1469697271,1469697287,16
1,1469697309,1469697312,3
1,1469697325,1469697328,3
5,1469697328,1469697339,11
1,1469697354,1469697358,4
5,1469697358,1469697363,5
1,1469697366,1469697369,3
1,1469697374,1469697402,28
10,1469697397,1469697400,3
4,1469697403,1469697434,31
1,1469697405,1469697410,5
1,1469697414,1469697441,27
5,1469697428,1469697429,1
4,1469697437,1469697458,21
1,1469697449,1469697459,10
4,1469697461,1469697468,7
1,1469697466,1469697487,21
4,1469697471,1469697478,7
4,1469697478,1469697488,10
4,1469697488,1469697494,6
10,1469697490,1469697494,4
4,1469697494,1469697562,68
1,1469697496,1469697500,4
1,1469697507,1469697508,1
1,1469697532,1469697533,1
1,1469697552,1469697578,26
4,1469697567,1469697570,3
4,1469697570,1469697573,3
4,1469697573,1469697576,3
4,1469697576,1469697599,23
1,1469697596,1469697644,48
4,1469697604,1469697609,5
4,1469697628,1469697633,5
4,1469697637,1469697642,5
4,1469697644,1469697647,3
4,1469697647,1469697649,2
4,1469697649,1469697664,15
1,1469697651,1469697701,50
4,1469697666,1469697674,8
4,1469697676,1469697679,3
4,1469697696,1469697701,5
4,1469697701,1469697703,2
4,1469697703,1469697707,4
1,1469697705,1469697709,4
1,1469697720,1469697743,23
4,1469697749,1469697752,3
4,1469697753,1469697756,3
1,1469697760,1469697772,12
4,1469697768,1469697778,10
1,1469697778,1469697782,4
4,1469697778,1469697798,20
1,1469697786,1469697810,24
4,1469697798,1469697802,4
4,1469697804,1469697809,5
4,1469697809,1469697836,27
1,1469697813,1469697843,30
4,1469697841,1469697844,3
4,1469697845,1469697851,6
1,1469697847,1469697852,5
4,1469697852,1469697854,2
4,1469697855,1469697859,4
1,1469697856,1469697888,32
4,1469697861,1469697883,22
4,1469697884,1469697888,4
10,1469697885,1469697886,1
4,1469697889,1469697893,4
1,1469697891,1469697903,12
4,1469697894,1469697899,5
10,1469697895,1469697896,1
1,1469697906,1469697908,2
1,1469697920,1469697927,7
4,1469697925,1469697930,5
4,1469697930,1469697937,7
10,1469697931,1469697933,2
1,1469697932,1469697936,4
4,1469697938,1469697940,2
4,1469697940,1469697947,7
1,1469697945,1469697966,21
4,1469697954,1469697958,4
4,1469697958,1469697963,5
4,1469697963,1469697967,4
10,1469697964,1469697965,1
4,1469697967,1469697971,4
10,1469697968,1469697970,2
1,1469697969,1469697971,2
4,1469697971,1469697977,6
10,1469697972,1469697973,1
1,1469697975,1469697986,11
4,1469697977,1469697980,3
4,1469697980,1469697985,5
4,1469697985,1469697987,2
4,1469697987,1469697992,5
10,1469697989,1469697990,1
4,1469697992,1469698001,9
1,1469697994,1469698007,13
4,1469698007,1469698017,10
1,1469698010,1469698016,6
4,1469698018,1469698022,4
4,1469698022,1469698073,51
1,1469698023,1469698030,7
14,1469698031,1469698139,108
1,1469698057,1469698075,18
4,1469698073,1469698076,3
4,1469698076,1469698084,8
10,1469698078,1469698080,2
1,1469698078,1469698090,12
4,1469698085,1469698091,6
4,1469698091,1469698104,13
1,1469698093,1469698106,13
4,1469698105,1469698108,3
4,1469698108,1469698110,2
4,1469698113,1469698126,13
1,1469698122,1469698128,6
1,1469698132,1469698147,15
4,1469698148,1469698173,25
1,1469698151,1469698177,26
4,1469698178,1469698185,7
1,1469698181,1469698184,3
4,1469698185,1469698235,50
1,1469698209,1469698211,2
1,1469698217,1469698239,22
4,1469698240,1469698250,10
1,1469698244,1469698249,5
4,1469698251,1469698301,50
1,1469698297,1469698301,4
1,1469698316,1469698318,2
1,1469698321,1469698339,18
4,1469698328,1469698335,7
4,1469698337,1469698341,4
4,1469698341,1469698397,56
1,1469698361,1469698371,10
4,1469698397,1469698399,2
4,1469698399,1469698402,3
4,1469698403,1469698417,14
1,1469698405,1469698407,2
4,1469698417,1469698422,5
1,1469698423,1469698443,20
4,1469698425,1469698431,6
10,1469698426,1469698427,1
4,1469698440,1469698442,2
1,1469698447,1469698452,5
4,1469698447,1469698450,3
4,1469698453,1469698476,23
1,1469698456,1469698474,18
4,1469698476,1469698486,10
1,1469698477,1469698485,8
4,1469698486,1469698492,6
1,1469698488,1469698491,3
4,1469698493,1469698495,2
4,1469698495,1469698498,3
10,1469698496,1469698497,1
1,1469698496,1469698497,1
4,1469698498,1469698503,5
1,1469698501,1469698502,1
4,1469698503,1469698506,3
10,1469698504,1469698506,2
4,1469698506,1469698508,2
4,1469698508,1469698531,23
1,1469698512,1469698544,32
4,1469698531,1469698537,6
1,1469698548,1469698593,45
4,1469698557,1469698562,5
4,1469698566,1469698568,2
4,1469698571,1469698576,5
4,1469698576,1469698579,3
10,1469698576,1469698577,1
4,1469698586,1469698590,4
4,1469698594,1469698596,2
4,1469698596,1469698600,4
1,1469698597,1469698598,1
4,1469698600,1469698604,4
4,1469698604,1469698610,6
1,1469698606,1469698613,7
4,1469698614,1469698723,109
1,1469698616,1469698623,7
1,1469698626,1469698633,7
1,1469698639,1469698689,50
1,1469698693,1469698705,12
14,1469698705,1469698903,198
11,1469698722,1469698793,71
4,1469698723,1469698725,2
4,1469698726,1469698729,3
4,1469698729,1469698732,3
4,1469698733,1469698735,2
4,1469698736,1469698738,2
4,1469698738,1469698740,2
4,1469698740,1469698742,2
4,1469698743,1469698745,2
4,1469698745,1469698747,2
4,1469698747,1469698749,2
4,1469698752,1469698754,2
4,1469698754,1469698757,3
4,1469698757,1469698759,2
4,1469698759,1469698762,3
4,1469698762,1469698764,2
4,1469698765,1469698767,2
4,1469698767,1469698769,2
1,1469698767,1469698769,2
4,1469698769,1469698771,2
4,1469698772,1469698774,2
4,1469698774,1469698776,2
4,1469698776,1469698778,2
4,1469698779,1469698781,2
1,1469698780,1469698797,17
4,1469698781,1469698783,2
4,1469698783,1469698786,3
4,1469698786,1469698788,2
4,1469698789,1469698794,5
11,1469698793,1469698903,110
1,1469698800,1469698811,11
1,1469698818,1469698822,4
1,1469698825,1469698836,11
1,1469698841,1469698844,3
1,1469698847,1469698850,3
1,1469698854,1469698856,2
1,1469698860,1469698865,5
1,1469698886,1469698889,3
1,1469698892,1469698900,8
5,1469698900,1469698903,3
4,1469698903,1469698920,17
4,1469698920,1469698925,5
1,1469698923,1469698935,12
4,1469698925,1469698944,19
1,1469698940,1469698946,6
4,1469698947,1469698973,26
1,1469698951,1469698956,5
1,1469698960,1469698970,10
4,1469698974,1469698976,2
4,1469698976,1469698978,2
4,1469698978,1469698982,4
4,1469698983,1469698988,5
4,1469698988,1469698991,3
4,1469698992,1469698994,2
4,1469698994,1469698997,3
4,1469698997,1469699003,6
4,1469699004,1469699009,5
4,1469699022,1469699028,6
10,1469699024,1469699028,4
4,1469699028,1469699030,2
4,1469699032,1469699034,2
4,1469699034,1469699038,4
4,1469699038,1469699040,2
4,1469699041,1469699046,5
1,1469699043,1469699048,5
4,1469699048,1469699055,7
1,1469699051,1469699057,6
4,1469699057,1469699060,3
4,1469699061,1469699069,8
1,1469699064,1469699068,4
4,1469699070,1469699074,4
1,1469699072,1469699073,1
4,1469699075,1469699098,23
4,1469699098,1469699101,3
10,1469699099,1469699101,2
4,1469699104,1469699107,3
4,1469699107,1469699113,6
4,1469699113,1469699120,7
1,1469699115,1469699120,5
4,1469699121,1469699126,5
4,1469699127,1469699257,130
1,1469699131,1469699133,2
14,1469699133,1469699175,42
1,1469699176,1469699179,3
1,1469699196,1469699197,1
1,1469699201,1469699216,15
1,1469699224,1469699236,12
1,1469699242,1469699273,31
4,1469699261,1469699309,48
4,1469699309,1469699341,32
1,1469699310,1469699315,5
1,1469699319,1469699323,4
14,1469699323,1469699498,175
1,1469699332,1469699334,2
11,1469699341,1469699407,66
4,1469699342,1469699344,2
4,1469699344,1469699346,2
4,1469699347,1469699350,3
4,1469699351,1469699353,2
4,1469699353,1469699356,3
4,1469699356,1469699358,2
1,1469699357,1469699359,2
4,1469699358,1469699361,3
4,1469699361,1469699363,2
4,1469699364,1469699367,3
4,1469699367,1469699370,3
4,1469699371,1469699373,2
4,1469699373,1469699375,2
1,1469699375,1469699381,6
4,1469699375,1469699378,3
4,1469699380,1469699382,2
4,1469699382,1469699384,2
4,1469699384,1469699387,3
4,1469699387,1469699389,2
4,1469699389,1469699391,2
4,1469699392,1469699394,2
4,1469699394,1469699396,2
4,1469699396,1469699398,2
4,1469699398,1469699400,2
4,1469699401,1469699403,2
4,1469699403,1469699408,5
11,1469699407,1469699476,69
1,1469699409,1469699431,22
1,1469699435,1469699437,2
1,1469699441,1469699448,7
1,1469699453,1469699457,4
1,1469699461,1469699462,1
1,1469699467,1469699470,3
1,1469699473,1469699485,12
11,1469699476,1469699498,22
4,1469699477,1469699498,21
1,1469699492,1469699504,12
5,1469699496,1469699498,2
4,1469699508,1469699511,3
4,1469699511,1469699513,2
4,1469699513,1469699515,2
4,1469699515,1469699520,5
10,1469699516,1469699517,1
4,1469699520,1469699523,3
4,1469699523,1469699525,2
4,1469699526,1469699529,3
10,1469699528,1469699529,1
4,1469699529,1469699532,3
4,1469699533,1469699539,6
1,1469699534,1469699538,4
10,1469699539,1469699543,4
4,1469699543,1469699546,3
4,1469699548,1469699554,6
1,1469699549,1469699553,4
4,1469699554,1469699556,2
4,1469699557,1469699559,2
10,1469699560,1469699561,1
1,1469699560,1469699564,4
4,1469699564,1469699567,3
4,1469699567,1469699570,3
4,1469699571,1469699580,9
10,1469699572,1469699580,8
1,1469699575,1469699576,1
4,1469699581,1469699589,8
10,1469699582,1469699587,5
4,1469699590,1469699592,2
4,1469699592,1469699606,14
10,1469699594,1469699596,2
1,1469699596,1469699599,3
4,1469699606,1469699608,2
4,1469699608,1469699628,20
1,1469699623,1469699626,3
4,1469699628,1469699637,9
1,1469699635,1469699638,3
4,1469699637,1469699647,10
1,1469699642,1469699646,4
4,1469699647,1469699655,8
10,1469699648,1469699653,5
1,1469699650,1469699665,15
14,1469699665,1469699899,234
11,1469699680,1469699746,66
4,1469699681,1469699683,2
4,1469699684,1469699686,2
4,1469699686,1469699688,2
4,1469699690,1469699692,2
4,1469699692,1469699694,2
4,1469699695,1469699697,2
4,1469699697,1469699699,2
4,1469699699,1469699701,2
4,1469699702,1469699704,2
4,1469699704,1469699707,3
4,1469699707,1469699709,2
4,1469699709,1469699712,3
4,1469699712,1469699714,2
4,1469699715,1469699717,2
4,1469699718,1469699720,2
4,1469699720,1469699723,3
4,1469699723,1469699725,2
4,1469699725,1469699727,2
4,1469699727,1469699729,2
4,1469699729,1469699732,3
4,1469699732,1469699734,2
4,1469699734,1469699736,2
4,1469699736,1469699738,2
4,1469699738,1469699741,3
4,1469699741,1469699743,2
11,1469699746,1469699775,29
4,1469699747,1469699775,28
1,1469699751,1469699754,3
1,1469699759,1469699762,3
1,1469699773,1469699786,13
11,1469699775,1469699786,11
11,1469699787,1469699790,3
11,1469699790,1469699793,3
4,1469699791,1469699793,2
11,1469699793,1469699796,3
1,1469699796,1469699801,5
11,1469699797,1469699799,2
11,1469699799,1469699801,2
11,1469699801,1469699818,17
1,1469699804,1469699818,14
11,1469699818,1469699821,3
1,1469699821,1469699881,60
11,1469699821,1469699823,2
11,1469699823,1469699825,2
11,1469699825,1469699836,11
4,1469699829,1469699848,19
11,1469699836,1469699840,4
11,1469699841,1469699843,2
11,1469699843,1469699845,2
11,1469699845,1469699846,1
11,1469699846,1469699848,2
11,1469699848,1469699849,1
11,1469699855,1469699857,2
11,1469699860,1469699861,1
11,1469699865,1469699866,1
11,1469699868,1469699879,11
11,1469699880,1469699881,1
4,1469699880,1469699884,4
11,1469699881,1469699899,18
4,1469699889,1469699891,2
4,1469699892,1469699894,2
4,1469699894,1469699896,2
4,1469699896,1469699899,3
5,1469699897,1469699899,2
1,1469699899,1469699902,3
4,1469699903,1469699907,4
10,1469699905,1469699907,2
4,1469699907,1469699912,5
10,1469699909,1469699912,3
4,1469699912,1469699917,5
4,1469699917,1469699920,3
4,1469699920,1469699922,2
4,1469699923,1469699925,2
4,1469699925,1469699928,3
4,1469699928,1469699936,8
1,1469699930,1469699935,5
4,1469699936,1469699941,5
4,1469699948,1469699957,9
1,1469699954,1469699955,1
4,1469699957,1469699959,2
4,1469699960,1469699964,4
1,1469699962,1469699969,7
4,1469699965,1469699968,3
4,1469699970,1469699977,7
4,1469699977,1469699987,10
1,1469699986,1469699992,6
4,1469699987,1469700076,89
14,1469699992,1469700038,46
1,1469700036,1469700040,4
1,1469700053,1469700060,7
1,1469700070,1469700075,5
4,1469700076,1469700080,4
10,1469700077,1469700079,2
4,1469700081,1469700092,11
10,1469700081,1469700092,11
1,1469700083,1469700095,12
4,1469700092,1469700096,4
4,1469700097,1469700099,2
4,1469700099,1469700105,6
10,1469700100,1469700102,2
4,1469700105,1469700107,2
4,1469700107,1469700194,87
1,1469700116,1469700121,5
14,1469700121,1469700167,46
1,1469700137,1469700142,5
1,1469700162,1469700163,1
1,1469700167,1469700170,3
1,1469700175,1469700193,18
14,1469700191,1469700470,279
11,1469700193,1469700263,70
4,1469700194,1469700196,2
4,1469700197,1469700199,2
4,1469700199,1469700202,3
4,1469700203,1469700206,3
4,1469700206,1469700208,2
4,1469700208,1469700210,2
4,1469700210,1469700212,2
4,1469700213,1469700215,2
4,1469700215,1469700218,3
4,1469700218,1469700221,3
4,1469700222,1469700224,2
4,1469700224,1469700226,2
1,1469700226,1469700237,11
4,1469700227,1469700229,2
4,1469700232,1469700234,2
4,1469700234,1469700236,2
4,1469700237,1469700239,2
4,1469700239,1469700241,2
4,1469700242,1469700244,2
4,1469700244,1469700246,2
4,1469700246,1469700248,2
1,1469700248,1469700251,3
4,1469700248,1469700251,3
4,1469700251,1469700253,2
4,1469700253,1469700255,2
1,1469700254,1469700325,71
4,1469700255,1469700257,2
4,1469700258,1469700263,5
11,1469700263,1469700339,76
1,1469700328,1469700331,3
1,1469700335,1469700350,15
11,1469700339,1469700342,3
4,1469700339,1469700471,132
11,1469700343,1469700470,127
1,1469700358,1469700362,4
1,1469700376,1469700377,1
1,1469700436,1469700439,3
1,1469700468,1469700475,7
14,1469700475,1469700728,253
11,1469700477,1469700544,67
4,1469700479,1469700481,2
4,1469700481,1469700484,3
4,1469700484,1469700488,4
4,1469700488,1469700490,2
4,1469700491,1469700493,2
4,1469700493,1469700496,3
4,1469700496,1469700498,2
4,1469700498,1469700500,2
4,1469700501,1469700503,2
4,1469700503,1469700507,4
4,1469700507,1469700509,2
4,1469700509,1469700512,3
4,1469700512,1469700514,2
4,1469700516,1469700518,2
4,1469700518,1469700520,2
4,1469700520,1469700522,2
4,1469700523,1469700525,2
4,1469700525,1469700527,2
4,1469700527,1469700529,2
4,1469700529,1469700532,3
4,1469700532,1469700534,2
4,1469700534,1469700536,2
4,1469700536,1469700538,2
4,1469700539,1469700544,5
11,1469700544,1469700608,64
1,1469700548,1469700554,6
1,1469700583,1469700588,5
1,1469700599,1469700624,25
11,1469700609,1469700614,5
4,1469700609,1469700728,119
11,1469700614,1469700728,114
1,1469700628,1469700632,4
1,1469700646,1469700658,12
1,1469700670,1469700674,4
1,1469700716,1469700734,18
5,1469700726,1469700728,2
4,1469700735,1469700737,2
4,1469700737,1469700749,12
10,1469700740,1469700749,9
4,1469700749,1469700757,8
4,1469700758,1469700760,2
10,1469700759,1469700760,1
10,1469700761,1469700784,23
4,1469700784,1469700786,2
4,1469700787,1469700789,2
10,1469700788,1469700789,1
4,1469700789,1469700822,33
1,1469700799,1469700801,2
1,1469700806,1469700820,14
4,1469700826,1469700834,8
4,1469700834,1469700837,3
1,1469700838,1469700840,2
4,1469700840,1469700865,25
10,1469700842,1469700843,1
1,1469700843,1469700850,7
14,1469700850,1469701349,499
11,1469700864,1469700931,67
4,1469700866,1469700868,2
4,1469700868,1469700871,3
4,1469700871,1469700874,3
4,1469700875,1469700877,2
4,1469700878,1469700880,2
4,1469700880,1469700882,2
4,1469700883,1469700885,2
4,1469700885,1469700888,3
4,1469700888,1469700890,2
4,1469700891,1469700894,3
4,1469700894,1469700896,2
4,1469700896,1469700898,2
4,1469700899,1469700901,2
4,1469700903,1469700905,2
4,1469700905,1469700908,3
4,1469700908,1469700910,2
4,1469700910,1469700913,3
4,1469700913,1469700915,2
4,1469700915,1469700917,2
4,1469700917,1469700919,2
4,1469700920,1469700922,2
4,1469700922,1469700924,2
4,1469700924,1469700927,3
4,1469700927,1469700932,5
11,1469700931,1469700936,5
1,1469700934,1469700936,2
11,1469700936,1469700961,25
1,1469700941,1469700946,5
1,1469700951,1469700953,2
1,1469700960,1469700961,1
11,1469700962,1469700968,6
4,1469700962,1469700984,22
11,1469700968,1469700975,7
1,1469700972,1469700975,3
11,1469700975,1469700978,3
1,1469700978,1469700990,12
11,1469700978,1469700980,2
11,1469700980,1469700998,18
1,1469700996,1469701006,10
11,1469700998,1469701001,3
11,1469701001,1469701006,5
4,1469701002,1469701007,5
11,1469701006,1469701007,1
11,1469701007,1469701016,9
4,1469701007,1469701030,23
1,1469701011,1469701021,10
11,1469701016,1469701028,12
1,1469701025,1469701032,7
11,1469701028,1469701030,2
11,1469701033,1469701074,41
1,1469701038,1469701043,5
1,1469701054,1469701057,3
1,1469701066,1469701074,8
11,1469701074,1469701080,6
4,1469701074,1469701168,94
1,1469701078,1469701083,5
11,1469701080,1469701081,1
11,1469701082,1469701083,1
11,1469701084,1469701086,2
1,1469701086,1469701121,35
11,1469701087,1469701088,1
11,1469701088,1469701167,79
1,1469701127,1469701135,8
1,1469701161,1469701169,8
11,1469701168,1469701174,6
1,1469701172,1469701191,19
11,1469701174,1469701182,8
4,1469701174,1469701217,43
11,1469701183,1469701184,1
11,1469701186,1469701187,1
11,1469701187,1469701216,29
1,1469701196,1469701205,9
1,1469701211,1469701219,8
11,1469701220,1469701227,7
1,1469701227,1469701236,9
11,1469701227,1469701233,6
11,1469701233,1469701236,3
11,1469701236,1469701249,13
1,1469701242,1469701287,45
11,1469701250,1469701253,3
11,1469701254,1469701263,9
11,1469701263,1469701287,24
11,1469701288,1469701295,7
4,1469701288,1469701332,44
1,1469701292,1469701295,3
11,1469701296,1469701332,36
1,1469701298,1469701301,3
1,1469701310,1469701317,7
1,1469701326,1469701356,30
11,1469701332,1469701337,5
11,1469701337,1469701349,12
4,1469701339,1469701342,3
4,1469701342,1469701344,2
4,1469701344,1469701346,2
4,1469701346,1469701349,3
5,1469701347,1469701349,2
14,1469701361,1469701392,31
1,1469701386,1469701389,3
1,1469701394,1469701399,5
1,1469701404,1469701410,6
1,1469701435,1469701441,6
1,1469701461,1469701467,6
4,1469701468,1469701513,45
1,1469701476,1469701486,10
4,1469701517,1469701614,97
1,1469701519,1469701520,1
1,1469701582,1469701604,22
10,1469701604,1469701612,8
1,1469701611,1469701613,2
4,1469701615,1469701641,26
10,1469701616,1469701637,21
1,1469701624,1469701632,8
1,1469701637,1469701639,2
1,1469701644,1469701664,20
14,1469701664,1469701864,200
1,1469701684,1469701699,15
11,1469701701,1469701783,82
1,1469701702,1469701710,8
4,1469701703,1469701706,3
4,1469701709,1469701711,2
4,1469701711,1469701714,3
4,1469701716,1469701718,2
4,1469701718,1469701720,2
4,1469701720,1469701722,2
4,1469701722,1469701724,2
4,1469701725,1469701727,2
4,1469701727,1469701730,3
4,1469701730,1469701733,3
4,1469701733,1469701736,3
4,1469701737,1469701739,2
4,1469701739,1469701741,2
4,1469701741,1469701743,2
4,1469701744,1469701746,2
4,1469701747,1469701749,2
4,1469701749,1469701751,2
4,1469701751,1469701753,2
4,1469701754,1469701756,2
4,1469701756,1469701758,2
4,1469701758,1469701760,2
4,1469701760,1469701762,2
4,1469701763,1469701765,2
4,1469701765,1469701767,2
4,1469701768,1469701770,2
4,1469701770,1469701772,2
4,1469701772,1469701775,3
4,1469701775,1469701777,2
4,1469701777,1469701779,2
11,1469701783,1469701807,24
4,1469701784,1469701807,23
1,1469701803,1469701816,13
11,1469701807,1469701863,56
1,1469701824,1469701835,11
1,1469701841,1469701846,5
1,1469701857,1469701874,17
5,1469701861,1469701863,2
4,1469701863,1469701870,7
4,1469701875,1469701882,7
1,1469701878,1469701881,3
4,1469701882,1469701885,3
10,1469701883,1469701885,2
4,1469701885,1469701889,4
10,1469701885,1469701888,3
4,1469701891,1469701894,3
10,1469701892,1469701894,2
4,1469701895,1469701905,10
4,1469701905,1469701916,11
4,1469701916,1469702006,90
14,1469701932,1469701980,48
1,1469701981,1469701984,3
1,1469701997,1469702008,11
4,1469702009,1469702013,4
4,1469702013,1469702016,3
4,1469702017,1469702023,6
1,1469702020,1469702024,4
4,1469702024,1469702027,3
4,1469702029,1469702038,9
1,1469702032,1469702036,4
4,1469702038,1469702041,3
10,1469702039,1469702040,1
4,1469702043,1469702051,8
1,1469702045,1469702051,6
4,1469702061,1469702065,4
4,1469702065,1469702074,9
4,1469702074,1469702107,33
1,1469702081,1469702082,1
1,1469702101,1469702104,3
4,1469702107,1469702117,10
1,1469702113,1469702115,2
4,1469702117,1469702185,68
1,1469702134,1469702136,2
1,1469702150,1469702152,2
1,1469702162,1469702169,7
1,1469702173,1469702177,4
4,1469702185,1469702225,40
1,1469702186,1469702191,5
1,1469702194,1469702196,2
1,1469702215,1469702217,2
4,1469702225,1469702228,3
4,1469702228,1469702402,174
1,1469702254,1469702258,4
1,1469702263,1469702282,19
1,1469702389,1469702400,11
4,1469702402,1469702404,2
4,1469702404,1469702406,2
4,1469702406,1469702414,8
1,1469702408,1469702412,4
4,1469702415,1469702417,2
4,1469702417,1469702428,11
1,1469702418,1469702430,12
4,1469702431,1469702433,2
4,1469702434,1469702439,5
1,1469702437,1469702438,1
4,1469702439,1469702443,4
4,1469702445,1469702492,47
1,1469702460,1469702466,6
1,1469702487,1469702496,9
4,1469702494,1469702497,3
4,1469702498,1469702500,2
1,1469702501,1469702509,8
4,1469702505,1469702520,15
10,1469702506,1469702508,2
4,1469702520,1469702530,10
1,1469702523,1469702535,12
4,1469702536,1469702538,2
4,1469702538,1469702541,3
4,1469702541,1469702546,5
10,1469702543,1469702546,3
4,1469702546,1469702548,2
4,1469702549,1469702569,20
1,1469702556,1469702571,15
4,1469702569,1469702572,3
4,1469702572,1469702578,6
10,1469702574,1469702575,1
4,1469702578,1469702581,3
4,1469702581,1469702583,2
10,1469702581,1469702582,1
4,1469702584,1469702586,2
10,1469702584,1469702586,2
4,1469702586,1469702588,2
4,1469702588,1469702591,3
4,1469702593,1469702597,4
4,1469702597,1469702601,4
1,1469702599,1469702600,1
4,1469702603,1469702607,4
1,1469702604,1469702613,9
4,1469702607,1469702620,13
1,1469702617,1469702619,2
4,1469702620,1469702633,13
1,1469702625,1469702637,12
4,1469702633,1469702637,4
1,1469702642,1469702686,44
4,1469702644,1469702648,4
4,1469702652,1469702668,16
4,1469702676,1469702683,7
4,1469702687,1469702689,2
4,1469702690,1469702692,2
4,1469702692,1469702701,9
1,1469702693,1469702700,7
1,1469702709,1469702711,2
4,1469702712,1469702717,5
4,1469702717,1469702720,3
4,1469702720,1469702722,2
4,1469702723,1469702726,3
4,1469702727,1469702734,7
4,1469702734,1469702736,2
10,1469702734,1469702736,2
4,1469702736,1469702764,28
1,1469702760,1469702762,2
4,1469702764,1469702768,4
1,1469702766,1469702767,1
4,1469702768,1469702777,9
1,1469702780,1469702784,4
4,1469702785,1469702787,2
4,1469702787,1469702803,16
1,1469702801,1469702803,2
4,1469702804,1469702806,2
4,1469702806,1469702812,6
1,1469702808,1469702810,2
4,1469702812,1469702827,15
4,1469702827,1469702834,7
4,1469702834,1469702837,3
4,1469702837,1469702851,14
1,1469702847,1469702850,3
4,1469702851,1469702853,2
10,1469702851,1469702853,2
4,1469702853,1469702855,2
4,1469702855,1469702869,14
1,1469702858,1469702868,10
4,1469702871,1469702885,14
1,1469702872,1469702877,5
1,1469702880,1469702885,5
4,1469702885,1469702888,3
4,1469702888,1469702900,12
10,1469702889,1469702891,2
1,1469702891,1469702908,17
4,1469702909,1469702912,3
4,1469702913,1469702933,20
1,1469702928,1469702932,4
4,1469702933,1469702936,3
10,1469702933,1469702935,2
4,1469702936,1469702961,25
1,1469702939,1469702979,40
4,1469702967,1469702977,10
10,1469702968,1469702970,2
4,1469702979,1469702982,3
4,1469702983,1469702986,3
4,1469702987,1469702998,11
1,1469702992,1469703010,18
4,1469703002,1469703006,4
4,1469703006,1469703020,14
1,1469703015,1469703021,6
1,1469703034,1469703040,6
1,1469703050,1469703055,5
4,1469703057,1469703061,4
4,1469703061,1469703067,6
1,1469703062,1469703066,4
4,1469703069,1469703081,12
4,1469703082,1469703091,9
4,1469703092,1469703094,2
4,1469703094,1469703096,2
4,1469703096,1469703103,7
1,1469703098,1469703133,35
4,1469703103,1469703109,6
4,1469703134,1469703137,3
4,1469703137,1469703139,2
1,1469703137,1469703138,1
4,1469703139,1469703145,6
1,1469703143,1469703156,13
4,1469703157,1469703162,5
1,1469703159,1469703161,2
4,1469703162,1469703168,6
4,1469703168,1469703197,29
1,1469703172,1469703174,2
1,1469703184,1469703196,12
4,1469703197,1469703200,3
4,1469703200,1469703203,3
4,1469703203,1469703208,5
10,1469703204,1469703206,2
1,1469703205,1469703210,5
1,1469703213,1469703253,40
4,1469703215,1469703238,23
4,1469703248,1469703251,3
4,1469703251,1469703279,28
1,1469703275,1469703278,3
4,1469703279,1469703282,3
4,1469703282,1469703284,2
4,1469703286,1469703288,2
4,1469703289,1469703292,3
4,1469703292,1469703306,14
4,1469703308,1469703310,2
4,1469703311,1469703316,5
4,1469703316,1469703448,132
1,1469703316,1469703320,4
1,1469703330,1469703337,7
14,1469703337,1469703400,63
1,1469703389,1469703391,2
1,1469703402,1469703404,2
1,1469703413,1469703419,6
1,1469703443,1469703450,7
4,1469703450,1469703474,24
1,1469703456,1469703473,17
4,1469703475,1469703481,6
4,1469703481,1469703483,2
4,1469703483,1469703486,3
4,1469703486,1469703488,2
1,1469703490,1469703495,5
4,1469703495,1469703508,13
1,1469703500,1469703506,6
1,1469703511,1469703517,6
1,1469703522,1469703526,4
14,1469703524,1469703575,51
1,1469703576,1469703588,12
1,1469703668,1469703677,9
4,1469703669,1469703673,4
1,1469703681,1469703689,8
4,1469703683,1469703685,2
4,1469703689,1469703777,88
1,1469703696,1469703708,12
1,1469703765,1469703788,23
4,1469703789,1469703794,5
4,1469703801,1469703804,3
4,1469703804,1469703861,57
1,1469703809,1469703811,2
1,1469703822,1469703824,2
14,1469703824,1469703872,48
1,1469703857,1469703867,10
1,1469703875,1469703881,6
4,1469703899,1469703902,3
4,1469703902,1469703912,10
1,1469703903,1469703908,5
4,1469703912,1469703918,6
4,1469703918,1469703921,3
10,1469703918,1469703921,3
1,1469703920,1469703925,5
14,1469703925,1469703973,48
1,1469703975,1469703989,14
4,1469703990,1469703993,3
4,1469703993,1469703995,2
4,1469703995,1469703997,2
4,1469703997,1469704003,6
1,1469703999,1469704002,3
4,1469704003,1469704020,17
1,1469704006,1469704050,44
4,1469704033,1469704035,2
4,1469704036,1469704041,5
4,1469704041,1469704045,4
4,1469704053,1469704055,2
4,1469704055,1469704062,7
4,1469704067,1469704071,4
4,1469704071,1469704082,11
1,1469704074,1469704084,10
4,1469704085,1469704088,3
1,1469704090,1469704095,5
4,1469704096,1469704098,2
4,1469704098,1469704101,3
4,1469704101,1469704104,3
4,1469704104,1469704130,26
1,1469704116,1469704129,13
4,1469704130,1469704137,7
4,1469704138,1469704149,11
1,1469704143,1469704165,22
4,1469704153,1469704223,70
14,1469704159,1469704209,50
1,1469704210,1469704222,12
4,1469704223,1469704227,4
10,1469704224,1469704225,1
1,1469704225,1469704228,3
1,1469704261,1469704276,15
1,1469704281,1469704284,3
1,1469704287,1469704293,6
14,1469704293,1469704769,476
11,1469704311,1469704381,70
4,1469704311,1469704313,2
4,1469704313,1469704315,2
4,1469704316,1469704318,2
4,1469704318,1469704321,3
4,1469704322,1469704324,2
4,1469704324,1469704327,3
4,1469704327,1469704329,2
4,1469704329,1469704332,3
4,1469704332,1469704334,2
4,1469704335,1469704338,3
4,1469704338,1469704342,4
4,1469704342,1469704344,2
4,1469704344,1469704346,2
4,1469704346,1469704348,2
4,1469704349,1469704351,2
4,1469704351,1469704353,2
4,1469704354,1469704356,2
4,1469704356,1469704358,2
4,1469704358,1469704360,2
4,1469704360,1469704362,2
4,1469704363,1469704365,2
4,1469704365,1469704367,2
4,1469704367,1469704369,2
4,1469704369,1469704371,2
4,1469704372,1469704374,2
4,1469704374,1469704376,2
4,1469704376,1469704382,6
11,1469704381,1469704607,226
1,1469704385,1469704418,33
1,1469704456,1469704457,1
1,1469704461,1469704518,57
4,1469704473,1469704607,134
1,1469704523,1469704569,46
1,1469704574,1469704645,71
11,1469704607,1469704612,5
11,1469704613,1469704615,2
11,1469704615,1469704639,24
11,1469704640,1469704769,129
4,1469704640,1469704769,129
1,1469704648,1469704664,16
1,1469704667,1469704683,16
1,1469704704,1469704744,40
1,1469704763,1469704770,7
5,1469704766,1469704769,3
4,1469704772,1469704775,3
10,1469704773,1469704775,2
10,1469704775,1469704804,29
4,1469704805,1469705201,396
1,1469704808,1469704812,4
1,1469704819,1469704822,3
1,1469704829,1469704839,10
1,1469704844,1469704846,2
1,1469704854,1469704864,10
1,1469704872,1469704877,5
1,1469704880,1469704884,4
1,1469704894,1469704912,18
1,1469705101,1469705144,43
1,1469705175,1469705179,4
1,1469705196,1469705201,5
4,1469705204,1469705210,6
1,1469705205,1469705209,4
4,1469705210,1469705213,3
4,1469705213,1469705222,9
4,1469705222,1469705259,37
1,1469705262,1469705271,9
4,1469705272,1469705275,3
4,1469705275,1469705277,2
4,1469705277,1469705279,2
4,1469705279,1469705282,3
4,1469705282,1469705284,2
4,1469705284,1469705288,4
4,1469705290,1469705294,4
4,1469705294,1469705442,148
4,1469705442,1469705444,2
4,1469705445,1469705447,2
4,1469705447,1469705450,3
4,1469705450,1469705456,6
1,1469705454,1469705456,2
4,1469705456,1469705465,9
1,1469705461,1469705462,1
4,1469705465,1469705544,79
1,1469705466,1469705475,9
14,1469705475,1469705535,60
1,1469705536,1469705543,7
4,1469705544,1469705546,2
4,1469705547,1469705549,2
4,1469705549,1469705556,7
1,1469705553,1469705555,2
4,1469705556,1469705558,2
4,1469705558,1469705560,2
4,1469705561,1469705567,6
1,1469705564,1469705566,2
4,1469705567,1469705569,2
4,1469705569,1469705571,2
4,1469705572,1469705574,2
4,1469705574,1469705592,18
1,1469705581,1469705585,4
4,1469705592,1469705601,9
1,1469705597,1469705598,1
4,1469705601,1469705653,52
1,1469705610,1469705618,8
1,1469705622,1469705640,18
1,1469705644,1469705658,14
4,1469705653,1469705717,64
1,1469705677,1469705733,56
4,1469705727,1469705734,7
4,1469705734,1469705740,6
1,1469705737,1469705741,4
4,1469705740,1469705742,2
4,1469705743,1469705746,3
4,1469705746,1469705752,6
1,1469705750,1469705755,5
10,1469705752,1469705753,1
4,1469705756,1469705764,8
1,1469705761,1469705789,28
4,1469705765,1469705770,5
4,1469705786,1469705790,4
4,1469705790,1469705797,7
1,1469705793,1469705796,3
4,1469705797,1469705800,3
4,1469705801,1469705805,4
4,1469705805,1469705808,3
4,1469705810,1469705823,13
1,1469705819,1469705823,4
4,1469705824,1469705827,3
1,1469705828,1469705830,2
4,1469705832,1469705843,11
1,1469705839,1469705841,2
4,1469705843,1469705856,13
1,1469705850,1469705870,20
4,1469705859,1469705863,4
4,1469705863,1469705867,4
4,1469705867,1469705880,13
4,1469705883,1469705891,8
4,1469705892,1469705894,2
10,1469705892,1469705894,2
4,1469705894,1469705899,5
4,1469705899,1469705951,52
1,1469705904,1469705914,10
1,1469705926,1469705927,1
1,1469705933,1469705937,4
1,1469705940,1469705954,14
4,1469705954,1469705957,3
1,1469705958,1469705964,6
4,1469705960,1469705965,5
4,1469705966,1469705988,22
1,1469705972,1469705991,19
4,1469705994,1469705996,2
4,1469705996,1469706066,70
1,1469706000,1469706004,4
14,1469706004,1469706072,68
1,1469706061,1469706066,5
1,1469706070,1469706073,3
1,1469706079,1469706083,4
1,1469706087,1469706091,4
4,1469706093,1469706100,7
1,1469706094,1469706131,37
4,1469706102,1469706259,157
14,1469706130,1469706177,47
1,1469706178,1469706191,13
1,1469706221,1469706246,25
1,1469706250,1469706255,5
14,1469706255,1469707407,1152
11,1469706257,1469706324,67
4,1469706260,1469706262,2
4,1469706262,1469706265,3
4,1469706265,1469706268,3
4,1469706268,1469706270,2
4,1469706271,1469706273,2
4,1469706273,1469706275,2
4,1469706275,1469706278,3
4,1469706278,1469706280,2
4,1469706281,1469706284,3
4,1469706284,1469706287,3
4,1469706287,1469706289,2
4,1469706290,1469706292,2
4,1469706292,1469706295,3
4,1469706297,1469706299,2
4,1469706299,1469706301,2
4,1469706301,1469706303,2
4,1469706303,1469706306,3
4,1469706306,1469706308,2
4,1469706308,1469706310,2
4,1469706310,1469706312,2
4,1469706313,1469706315,2
4,1469706315,1469706317,2
4,1469706317,1469706319,2
4,1469706320,1469706324,4
11,1469706324,1469706503,179
1,1469706491,1469706526,35
11,1469706504,1469706518,14
4,1469706504,1469706561,57
11,1469706518,1469706526,8
11,1469706526,1469706561,35
1,1469706537,1469706541,4
1,1469706544,1469706552,8
1,1469706557,1469706578,21
11,1469706561,1469706563,2
11,1469706564,1469706630,66
1,1469706585,1469706591,6
1,1469706596,1469706625,29
4,1469706626,1469706628,2
4,1469706630,1469706725,95
11,1469706631,1469706643,12
1,1469706632,1469706644,12
11,1469706643,1469706644,1
11,1469706645,1469706649,4
1,1469706649,1469706651,2
11,1469706650,1469706651,1
11,1469706651,1469706656,5
1,1469706654,1469706656,2
11,1469706657,1469706663,6
1,1469706661,1469706665,4
11,1469706663,1469706665,2
11,1469706665,1469706724,59
1,1469706668,1469706707,39
1,1469706711,1469706732,21
11,1469706725,1469706726,1
11,1469706726,1469706732,6
11,1469706732,1469706739,7
1,1469706739,1469706766,27
11,1469706739,1469706742,3
11,1469706742,1469706743,1
11,1469706743,1469706745,2
11,1469706745,1469706746,1
11,1469706747,1469706748,1
11,1469706749,1469706750,1
11,1469706750,1469706751,1
11,1469706752,1469706755,3
11,1469706755,1469706871,116
1,1469706770,1469706829,59
7,1469706793,1469706794,1
4,1469706806,1469706913,107
1,1469706841,1469706848,7
1,1469706851,1469706856,5
1,1469706861,1469706872,11
11,1469706871,1469706878,7
1,1469706876,1469706888,12
11,1469706878,1469706884,6
11,1469706885,1469706886,1
11,1469706888,1469706893,5
1,1469706893,1469706912,19
11,1469706894,1469706904,10
11,1469706905,1469706914,9
4,1469706914,1469706917,3
11,1469706915,1469706921,6
4,1469706918,1469706921,3
4,1469706921,1469706996,75
11,1469706921,1469706995,74
1,1469706924,1469706943,19
1,1469706948,1469706974,26
1,1469706984,1469706985,1
1,1469706989,1469707012,23
11,1469706996,1469706998,2
4,1469707001,1469707407,406
11,1469707002,1469707005,3
11,1469707005,1469707008,3
11,1469707008,1469707019,11
1,1469707017,1469707047,30
11,1469707019,1469707025,6
11,1469707025,1469707037,12
11,1469707038,1469707043,5
11,1469707043,1469707407,364
1,1469707051,1469707071,20
1,1469707087,1469707095,8
1,1469707103,1469707106,3
1,1469707109,1469707115,6
1,1469707122,1469707125,3
1,1469707132,1469707210,78
1,1469707216,1469707220,4
1,1469707223,1469707238,15
1,1469707245,1469707247,2
1,1469707260,1469707263,3
1,1469707267,1469707282,15
1,1469707285,1469707289,4
1,1469707305,1469707306,1
1,1469707316,1469707319,3
1,1469707330,1469707337,7
1,1469707347,1469707384,37
1,1469707394,1469707416,22
5,1469707404,1469707407,3
4,1469707422,1469707426,4
10,1469707424,1469707425,1
4,1469707427,1469707429,2
4,1469707429,1469707432,3
4,1469707434,1469707436,2
4,1469707437,1469707447,10
4,1469707447,1469707449,2
4,1469707449,1469707452,3
4,1469707452,1469707454,2
4,1469707455,1469707457,2
4,1469707457,1469707459,2
4,1469707459,1469707462,3
4,1469707462,1469707465,3
4,1469707465,1469707467,2
4,1469707467,1469707470,3
4,1469707470,1469707478,8
1,1469707475,1469707477,2
1,1469707490,1469707494,4
1,1469707498,1469707502,4
4,1469707503,1469707517,14
4,1469707518,1469707521,3
4,1469707521,1469707523,2
4,1469707524,1469707533,9
10,1469707525,1469707533,8
4,1469707534,1469707545,11
1,1469707543,1469707544,1
4,1469707545,1469707549,4
4,1469707550,1469707553,3
4,1469707553,1469707557,4
4,1469707557,1469707568,11
4,1469707571,1469707596,25
1,1469707576,1469707578,2
1,1469707585,1469707613,28
4,1469707609,1469707613,4
4,1469707614,1469707674,60
10,1469707615,1469707619,4
1,1469707617,1469707619,2
1,1469707624,1469707626,2
1,1469707634,1469707647,13
14,1469707642,1469708039,397
11,1469707673,1469707742,69
1,1469707674,1469707678,4
4,1469707675,1469707678,3
4,1469707678,1469707681,3
4,1469707681,1469707684,3
4,1469707685,1469707687,2
1,1469707685,1469707687,2
4,1469707687,1469707689,2
4,1469707689,1469707691,2
4,1469707692,1469707694,2
4,1469707694,1469707696,2
4,1469707697,1469707699,2
4,1469707700,1469707704,4
1,1469707702,1469707707,5
4,1469707704,1469707707,3
4,1469707707,1469707709,2
4,1469707710,1469707712,2
4,1469707713,1469707715,2
4,1469707716,1469707718,2
4,1469707718,1469707720,2
4,1469707720,1469707722,2
4,1469707723,1469707725,2
4,1469707725,1469707727,2
4,1469707727,1469707729,2
4,1469707729,1469707731,2
1,1469707730,1469707731,1
4,1469707732,1469707734,2
4,1469707734,1469707736,2
4,1469707736,1469707738,2
4,1469707738,1469707743,5
11,1469707742,1469707748,6
1,1469707743,1469707755,12
11,1469707748,1469707753,5
11,1469707753,1469707765,12
1,1469707763,1469707765,2
11,1469707765,1469707789,24
1,1469707773,1469707782,9
1,1469707787,1469707792,5
11,1469707789,1469708039,250
4,1469707789,1469707904,115
1,1469707797,1469707810,13
1,1469707815,1469707844,29
1,1469707851,1469707861,10
1,1469707868,1469707876,8
1,1469707879,1469707883,4
1,1469707887,1469707903,16
4,1469707904,1469707906,2
4,1469707907,1469707913,6
4,1469707913,1469707933,20
1,1469707916,1469707926,10
1,1469707929,1469707931,2
4,1469707933,1469707962,29
1,1469707946,1469707961,15
4,1469707962,1469707965,3
4,1469707966,1469707968,2
4,1469707969,1469708039,70
1,1469707991,1469707996,5
1,1469708001,1469708007,6
1,1469708016,1469708029,13
1,1469708032,1469708039,7
5,1469708036,1469708039,3
4,1469708042,1469708059,17
1,1469708050,1469708052,2
4,1469708060,1469708062,2
4,1469708062,1469708064,2
4,1469708064,1469708067,3
4,1469708067,1469708112,45
1,1469708074,1469708076,2
1,1469708087,1469708093,6
4,1469708113,1469708116,3
4,1469708116,1469708143,27
10,1469708117,1469708143,26
1,1469708120,1469708125,5
1,1469708129,1469708137,8
1,1469708142,1469708145,3
4,1469708143,1469708147,4
4,1469708148,1469708151,3
4,1469708151,1469708160,9
10,1469708152,1469708153,1
1,1469708156,1469708163,7
4,1469708163,1469708187,24
1,1469708184,1469708186,2
4,1469708187,1469708189,2
4,1469708189,1469708192,3
4,1469708193,1469708196,3
4,1469708197,1469708199,2
10,1469708197,1469708198,1
4,1469708201,1469708204,3
4,1469708205,1469708207,2
4,1469708207,1469708209,2
4,1469708210,1469708212,2
4,1469708213,1469708215,2
4,1469708216,1469708232,16
1,1469708219,1469708230,11
1,1469708233,1469708251,18
4,1469708247,1469708249,2
4,1469708252,1469708254,2
1,1469708260,1469708265,5
14,1469708265,1469708668,403
11,1469708280,1469708348,68
4,1469708281,1469708283,2
4,1469708284,1469708286,2
4,1469708286,1469708288,2
4,1469708290,1469708292,2
4,1469708292,1469708294,2
4,1469708295,1469708297,2
4,1469708297,1469708299,2
4,1469708299,1469708301,2
4,1469708301,1469708304,3
4,1469708304,1469708307,3
4,1469708307,1469708310,3
4,1469708310,1469708312,2
4,1469708313,1469708315,2
4,1469708315,1469708317,2
4,1469708319,1469708321,2
4,1469708321,1469708323,2
4,1469708324,1469708326,2
4,1469708326,1469708328,2
4,1469708328,1469708330,2
4,1469708330,1469708332,2
1,1469708331,1469708335,4
4,1469708333,1469708335,2
4,1469708335,1469708337,2
4,1469708337,1469708339,2
4,1469708339,1469708341,2
4,1469708342,1469708344,2
4,1469708344,1469708348,4
11,1469708348,1469708352,4
1,1469708350,1469708352,2
11,1469708352,1469708364,12
11,1469708364,1469708370,6
11,1469708370,1469708392,22
1,1469708384,1469708385,1
1,1469708390,1469708395,5
11,1469708393,1469708395,2
4,1469708393,1469708432,39
11,1469708395,1469708401,6
1,1469708400,1469708401,1
11,1469708401,1469708431,30
1,1469708429,1469708441,12
11,1469708432,1469708435,3
11,1469708436,1469708437,1
11,1469708437,1469708667,230
1,1469708450,1469708480,30
1,1469708488,1469708489,1
1,1469708502,1469708505,3
1,1469708511,1469708513,2
1,1469708537,1469708538,1
1,1469708546,1469708549,3
1,1469708554,1469708558,4
1,1469708581,1469708606,25
1,1469708610,1469708611,1
1,1469708625,1469708651,26
1,1469708664,1469708679,15
5,1469708665,1469708668,3
4,1469708668,1469708717,49
1,1469708688,1469708689,1
1,1469708697,1469708712,15
4,1469708719,1469708728,9
4,1469708728,1469708731,3
4,1469708731,1469708735,4
10,1469708732,1469708735,3
4,1469708736,1469708752,16
10,1469708737,1469708752,15
4,1469708752,1469708755,3
4,1469708755,1469708758,3
4,1469708758,1469708760,2
10,1469708758,1469708759,1
4,1469708760,1469708763,3
4,1469708764,1469708766,2
4,1469708766,1469708768,2
4,1469708768,1469708772,4
4,1469708772,1469708775,3
4,1469708776,1469708778,2
4,1469708778,1469708781,3
4,1469708782,1469708790,8
4,1469708790,1469708793,3
1,1469708791,1469708793,2
4,1469708803,1469708806,3
4,1469708808,1469708810,2
4,1469708810,1469708816,6
4,1469708824,1469708827,3
4,1469708828,1469708830,2
4,1469708831,1469708833,2
10,1469708832,1469708833,1
10,1469708833,1469708834,1
4,1469708836,1469708844,8
10,1469708842,1469708844,2
10,1469708844,1469708845,1
4,1469708845,1469708858,13
10,1469708845,1469708852,7
1,1469708847,1469708856,9
10,1469708857,1469708858,1
10,1469708858,1469708870,12
1,1469708861,1469708868,7
4,1469708870,1469708872,2
10,1469708870,1469708872,2
4,1469708873,1469708908,35
10,1469708873,1469708908,35
1,1469708876,1469708903,27
1,1469708908,1469708912,4
4,1469708908,1469708915,7
4,1469708915,1469708917,2
4,1469708918,1469708920,2
4,1469708921,1469708924,3
4,1469708925,1469708947,22
1,1469708933,1469708942,9
1,1469708946,1469708950,4
1,1469708954,1469708961,7
4,1469708963,1469708992,29
1,1469708974,1469708976,2
1,1469708984,1469708989,5
4,1469708992,1469708995,3
1,1469708993,1469708995,2
4,1469708997,1469709000,3
4,1469709000,1469709011,11
10,1469709001,1469709011,10
4,1469709011,1469709013,2
4,1469709013,1469709016,3
4,1469709017,1469709019,2
4,1469709019,1469709052,33
10,1469709020,1469709023,3
1,1469709023,1469709026,3
1,1469709031,1469709039,8
14,1469709036,1469709214,178
11,1469709051,1469709120,69
4,1469709053,1469709055,2
4,1469709055,1469709057,2
4,1469709058,1469709061,3
4,1469709062,1469709064,2
4,1469709064,1469709066,2
4,1469709067,1469709069,2
4,1469709069,1469709071,2
4,1469709071,1469709074,3
4,1469709074,1469709077,3
4,1469709077,1469709081,4
4,1469709081,1469709083,2
4,1469709084,1469709086,2
4,1469709086,1469709090,4
4,1469709090,1469709092,2
4,1469709092,1469709094,2
4,1469709095,1469709097,2
4,1469709097,1469709099,2
4,1469709099,1469709101,2
4,1469709102,1469709104,2
4,1469709104,1469709106,2
4,1469709106,1469709108,2
4,1469709109,1469709111,2
4,1469709111,1469709113,2
4,1469709114,1469709116,2
4,1469709116,1469709121,5
11,1469709120,1469709139,19
1,1469709123,1469709149,26
11,1469709139,1469709141,2
4,1469709140,1469709214,74
11,1469709142,1469709149,7
11,1469709149,1469709152,3
1,1469709152,1469709181,29
11,1469709152,1469709214,62
1,1469709205,1469709224,19
5,1469709211,1469709214,3
4,1469709222,1469709226,4
4,1469709226,1469709230,4
4,1469709231,1469709248,17
1,1469709236,1469709242,6
1,1469709246,1469709248,2
4,1469709249,1469709254,5
4,1469709255,1469709258,3
4,1469709259,1469709261,2
10,1469709262,1469709263,1
4,1469709263,1469709265,2
4,1469709266,1469709269,3
4,1469709269,1469709271,2
4,1469709271,1469709276,5
4,1469709276,1469709279,3
4,1469709280,1469709289,9
4,1469709289,1469709293,4
10,1469709290,1469709293,3
4,1469709293,1469709298,5
10,1469709296,1469709298,2
4,1469709298,1469709300,2
4,1469709301,1469709303,2
4,1469709304,1469709307,3
4,1469709309,1469709318,9
1,1469709310,1469709317,7
4,1469709318,1469709320,2
4,1469709320,1469709326,6
1,1469709323,1469709332,9
4,1469709326,1469709330,4
4,1469709332,1469709335,3
10,1469709333,1469709335,2
4,1469709336,1469709339,3
4,1469709339,1469709349,10
1,1469709343,1469709348,5
4,1469709349,1469709352,3
4,1469709352,1469709355,3
10,1469709353,1469709355,2
4,1469709355,1469709367,12
10,1469709356,1469709367,11
1,1469709359,1469709365,6
4,1469709367,1469709370,3
10,1469709369,1469709370,1
10,1469709370,1469709372,2
4,1469709372,1469709375,3
10,1469709372,1469709373,1
10,1469709375,1469709384,9
4,1469709383,1469709390,7
10,1469709385,1469709390,5
4,1469709390,1469709393,3
4,1469709394,1469709398,4
10,1469709397,1469709398,1
4,1469709398,1469709403,5
1,1469709401,1469709403,2
10,1469709404,1469709431,27
1,1469709406,1469709417,11
1,1469709421,1469709445,24
4,1469709441,1469709449,8
4,1469709449,1469709458,9
10,1469709449,1469709451,2
1,1469709452,1469709455,3
4,1469709458,1469709465,7
10,1469709459,1469709460,1
1,1469709467,1469709471,4
1,1469709475,1469709489,14
4,1469709479,1469709506,27
14,1469709489,1469709602,113
11,1469709504,1469709573,69
4,1469709506,1469709508,2
4,1469709508,1469709511,3
4,1469709511,1469709514,3
4,1469709515,1469709517,2
4,1469709518,1469709520,2
4,1469709520,1469709522,2
4,1469709522,1469709525,3
4,1469709525,1469709528,3
4,1469709528,1469709531,3
4,1469709531,1469709534,3
4,1469709534,1469709537,3
4,1469709537,1469709539,2
4,1469709539,1469709541,2
4,1469709541,1469709544,3
4,1469709544,1469709546,2
4,1469709546,1469709548,2
4,1469709548,1469709550,2
4,1469709550,1469709553,3
4,1469709553,1469709555,2
1,1469709553,1469709557,4
4,1469709555,1469709557,2
4,1469709557,1469709560,3
4,1469709560,1469709562,2
4,1469709562,1469709564,2
4,1469709565,1469709567,2
1,1469709565,1469709567,2
4,1469709567,1469709569,2
4,1469709569,1469709574,5
11,1469709573,1469709578,5
1,1469709576,1469709610,34
11,1469709578,1469709580,2
11,1469709580,1469709583,3
11,1469709583,1469709584,1
11,1469709585,1469709590,5
11,1469709590,1469709592,2
11,1469709592,1469709602,10
5,1469709600,1469709602,2
4,1469709602,1469709611,9
4,1469709611,1469709613,2
4,1469709615,1469709620,5
1,1469709617,1469709619,2
4,1469709634,1469709637,3
1,1469709635,1469709637,2
1,1469709641,1469709673,32
4,1469709645,1469709901,256
14,1469709673,1469709734,61
1,1469709710,1469709716,6
1,1469709735,1469709738,3
1,1469709837,1469709850,13
1,1469709853,1469709871,18
1,1469709875,1469709903,28
4,1469709901,1469709904,3
4,1469709904,1469709911,7
10,1469709906,1469709908,2
1,1469709908,1469709912,4
4,1469709914,1469709916,2
4,1469709916,1469709919,3
10,1469709917,1469709919,2
4,1469709919,1469709926,7
10,1469709920,1469709921,1
1,1469709921,1469709925,4
4,1469709927,1469709932,5
10,1469709929,1469709932,3
4,1469709932,1469709934,2
4,1469709935,1469709937,2
10,1469709935,1469709937,2
4,1469709944,1469709946,2
4,1469709946,1469709949,3
4,1469709950,1469709952,2
4,1469709953,1469709956,3
4,1469709957,1469709959,2
4,1469709959,1469709963,4
10,1469709961,1469709963,2
4,1469709963,1469709965,2
10,1469709963,1469709965,2
4,1469709966,1469709972,6
1,1469709968,1469709972,4
4,1469709973,1469709976,3
4,1469709976,1469709982,6
1,1469709980,1469709981,1
4,1469709983,1469709986,3
1,1469709984,1469709986,2
4,1469709987,1469710078,91
1,1469709992,1469709994,2
1,1469709998,1469710000,2
1,1469710011,1469710021,10
1,1469710027,1469710041,14
1,1469710064,1469710077,13
4,1469710078,1469710106,28
1,1469710085,1469710105,20
4,1469710106,1469710109,3
1,1469710115,1469710142,27
4,1469710140,1469710143,3
4,1469710143,1469710146,3
10,1469710145,1469710146,1
4,1469710147,1469710149,2
4,1469710150,1469710154,4
10,1469710150,1469710152,2
4,1469710155,1469710158,3
4,1469710158,1469710162,4
10,1469710160,1469710162,2
4,1469710162,1469710167,5
10,1469710163,1469710165,2
1,1469710165,1469710167,2
4,1469710167,1469710170,3
4,1469710170,1469710173,3
4,1469710173,1469710179,6
10,1469710174,1469710175,1
4,1469710180,1469710183,3
10,1469710181,1469710183,2
4,1469710184,1469710189,5
4,1469710189,1469710193,4
4,1469710194,1469710196,2
1,1469710197,1469710199,2
4,1469710199,1469710202,3
4,1469710202,1469710206,4
4,1469710206,1469710213,7
1,1469710207,1469710213,6
4,1469710214,1469710265,51
1,1469710218,1469710225,7
14,1469710224,1469710236,12
1,1469710235,1469710242,7
1,1469710246,1469710259,13
1,1469710270,1469710276,6
14,1469710276,1469710286,10
1,1469710287,1469710300,13
4,1469710303,1469710314,11
1,1469710311,1469710313,2
4,1469710315,1469710321,6
4,1469710321,1469710366,45
1,1469710335,1469710339,4
14,1469710338,1469710346,8
1,1469710351,1469710364,13
4,1469710366,1469710369,3
10,1469710367,1469710369,2
4,1469710369,1469710374,5
1,1469710371,1469710373,2
1,1469710382,1469710386,4
14,1469710385,1469710393,8
1,1469710396,1469710403,7
1,1469710407,1469710410,3
1,1469710413,1469710416,3
1,1469710419,1469710433,14
4,1469710424,1469710434,10
4,1469710434,1469710438,4
1,1469710436,1469710438,2
4,1469710438,1469710441,3
10,1469710442,1469710443,1
1,1469710443,1469710452,9
1,1469710457,1469710460,3
1,1469710477,1469710497,20
4,1469710494,1469710500,6
4,1469710500,1469710515,15
1,1469710501,1469710503,2
1,1469710511,1469710522,11
4,1469710515,1469710519,4
4,1469710519,1469710523,4
10,1469710520,1469710521,1
4,1469710524,1469710526,2
1,1469710527,1469710542,15
4,1469710529,1469710535,6
4,1469710540,1469710545,5
10,1469710543,1469710545,2
4,1469710545,1469710548,3
4,1469710548,1469710550,2
4,1469710550,1469710557,7
1,1469710555,1469710556,1
4,1469710557,1469710640,83
1,1469710564,1469710586,22
14,1469710571,1469710625,54
1,1469710626,1469710638,12
4,1469710640,1469710643,3
4,1469710643,1469710645,2
4,1469710645,1469710647,2
10,1469710646,1469710647,1
4,1469710647,1469710649,2
4,1469710650,1469710652,2
4,1469710654,1469710661,7
4,1469710661,1469710667,6
10,1469710662,1469710667,5
4,1469710667,1469710670,3
4,1469710670,1469710672,2
4,1469710672,1469710680,8
10,1469710672,1469710679,7
4,1469710680,1469710684,4
1,1469710681,1469710686,5
4,1469710686,1469710690,4
4,1469710690,1469710692,2
4,1469710692,1469710700,8
4,1469710700,1469710702,2
4,1469710702,1469710705,3
4,1469710705,1469710707,2
4,1469710708,1469710711,3
4,1469710711,1469710714,3
4,1469710715,1469710719,4
10,1469710716,1469710719,3
4,1469710719,1469710879,160
1,1469710723,1469710734,11
14,1469710733,1469710781,48
1,1469710859,1469710863,4
1,1469710870,1469710880,10
14,1469710875,1469710984,109
11,1469710877,1469710944,67
4,1469710880,1469710882,2
4,1469710882,1469710885,3
4,1469710885,1469710888,3
4,1469710889,1469710891,2
4,1469710891,1469710893,2
4,1469710893,1469710896,3
4,1469710896,1469710898,2
4,1469710898,1469710901,3
4,1469710901,1469710903,2
4,1469710903,1469710907,4
4,1469710907,1469710909,2
4,1469710909,1469710911,2
4,1469710912,1469710915,3
4,1469710915,1469710918,3
4,1469710918,1469710920,2
4,1469710920,1469710923,3
4,1469710923,1469710925,2
4,1469710925,1469710928,3
4,1469710928,1469710930,2
4,1469710930,1469710933,3
4,1469710933,1469710935,2
4,1469710935,1469710938,3
4,1469710938,1469710985,47
11,1469710944,1469710984,40
1,1469710967,1469710970,3
1,1469710973,1469710992,19
5,1469710982,1469710984,2
5,1469710992,1469710995,3
4,1469710995,1469711048,53
1,1469710995,1469711004,9
5,1469711001,1469711042,41
1,1469711009,1469711015,6
1,1469711019,1469711027,8
1,1469711037,1469711041,4
1,1469711044,1469711065,21
5,1469711050,1469711053,3
4,1469711056,1469711058,2
4,1469711058,1469711065,7
4,1469711065,1469711074,9
10,1469711066,1469711067,1
1,1469711069,1469711074,5
4,1469711075,1469711079,4
4,1469711079,1469711082,3
4,1469711082,1469711085,3
4,1469711085,1469711095,10
1,1469711089,1469711094,5
4,1469711096,1469711098,2
4,1469711098,1469711104,6
1,1469711100,1469711102,2
4,1469711106,1469711110,4
10,1469711106,1469711108,2
1,1469711107,1469711110,3
10,1469711110,1469711114,4
4,1469711113,1469711121,8
1,1469711115,1469711121,6
4,1469711122,1469711137,15
1,1469711128,1469711138,10
1,1469711205,1469711210,5
1,1469711246,1469711247,1
4,1469711248,1469711274,26
1,1469711251,1469711274,23
4,1469711275,1469711277,2
4,1469711279,1469711281,2
4,1469711281,1469711316,35
1,1469711284,1469711286,2
1,1469711300,1469711304,4
1,1469711308,1469711315,7
4,1469711316,1469711508,192
1,1469711323,1469711329,6
14,1469711328,1469711406,78
1,1469711345,1469711356,11
1,1469711406,1469711408,2
1,1469711433,1469711443,10
1,1469711453,1469711475,22
1,1469711484,1469711486,2
1,1469711499,1469711504,5
4,1469711508,1469711594,86
1,1469711511,1469711517,6
1,1469711531,1469711573,42
1,1469711579,1469711586,7
14,1469711586,1469712598,1012
11,1469711592,1469711642,50
1,1469711594,1469711595,1
4,1469711594,1469711597,3
4,1469711597,1469711600,3
4,1469711600,1469711603,3
4,1469711604,1469711607,3
4,1469711607,1469711610,3
4,1469711610,1469711613,3
4,1469711613,1469711615,2
4,1469711615,1469711618,3
4,1469711618,1469711620,2
4,1469711621,1469711623,2
4,1469711624,1469711628,4
4,1469711628,1469711630,2
4,1469711630,1469711633,3
1,1469711632,1469711634,2
4,1469711633,1469711635,2
4,1469711636,1469711642,6
11,1469711642,1469712598,956
1,1469711644,1469711670,26
1,1469711673,1469711702,29
1,1469711705,1469711707,2
1,1469711715,1469711719,4
1,1469711730,1469711833,103
1,1469711837,1469711866,29
1,1469711869,1469711885,16
1,1469711890,1469711893,3
1,1469711899,1469711903,4
1,1469711906,1469711910,4
1,1469711915,1469711965,50
1,1469711975,1469711993,18
1,1469712000,1469712009,9
1,1469712019,1469712021,2
1,1469712026,1469712028,2
1,1469712039,1469712040,1
1,1469712044,1469712049,5
1,1469712055,1469712098,43
1,1469712103,1469712115,12
1,1469712120,1469712221,101
4,1469712189,1469712567,378
1,1469712224,1469712228,4
1,1469712232,1469712237,5
1,1469712245,1469712259,14
1,1469712268,1469712272,4
1,1469712283,1469712285,2
1,1469712291,1469712313,22
1,1469712316,1469712327,11
1,1469712330,1469712364,34
1,1469712369,1469712374,5
1,1469712383,1469712390,7
1,1469712397,1469712400,3
1,1469712403,1469712415,12
1,1469712435,1469712444,9
1,1469712452,1469712473,21
1,1469712480,1469712489,9
1,1469712492,1469712510,18
1,1469712541,1469712565,24
4,1469712568,1469712573,5
4,1469712574,1469712578,4
1,1469712576,1469712577,1
4,1469712582,1469712598,16
1,1469712583,1469712590,7
1,1469712594,1469712601,7
5,1469712595,1469712598,3
4,1469712602,1469712616,14
10,1469712603,1469712614,11
1,1469712607,1469712615,8
1,1469712619,1469712627,8
1,1469712632,1469712634,2
4,1469712637,1469712661,24
1,1469712660,1469712697,37
4,1469712661,1469712672,11
10,1469712668,1469712669,1
4,1469712698,1469712703,5
4,1469712703,1469712723,20
1,1469712712,1469712714,2
1,1469712717,1469712722,5
4,1469712724,1469712726,2
4,1469712726,1469712730,4
10,1469712728,1469712730,2
10,1469712730,1469712735,5
4,1469712735,1469712740,5
10,1469712735,1469712736,1
10,1469712736,1469712740,4
4,1469712740,1469712744,4
10,1469712743,1469712744,1
4,1469712744,1469712764,20
10,1469712745,1469712764,19
1,1469712759,1469712775,16
4,1469712764,1469712776,12
4,1469712777,1469712782,5
1,1469712781,1469712783,2
4,1469712782,1469712788,6
1,1469712786,1469712807,21
4,1469712788,1469712810,22
4,1469712810,1469712812,2
1,1469712813,1469712814,1
4,1469712817,1469712831,14
1,1469712819,1469712828,9
4,1469712831,1469712833,2
1,1469712841,1469712843,2
1,1469712848,1469712850,2
1,1469712857,1469712860,3
1,1469712869,1469712871,2
4,1469712873,1469712876,3
4,1469712876,1469712878,2
4,1469712879,1469712883,4
4,1469712883,1469712916,33
1,1469712885,1469712887,2
1,1469712890,1469712892,2
1,1469712895,1469712904,9
1,1469712911,1469712916,5
4,1469712917,1469712919,2
1,1469712921,1469712933,12
1,1469712936,1469712941,5
4,1469712943,1469712952,9
1,1469712945,1469712951,6
4,1469712952,1469712962,10
1,1469712956,1469712962,6
4,1469712962,1469712966,4
4,1469712966,1469712975,9
1,1469712967,1469712974,7
4,1469712975,1469712995,20
10,1469712977,1469712978,1
1,1469712986,1469712999,13
4,1469712999,1469713015,16
10,1469713002,1469713003,1
1,1469713007,1469713014,7
1,1469713017,1469713019,2
4,1469713019,1469713022,3
4,1469713022,1469713028,6
4,1469713028,1469713033,5
1,1469713034,1469713035,1
1,1469713038,1469713053,15
4,1469713052,1469713060,8
1,1469713058,1469713062,4
4,1469713060,1469713062,2
4,1469713062,1469713088,26
10,1469713065,1469713072,7
1,1469713073,1469713077,4
1,1469713085,1469713087,2
4,1469713088,1469713093,5
4,1469713094,1469713103,9
10,1469713097,1469713099,2
1,1469713097,1469713103,6
4,1469713103,1469713105,2
4,1469713106,1469713113,7
10,1469713108,1469713110,2
4,1469713113,1469713122,9
10,1469713115,1469713122,7
1,1469713127,1469713129,2
4,1469713130,1469713132,2
4,1469713132,1469713134,2
4,1469713134,1469713240,106
1,1469713143,1469713151,8
1,1469713200,1469713214,14
1,1469713218,1469713222,4
1,1469713231,1469713251,20
4,1469713244,1469713247,3
4,1469713249,1469713254,5
4,1469713254,1469713260,6
1,1469713256,1469713273,17
4,1469713265,1469713271,6
4,1469713273,1469713287,14
10,1469713274,1469713276,2
1,1469713278,1469713293,15
4,1469713287,1469713289,2
4,1469713290,1469713316,26
10,1469713291,1469713293,2
1,1469713305,1469713316,11
4,1469713317,1469713325,8
1,1469713326,1469713334,8
1,1469713339,1469713341,2
1,1469713345,1469713351,6
4,1469713350,1469713355,5
1,1469713358,1469713363,5
4,1469713363,1469713369,6
1,1469713368,1469713384,16
4,1469713369,1469713385,16
4,1469713385,1469713406,21
1,1469713401,1469713405,4
4,1469713407,1469713413,6
1,1469713409,1469713412,3
4,1469713413,1469713419,6
1,1469713417,1469713433,16
1,1469713513,1469713517,4
1,1469713524,1469713525,1
1,1469713538,1469713543,5
14,1469713546,1469713565,19
1,1469713576,1469713579,3
14,1469713578,1469713612,34
1,1469713585,1469713588,3
1,1469713610,1469713623,13
14,1469713621,1469713640,19
1,1469713651,1469713678,27
14,1469713653,1469713670,17
14,1469713673,1469713692,19
1,1469713682,1469713684,2
1,1469713698,1469713702,4
14,1469713701,1469713732,31
1,1469713712,1469713720,8
1,1469713723,1469713729,6
1,1469713732,1469713735,3
1,1469713739,1469713744,5
1,1469713785,1469713798,13
1,1469713814,1469713840,26
4,1469713828,1469713987,159
1,1469713893,1469713894,1
1,1469713967,1469713979,12
14,1469713976,1469713982,6
1,1469713983,1469713986,3
4,1469713988,1469713996,8
1,1469713994,1469713999,5
1,1469714011,1469714022,11
1,1469714030,1469714052,22
4,1469714036,1469714043,7
10,1469714047,1469714048,1
4,1469714048,1469714053,5
4,1469714053,1469714056,3
4,1469714056,1469714059,3
4,1469714059,1469714064,5
1,1469714061,1469714063,2
4,1469714064,1469714288,224
1,1469714281,1469714284,3
10,1469714283,1469714288,5
4,1469714293,1469714342,49
1,1469714294,1469714307,13
1,1469714315,1469714319,4
1,1469714322,1469714323,1
4,1469714343,1469714345,2
4,1469714345,1469714352,7
4,1469714353,1469714355,2
4,1469714356,1469714358,2
10,1469714358,1469714361,3
4,1469714362,1469714364,2
4,1469714366,1469714369,3
1,1469714379,1469714383,4
4,1469714386,1469714395,9
4,1469714396,1469714409,13
1,1469714401,1469714408,7
4,1469714409,1469714415,6
4,1469714417,1469714420,3
1,1469714423,1469714427,4
4,1469714428,1469714434,6
10,1469714431,1469714434,3
4,1469714435,1469714440,5
10,1469714437,1469714438,1
4,1469714441,1469714459,18
1,1469714447,1469714450,3
1,1469714455,1469714458,3
10,1469714460,1469714468,8
4,1469714469,1469714479,10
1,1469714474,1469714483,9
4,1469714486,1469714499,13
4,1469714499,1469714505,6
1,1469714511,1469714515,4
4,1469714516,1469714521,5
1,1469714520,1469714521,1
4,1469714522,1469714530,8
1,1469714525,1469714532,7
4,1469714530,1469714533,3
4,1469714533,1469714537,4
1,1469714535,1469714541,6
14,1469714541,1469714548,7
1,1469714550,1469714551,1
4,1469714552,1469714556,4
10,1469714553,1469714556,3
4,1469714556,1469714729,173
1,1469714559,1469714562,3
14,1469714562,1469714569,7
1,1469714571,1469714576,5
1,1469714590,1469714594,4
14,1469714594,1469714614,20
1,1469714603,1469714612,9
1,1469714629,1469714632,3
14,1469714632,1469714662,30
1,1469714640,1469714643,3
1,1469714726,1469714729,3
4,1469714729,1469714736,7
1,1469714732,1469714736,4
4,1469714739,1469714745,6
1,1469714740,1469714744,4
1,1469714832,1469714835,3
4,1469714836,1469714844,8
1,1469714840,1469714843,3
4,1469714844,1469714850,6
10,1469714846,1469714850,4
4,1469714856,1469714896,40
1,1469714857,1469714867,10
14,1469714864,1469714871,7
1,1469714872,1469714875,3
1,1469714887,1469714891,4
14,1469714891,1469714964,73
11,1469714893,1469714939,46
4,1469714896,1469714898,2
4,1469714899,1469714901,2
1,1469714900,1469714904,4
4,1469714901,1469714904,3
4,1469714906,1469714908,2
4,1469714908,1469714910,2
4,1469714910,1469714913,3
4,1469714913,1469714916,3
4,1469714916,1469714918,2
4,1469714918,1469714920,2
4,1469714921,1469714923,2
4,1469714925,1469714928,3
4,1469714928,1469714931,3
4,1469714931,1469714940,9
11,1469714939,1469714944,5
1,1469714940,1469714945,5
11,1469714944,1469714964,20
4,1469714945,1469714947,2
4,1469714953,1469714955,2
4,1469714955,1469714958,3
4,1469714958,1469714960,2
4,1469714960,1469714964,4
5,1469714962,1469714964,2
1,1469715082,1469715096,14
4,1469715090,1469715110,20
1,1469715114,1469715129,15
4,1469715119,1469715269,150
14,1469715125,1469715135,10
1,1469715138,1469715140,2
1,1469715248,1469715268,20
1,1469715272,1469715274,2
4,1469715274,1469719515,4241
1,1469715278,1469715286,8
1,1469716417,1469716431,14
14,1469716431,1469716472,41
1,1469716541,1469716552,11
4,1469716541,1469716560,19
1,1469716557,1469716564,7
5,1469716561,1469716594,33
1,1469716583,1469716595,12
4,1469716593,1469716643,50
1,1469716600,1469716622,22
1,1469716634,1469716636,2
1,1469716639,1469716675,36
5,1469716651,1469716660,9
1,1469716680,1469716690,10
1,1469716695,1469716699,4
1,1469716702,1469716713,11
1,1469716718,1469716729,11
1,1469716734,1469716792,58
10,1469716765,1469716766,1
1,1469716795,1469716797,2
4,1469716796,1469716848,52
1,1469716800,1469716813,13
1,1469716818,1469716821,3
1,1469716824,1469716844,20
4,1469716848,1469716851,3
10,1469716850,1469716851,1
4,1469716852,1469716855,3
4,1469716855,1469716857,2
10,1469716858,1469716903,45
1,1469716860,1469716865,5
1,1469716868,1469716878,10
1,1469716884,1469716888,4
1,1469716891,1469716902,11
4,1469716904,1469716906,2
4,1469716907,1469716909,2
4,1469716909,1469716911,2
4,1469716911,1469716952,41
10,1469716911,1469716931,20
1,1469716914,1469716917,3
1,1469716921,1469716942,21
1,1469716945,1469716966,21
1,1469716972,1469716978,6
4,1469716992,1469717001,9
10,1469716993,1469717001,8
1,1469716999,1469717001,2
4,1469717003,1469717012,9
10,1469717003,1469717010,7
4,1469717012,1469717016,4
4,1469717016,1469717019,3
4,1469717020,1469717024,4
4,1469717024,1469717029,5
4,1469717029,1469717032,3
10,1469717030,1469717032,2
4,1469717032,1469717034,2
4,1469717034,1469717036,2
4,1469717037,1469717040,3
10,1469717038,1469717040,2
4,1469717040,1469717042,2
10,1469717040,1469717042,2
4,1469717042,1469717045,3
4,1469717045,1469717047,2
4,1469717047,1469717049,2
4,1469717050,1469717052,2
4,1469717052,1469717265,213
1,1469717057,1469717066,9
14,1469717065,1469717070,5
1,1469717070,1469717074,4
1,1469717139,1469717151,12
10,1469717255,1469717256,1
1,1469717259,1469717260,1
1,1469717265,1469717266,1
1,1469717272,1469717276,4
1,1469717279,1469717287,8
4,1469717288,1469717290,2
4,1469717291,1469717324,33
1,1469717302,1469717306,4
14,1469717306,1469717310,4
1,1469717310,1469717318,8
4,1469717324,1469717326,2
4,1469717326,1469717328,2
10,1469717326,1469717328,2
4,1469717329,1469717331,2
4,1469717331,1469717360,29
1,1469717337,1469717341,4
14,1469717340,1469717345,5
1,1469717345,1469717356,11
4,1469717362,1469717384,22
1,1469717365,1469717369,4
1,1469717372,1469717392,20
4,1469717385,1469717416,31
14,1469717390,1469717394,4
1,1469717398,1469717400,2
1,1469717403,1469717415,12
4,1469717416,1469717423,7
4,1469717424,1469717430,6
1,1469717427,1469717430,3
4,1469717430,1469717433,3
4,1469717433,1469717436,3
1,1469717434,1469717441,7
4,1469717439,1469717443,4
4,1469717446,1469717456,10
1,1469717446,1469717448,2
1,1469717453,1469717456,3
4,1469717459,1469717475,16
1,1469717470,1469717475,5
4,1469717477,1469717483,6
1,1469717478,1469717480,2
4,1469717483,1469717487,4
1,1469717488,1469717493,5
4,1469717497,1469717504,7
1,1469717498,1469717504,6
4,1469717506,1469717510,4
4,1469717510,1469717513,3
4,1469717513,1469717515,2
4,1469717516,1469717518,2
4,1469717518,1469717523,5
1,1469717519,1469717532,13
4,1469717523,1469717533,10
10,1469717524,1469717533,9
10,1469717533,1469717535,2
4,1469717535,1469717575,40
10,1469717542,1469717565,23
4,1469717575,1469717577,2
10,1469717577,1469717580,3
4,1469717580,1469717582,2
10,1469717580,1469717582,2
4,1469717582,1469717587,5
4,1469717588,1469717590,2
4,1469717590,1469717597,7
1,1469717592,1469717594,2
4,1469717597,1469717622,25
1,1469717599,1469717600,1
4,1469717622,1469717630,8
1,1469717624,1469717625,1
4,1469717630,1469717654,24
1,1469717638,1469717640,2
1,1469717644,1469717652,8
4,1469717654,1469717662,8
1,1469717660,1469717662,2
4,1469717662,1469717665,3
4,1469717665,1469717672,7
1,1469717673,1469717675,2
4,1469717676,1469717678,2
4,1469717678,1469717682,4
4,1469717685,1469717692,7
1,1469717688,1469717695,7
4,1469717697,1469717702,5
10,1469717698,1469717699,1
4,1469717703,1469717705,2
4,1469717705,1469717711,6
1,1469717715,1469717724,9
1,1469717833,1469717838,5
4,1469717837,1469717996,159
1,1469717882,1469717885,3
1,1469717885,1469717898,13
1,1469717959,1469717960,1
1,1469717972,1469717973,1
1,1469717976,1469717980,4
1,1469717986,1469717996,10
4,1469717997,1469718596,599
1,1469718000,1469718008,8
1,1469718020,1469718027,7
1,1469718179,1469718184,5
1,1469718590,1469718595,5
4,1469718596,1469718599,3
4,1469718599,1469718603,4
10,1469718601,1469718603,2
4,1469718604,1469718612,8
10,1469718604,1469718605,1
10,1469718605,1469718612,7
4,1469718612,1469718615,3
10,1469718615,1469718623,8
1,1469718617,1469718621,4
4,1469718623,1469718627,4
4,1469718627,1469718635,8
10,1469718627,1469718629,2
10,1469718629,1469718633,4
1,1469719076,1469719080,4
1,1469719087,1469719091,4
1,1469719222,1469719227,5
1,1469719237,1469719245,8
1,1469719392,1469719396,4
1,1469719423,1469719462,39
1,1469719471,1469719510,39
14,1469719510,1469719693,183
11,1469719513,1469719521,8
1,1469719514,1469719542,28
4,1469719515,1469719517,2
4,1469719518,1469719525,7
11,1469719521,1469719624,103
1,1469719548,1469719571,23
1,1469719580,1469719600,20
1,1469719609,1469719632,23
11,1469719624,1469719693,69
4,1469719625,1469719694,69
1,1469719636,1469719649,13
1,1469719654,1469719668,14
1,1469719672,1469719693,21
5,1469719691,1469719693,2
1,1469719697,1469719708,11
1,1469719712,1469719759,47
14,1469719758,1469720021,263
11,1469719761,1469719768,7
1,1469719762,1469719764,2
4,1469719763,1469719765,2
4,1469719765,1469719769,4
11,1469719768,1469719995,227
1,1469719773,1469719783,10
1,1469719786,1469719791,5
1,1469719796,1469719823,27
1,1469719845,1469719853,8
1,1469719857,1469719881,24
1,1469719888,1469719932,44
5,1469719923,1469719925,2
1,1469719939,1469719945,6
1,1469719948,1469719972,24
4,1469719974,1469719977,3
10,1469719975,1469719976,1
10,1469719978,1469719980,2
4,1469719984,1469719996,12
1,1469719986,1469720005,19
11,1469719996,1469720020,24
1,1469720012,1469720022,10
5,1469720018,1469720021,3
4,1469720021,1469720025,4
4,1469720026,1469720029,3
4,1469720029,1469720031,2
4,1469720031,1469720038,7
4,1469720038,1469720041,3
4,1469720041,1469720044,3
4,1469720044,1469720046,2
4,1469720047,1469720053,6
4,1469720053,1469720055,2
4,1469720055,1469720058,3
4,1469720058,1469720089,31
1,1469720065,1469720070,5
14,1469720068,1469720075,7
1,1469720077,1469720088,11
4,1469720089,1469720092,3
10,1469720090,1469720092,2
4,1469720092,1469720095,3
4,1469720095,1469720099,4
10,1469720097,1469720098,1
4,1469720103,1469720108,5
1,1469720107,1469720108,1
4,1469720108,1469720326,218
1,1469720112,1469720125,13
1,1469720129,1469720133,4
1,1469720136,1469720145,9
14,1469720145,1469720190,45
1,1469720151,1469720154,3
1,1469720224,1469720230,6
1,1469720234,1469720248,14
1,1469720300,1469720325,25
4,1469720327,1469720330,3
4,1469720330,1469720332,2
4,1469720332,1469720334,2
4,1469720335,1469720337,2
4,1469720337,1469720339,2
4,1469720339,1469720342,3
4,1469720342,1469720345,3
10,1469720344,1469720345,1
4,1469720346,1469720349,3
10,1469720348,1469720349,1
4,1469720349,1469720351,2
10,1469720351,1469720353,2
4,1469720353,1469720375,22
1,1469720358,1469720366,8
14,1469720362,1469720372,10
1,1469720369,1469720374,5
4,1469720375,1469720380,5
10,1469720377,1469720380,3
4,1469720380,1469720385,5
1,1469720381,1469720385,4
4,1469720385,1469720387,2
10,1469720386,1469720387,1
4,1469720387,1469720394,7
4,1469720394,1469720643,249
1,1469720396,1469720401,5
14,1469720401,1469720413,12
1,1469720416,1469720423,7
1,1469720473,1469720476,3
14,1469720476,1469720482,6
1,1469720490,1469720494,4
1,1469720541,1469720567,26
1,1469720571,1469720633,62
1,1469720648,1469720656,8
4,1469720658,1469720742,84
1,1469720678,1469720683,5
14,1469720682,1469720686,4
1,1469720687,1469720700,13
14,1469720689,1469720693,4
14,1469720700,1469720716,16
1,1469720718,1469720728,10
1,1469720732,1469720734,2
1,1469720738,1469720744,6
4,1469720742,1469720745,3
4,1469720746,1469720755,9
10,1469720747,1469720749,2
1,1469720749,1469720757,8
4,1469720757,1469720760,3
4,1469720760,1469720762,2
4,1469720767,1469720827,60
1,1469720774,1469720780,6
14,1469720780,1469720789,9
1,1469720783,1469720825,42
1,1469720835,1469720846,11
14,1469720839,1469720850,11
1,1469720853,1469720855,2
1,1469720858,1469720863,5
1,1469720866,1469720871,5
1,1469720878,1469720883,5
1,1469720886,1469720913,27
4,1469720911,1469720914,3
4,1469720914,1469720916,2
4,1469720921,1469720924,3
4,1469720925,1469720927,2
4,1469720927,1469720929,2
10,1469720927,1469720929,2
10,1469720929,1469720931,2
4,1469720930,1469720933,3
4,1469720933,1469720936,3
10,1469720934,1469720936,2
4,1469720936,1469720939,3
10,1469720937,1469720939,2
4,1469720939,1469720945,6
10,1469720939,1469720941,2
1,1469720942,1469720950,8
4,1469720948,1469720950,2
4,1469720950,1469720954,4
4,1469720954,1469720958,4
4,1469720958,1469720961,3
4,1469720961,1469720965,4
1,1469720963,1469720966,3
4,1469720968,1469720973,5
4,1469720973,1469720975,2
4,1469720975,1469720978,3
4,1469720978,1469720981,3
4,1469720981,1469720983,2
1,1469720981,1469720982,1
4,1469720984,1469720986,2
4,1469720986,1469720988,2
4,1469720989,1469720994,5
1,1469720993,1469721000,7
4,1469720994,1469721038,44
14,1469720998,1469721006,8
1,1469721006,1469721010,4
1,1469721013,1469721037,24
14,1469721019,1469721028,9
4,1469721038,1469721042,4
10,1469721041,1469721042,1
4,1469721042,1469721047,5
4,1469721047,1469721049,2
4,1469721051,1469721060,9
1,1469721058,1469721060,2
4,1469721061,1469721064,3
4,1469721064,1469721079,15
10,1469721066,1469721069,3
1,1469721067,1469721070,3
1,1469721075,1469721078,3
4,1469721080,1469721086,6
4,1469721087,1469721102,15
1,1469721088,1469721101,13
4,1469721103,1469721106,3
1,1469721107,1469721120,13
4,1469721110,1469721117,7
4,1469721120,1469721129,9
10,1469721123,1469721131,8
4,1469721130,1469721152,22
1,1469721136,1469721144,8
4,1469721152,1469721155,3
10,1469721152,1469721154,2
4,1469721155,1469721158,3
4,1469721158,1469721194,36
10,1469721159,1469721161,2
1,1469721164,1469721167,3
1,1469721177,1469721179,2
4,1469721194,1469721200,6
10,1469721195,1469721199,4
4,1469721200,1469721206,6
1,1469721202,1469721220,18
4,1469721206,1469721209,3
10,1469721211,1469721215,4
4,1469721216,1469721221,5
4,1469721221,1469721226,5
4,1469721234,1469721375,141
1,1469721237,1469721246,9
14,1469721245,1469721257,12
1,1469721264,1469721273,9
14,1469721272,1469721277,5
1,1469721319,1469721327,8
1,1469721331,1469721379,48
1,1469721383,1469721392,9
4,1469721385,1469721673,288
14,1469721392,1469721402,10
1,1469721425,1469721456,31
1,1469721461,1469721466,5
1,1469721479,1469721488,9
1,1469721580,1469721590,10
1,1469721593,1469721597,4
1,1469721601,1469721606,5
1,1469721612,1469721617,5
1,1469721620,1469721623,3
1,1469721630,1469721631,1
1,1469721634,1469721662,28
1,1469721707,1469721709,2
6,1469721720,1469721721,1
4,1469721728,1469721756,28
4,1469721756,1469721760,4
4,1469722112,1469722121,9
10,1469722115,1469722120,5
4,1469722121,1469722253,132
1,1469722135,1469722150,15
14,1469722150,1469722180,30
1,1469722184,1469722209,25
14,1469722199,1469722244,45
1,1469722212,1469722216,4
1,1469722241,1469722246,5
1,1469722250,1469722252,2
4,1469722253,1469722891,638
1,1469722256,1469722260,4
14,1469722259,1469722267,8
1,1469722267,1469722272,5
14,1469722272,1469722447,175
1,1469722343,1469722348,5
1,1469722852,1469722858,6
1,1469722870,1469722882,12
1,1469722886,1469722888,2
1,1469722893,1469722901,8
1,1469722911,1469722921,10
1,1469722926,1469722931,5
1,1469722936,1469722962,26
4,1469722961,1469722964,3
1,1469722978,1469722985,7
1,1469722990,1469722992,2
1,1469722997,1469723002,5
1,1469723008,1469723012,4
1,1469723015,1469723029,14
4,1469723030,1469723032,2
4,1469723032,1469723035,3
4,1469723036,1469723039,3
4,1469723039,1469723041,2
4,1469723041,1469723045,4
10,1469723043,1469723045,2
4,1469723045,1469723062,17
4,1469723062,1469723064,2
4,1469723064,1469723067,3
4,1469723067,1469723069,2
4,1469723069,1469723073,4
4,1469723073,1469723081,8
1,1469723074,1469723080,6
4,1469723081,1469723205,124
1,1469723176,1469723183,7
14,1469723183,1469723742,559
11,1469723205,1469723700,495
4,1469723206,1469723209,3
4,1469723209,1469723211,2
4,1469723211,1469723214,3
4,1469723214,1469723216,2
4,1469723217,1469723219,2
4,1469723219,1469723222,3
4,1469723222,1469723224,2
4,1469723224,1469723227,3
4,1469723227,1469723229,2
4,1469723230,1469723232,2
4,1469723233,1469723236,3
4,1469723236,1469723239,3
4,1469723239,1469723241,2
4,1469723242,1469723245,3
4,1469723246,1469723248,2
4,1469723248,1469723250,2
4,1469723250,1469723252,2
4,1469723253,1469723255,2
4,1469723255,1469723257,2
4,1469723258,1469723260,2
4,1469723260,1469723262,2
4,1469723262,1469723264,2
4,1469723265,1469723267,2
4,1469723268,1469723270,2
4,1469723270,1469723272,2
1,1469723272,1469723275,3
4,1469723272,1469723274,2
4,1469723274,1469723276,2
4,1469723277,1469723279,2
4,1469723279,1469723281,2
1,1469723280,1469723283,3
4,1469723281,1469723283,2
4,1469723283,1469723285,2
4,1469723286,1469723288,2
4,1469723288,1469723290,2
4,1469723291,1469723293,2
1,1469723291,1469723292,1
4,1469723293,1469723295,2
4,1469723295,1469723297,2
1,1469723296,1469723302,6
4,1469723298,1469723300,2
4,1469723300,1469723302,2
4,1469723302,1469723305,3
4,1469723305,1469723307,2
4,1469723307,1469723309,2
4,1469723310,1469723312,2
4,1469723312,1469723314,2
4,1469723314,1469723316,2
4,1469723316,1469723319,3
4,1469723319,1469723321,2
1,1469723320,1469723328,8
4,1469723321,1469723323,2
4,1469723323,1469723326,3
4,1469723326,1469723328,2
4,1469723328,1469723330,2
4,1469723331,1469723333,2
4,1469723333,1469723335,2
1,1469723333,1469723337,4
4,1469723335,1469723337,2
4,1469723338,1469723340,2
4,1469723340,1469723342,2
1,1469723340,1469723347,7
4,1469723342,1469723344,2
4,1469723345,1469723347,2
4,1469723347,1469723349,2
4,1469723349,1469723351,2
4,1469723351,1469723354,3
4,1469723354,1469723356,2
1,1469723355,1469723357,2
4,1469723356,1469723358,2
4,1469723358,1469723360,2
4,1469723361,1469723363,2
4,1469723363,1469723365,2
4,1469723365,1469723367,2
4,1469723368,1469723370,2
4,1469723370,1469723372,2
4,1469723372,1469723374,2
4,1469723374,1469723376,2
1,1469723375,1469723377,2
4,1469723377,1469723379,2
4,1469723379,1469723381,2
4,1469723381,1469723384,3
4,1469723384,1469723386,2
4,1469723386,1469723388,2
4,1469723388,1469723390,2
4,1469723391,1469723393,2
4,1469723393,1469723395,2
4,1469723395,1469723397,2
4,1469723398,1469723400,2
4,1469723400,1469723402,2
4,1469723402,1469723404,2
1,1469723404,1469723407,3
4,1469723405,1469723407,2
4,1469723407,1469723409,2
4,1469723409,1469723411,2
4,1469723411,1469723414,3
4,1469723414,1469723416,2
4,1469723416,1469723418,2
4,1469723418,1469723420,2
4,1469723421,1469723423,2
4,1469723423,1469723425,2
4,1469723425,1469723427,2
4,1469723427,1469723429,2
4,1469723430,1469723432,2
4,1469723432,1469723434,2
4,1469723434,1469723437,3
4,1469723437,1469723439,2
4,1469723439,1469723441,2
4,1469723442,1469723444,2
4,1469723444,1469723446,2
4,1469723446,1469723448,2
4,1469723449,1469723451,2
1,1469723450,1469723458,8
4,1469723451,1469723453,2
4,1469723454,1469723456,2
4,1469723456,1469723458,2
4,1469723458,1469723460,2
4,1469723461,1469723463,2
4,1469723463,1469723465,2
4,1469723465,1469723467,2
4,1469723468,1469723470,2
4,1469723470,1469723472,2
4,1469723472,1469723474,2
4,1469723475,1469723477,2
4,1469723477,1469723479,2
4,1469723479,1469723481,2
4,1469723482,1469723484,2
4,1469723484,1469723486,2
4,1469723486,1469723488,2
4,1469723488,1469723490,2
4,1469723491,1469723493,2
4,1469723493,1469723495,2
4,1469723495,1469723497,2
4,1469723498,1469723500,2
4,1469723500,1469723502,2
4,1469723502,1469723504,2
4,1469723504,1469723506,2
4,1469723507,1469723509,2
4,1469723509,1469723511,2
4,1469723511,1469723513,2
4,1469723513,1469723515,2
4,1469723516,1469723518,2
4,1469723518,1469723520,2
4,1469723520,1469723522,2
4,1469723523,1469723525,2
4,1469723525,1469723527,2
4,1469723527,1469723529,2
4,1469723529,1469723531,2
4,1469723532,1469723534,2
4,1469723534,1469723536,2
4,1469723536,1469723538,2
4,1469723538,1469723540,2
1,1469723539,1469723567,28
4,1469723541,1469723543,2
4,1469723543,1469723545,2
4,1469723545,1469723547,2
4,1469723547,1469723549,2
4,1469723550,1469723552,2
4,1469723552,1469723554,2
4,1469723554,1469723557,3
4,1469723557,1469723559,2
4,1469723559,1469723561,2
4,1469723562,1469723564,2
4,1469723564,1469723566,2
4,1469723567,1469723569,2
4,1469723569,1469723571,2
4,1469723571,1469723573,2
4,1469723574,1469723576,2
4,1469723576,1469723578,2
4,1469723578,1469723580,2
1,1469723579,1469723581,2
4,1469723580,1469723582,2
4,1469723583,1469723585,2
4,1469723585,1469723587,2
4,1469723587,1469723589,2
4,1469723589,1469723591,2
4,1469723592,1469723594,2
4,1469723594,1469723596,2
4,1469723596,1469723598,2
4,1469723598,1469723600,2
4,1469723601,1469723603,2
4,1469723603,1469723605,2
4,1469723605,1469723607,2
4,1469723607,1469723609,2
4,1469723610,1469723612,2
4,1469723612,1469723614,2
4,1469723614,1469723616,2
4,1469723616,1469723618,2
4,1469723619,1469723621,2
4,1469723621,1469723623,2
1,1469723621,1469723625,4
4,1469723623,1469723625,2
4,1469723625,1469723627,2
4,1469723628,1469723630,2
4,1469723630,1469723632,2
4,1469723632,1469723634,2
4,1469723634,1469723636,2
4,1469723637,1469723639,2
4,1469723639,1469723641,2
4,1469723641,1469723643,2
4,1469723643,1469723645,2
4,1469723646,1469723648,2
4,1469723648,1469723650,2
4,1469723650,1469723652,2
4,1469723652,1469723654,2
4,1469723655,1469723657,2
4,1469723657,1469723659,2
4,1469723659,1469723661,2
4,1469723661,1469723663,2
4,1469723664,1469723666,2
4,1469723666,1469723668,2
4,1469723668,1469723670,2
4,1469723670,1469723672,2
4,1469723673,1469723675,2
4,1469723675,1469723677,2
4,1469723677,1469723679,2
4,1469723679,1469723681,2
4,1469723682,1469723684,2
4,1469723684,1469723686,2
4,1469723686,1469723688,2
4,1469723688,1469723690,2
4,1469723691,1469723693,2
4,1469723693,1469723695,2
4,1469723695,1469723699,4
4,1469723699,1469723742,43
11,1469723700,1469723742,42
1,1469723703,1469723704,1
1,1469723712,1469723734,22
1,1469723738,1469723739,1
5,1469723739,1469723742,3
4,1469723745,1469723747,2
4,1469723748,1469723750,2
4,1469723750,1469723752,2
4,1469723752,1469723756,4
10,1469723752,1469723756,4
4,1469723756,1469723759,3
4,1469723759,1469723762,3
4,1469723762,1469723764,2
4,1469723765,1469723770,5
1,1469723766,1469723771,5
4,1469723771,1469723774,3
4,1469723774,1469723776,2
4,1469723777,1469723785,8
1,1469723779,1469723781,2
4,1469723786,1469723789,3
4,1469723789,1469723793,4
4,1469723793,1469723797,4
4,1469723797,1469723799,2
1,1469723798,1469723802,4
4,1469723800,1469723803,3
4,1469723803,1469723805,2
4,1469723806,1469723809,3
4,1469723809,1469723813,4
10,1469723811,1469723812,1
4,1469723814,1469723816,2
4,1469723816,1469723818,2
4,1469723820,1469723847,27
1,1469723825,1469723830,5
14,1469723830,1469723838,8
1,1469723841,1469723847,6
4,1469723850,1469723856,6
1,1469723855,1469723865,10
4,1469723856,1469723887,31
14,1469723865,1469723872,7
1,1469723877,1469723885,8
4,1469723888,1469723890,2
4,1469723890,1469723892,2
4,1469723892,1469723896,4
4,1469723896,1469723898,2
4,1469723898,1469723900,2
4,1469723901,1469723903,2
1,1469723906,1469723910,4
4,1469723908,1469723912,4
4,1469723912,1469723918,6
1,1469723916,1469723922,6
4,1469723918,1469723936,18
14,1469723922,1469723929,7
1,1469723929,1469723947,18
4,1469723936,1469724317,381
1,1469724017,1469724035,18
1,1469724069,1469724083,14
14,1469724072,1469724167,95
1,1469724091,1469724096,5
1,1469724112,1469724119,7
1,1469724145,1469724147,2
1,1469724160,1469724171,11
1,1469724192,1469724196,4
1,1469724207,1469724210,3
1,1469724214,1469724220,6
1,1469724279,1469724281,2
1,1469724287,1469724291,4
1,1469724298,1469724300,2
1,1469724311,1469724324,13
4,1469724317,1469724320,3
1,1469724383,1469724392,9
1,1469724399,1469724421,22
5,1469724419,1469724428,9
1,1469724428,1469724444,16
4,1469724443,1469724445,2
4,1469724445,1469724448,3
10,1469724446,1469724448,2
4,1469724448,1469724451,3
4,1469724451,1469724455,4
4,1469724457,1469724466,9
1,1469724458,1469724489,31
4,1469724466,1469724478,12
4,1469724484,1469724563,79
1,1469724492,1469724493,1
1,1469724553,1469724562,9
4,1469724563,1469724568,5
4,1469724570,1469724576,6
1,1469724573,1469724575,2
4,1469724576,1469724581,5
10,1469724577,1469724581,4
4,1469724581,1469724584,3
4,1469724588,1469724591,3
4,1469724593,1469724595,2
4,1469724596,1469724600,4
4,1469724600,1469724617,17
10,1469724601,1469724617,16
4,1469724617,1469724643,26
4,1469724643,1469724656,13
4,1469724656,1469724714,58
1,1469724711,1469724713,2
4,1469724715,1469724725,10
1,1469724720,1469724722,2
4,1469724725,1469724728,3
1,1469724732,1469724733,1
4,1469724734,1469724742,8
10,1469724735,1469724742,7
1,1469724737,1469724738,1
4,1469724742,1469724746,4
1,1469724743,1469724747,4
4,1469724746,1469724748,2
4,1469724748,1469724759,11
10,1469724750,1469724751,1
1,1469724751,1469724755,4
4,1469724759,1469724762,3
4,1469724763,1469724765,2
4,1469724765,1469724769,4
4,1469724770,1469724774,4
4,1469724774,1469724778,4
1,1469724776,1469724780,4
4,1469724780,1469724784,4
1,1469724785,1469724789,4
14,1469724789,1469724838,49
1,1469724807,1469724822,15
1,1469724837,1469724843,6
1,1469724848,1469724851,3
4,1469724852,1469724857,5
1,1469724854,1469724875,21
4,1469724873,1469724875,2
4,1469724876,1469724880,4
10,1469724877,1469724879,2
1,1469724878,1469724884,6
4,1469724880,1469724885,5
4,1469724885,1469724890,5
4,1469724891,1469724895,4
1,1469724892,1469724894,2
4,1469724896,1469724900,4
1,1469724906,1469724914,8
4,1469724914,1469724918,4
4,1469724919,1469725014,95
1,1469724939,1469724964,25
1,1469724967,1469724974,7
1,1469724994,1469724998,4
1,1469725002,1469725011,9
4,1469725015,1469725017,2
4,1469725017,1469725020,3
10,1469725018,1469725019,1
4,1469725020,1469725022,2
4,1469725023,1469725025,2
4,1469725026,1469725028,2
4,1469725028,1469725031,3
4,1469725033,1469725043,10
4,1469725043,1469725204,161
1,1469725045,1469725059,14
14,1469725058,1469725117,59
1,1469725113,1469725133,20
1,1469725136,1469725141,5
14,1469725141,1469725172,31
1,1469725152,1469725153,1
1,1469725176,1469725178,2
1,1469725196,1469725207,11
4,1469725208,1469725244,36
1,1469725214,1469725224,10
1,1469725237,1469725244,7
4,1469725245,1469725358,113
1,1469725249,1469725260,11
14,1469725252,1469725301,49
1,1469725278,1469725281,3
1,1469725287,1469725301,14
1,1469725304,1469725307,3
1,1469725318,1469725331,13
1,1469725336,1469725344,8
1,1469725351,1469725358,7
14,1469725355,1469725621,266
11,1469725357,1469725422,65
4,1469725359,1469725361,2
4,1469725361,1469725363,2
4,1469725364,1469725367,3
4,1469725368,1469725370,2
4,1469725370,1469725372,2
4,1469725372,1469725375,3
4,1469725375,1469725377,2
4,1469725377,1469725380,3
4,1469725380,1469725383,3
4,1469725383,1469725386,3
4,1469725386,1469725388,2
4,1469725388,1469725391,3
4,1469725391,1469725393,2
4,1469725395,1469725397,2
4,1469725397,1469725399,2
4,1469725399,1469725401,2
4,1469725402,1469725404,2
4,1469725404,1469725406,2
4,1469725406,1469725408,2
4,1469725408,1469725410,2
4,1469725411,1469725413,2
4,1469725413,1469725415,2
4,1469725415,1469725417,2
4,1469725417,1469725445,28
11,1469725422,1469725460,38
1,1469725442,1469725444,2
1,1469725449,1469725472,23
11,1469725460,1469725515,55
4,1469725460,1469725583,123
1,1469725478,1469725481,3
1,1469725485,1469725493,8
1,1469725498,1469725519,21
11,1469725515,1469725532,17
1,1469725524,1469725549,25
11,1469725532,1469725535,3
11,1469725535,1469725536,1
11,1469725536,1469725538,2
11,1469725541,1469725542,1
11,1469725542,1469725555,13
1,1469725552,1469725592,40
11,1469725558,1469725582,24
11,1469725583,1469725588,5
11,1469725589,1469725591,2
11,1469725591,1469725621,30
1,1469725610,1469725624,14
5,1469725619,1469725621,2
4,1469725621,1469725627,6
4,1469725628,1469725630,2
4,1469725630,1469725633,3
1,1469725637,1469725639,2
4,1469725640,1469725644,4
10,1469725642,1469725644,2
4,1469725645,1469725649,4
4,1469725649,1469725651,2
4,1469725651,1469725654,3
4,1469725657,1469725668,11
4,1469725668,1469725762,94
1,1469725670,1469725673,3
14,1469725673,1469725715,42
1,1469725721,1469725724,3
14,1469725722,1469725751,29
1,1469725730,1469725732,2
1,1469725752,1469725759,7
4,1469725762,1469725955,193
1,1469725763,1469725766,3
1,1469725769,1469725784,15
14,1469725784,1469725898,114
1,1469725813,1469725815,2
1,1469725873,1469725882,9
1,1469725888,1469725899,11
1,1469725904,1469725911,7
1,1469725925,1469725932,7
4,1469725955,1469725958,3
1,1469725957,1469725958,1
4,1469725958,1469725985,27
1,1469725982,1469725984,2
4,1469725985,1469726089,104
1,1469726008,1469726014,6
14,1469726013,1469726061,48
1,1469726064,1469726070,6
1,1469726082,1469726107,25
4,1469726104,1469726122,18
1,1469726116,1469726120,4
4,1469726122,1469726129,7
1,1469726125,1469726128,3
4,1469726132,1469726136,4
4,1469726138,1469726140,2
4,1469726140,1469726143,3
4,1469726143,1469726145,2
4,1469726147,1469726154,7
1,1469726155,1469726195,40
4,1469726161,1469726164,3
4,1469726165,1469726173,8
10,1469726168,1469726173,5
4,1469726173,1469726177,4
4,1469726177,1469726220,43
1,1469726204,1469726221,17
4,1469726228,1469726231,3
4,1469726231,1469726234,3
4,1469726234,1469726236,2
4,1469726236,1469726252,16
1,1469726247,1469726256,9
4,1469726252,1469726259,7
10,1469726256,1469726259,3
4,1469726259,1469726269,10
1,1469726266,1469726268,2
10,1469726270,1469726272,2
4,1469726272,1469726277,5
1,1469726275,1469726278,3
4,1469726277,1469726285,8
1,1469726282,1469726283,1
4,1469726285,1469726293,8
1,1469726288,1469726299,11
4,1469726296,1469726302,6
1,1469726302,1469726314,12
4,1469726307,1469726321,14
1,1469726318,1469726320,2
4,1469726326,1469726330,4
10,1469726328,1469726330,2
4,1469726330,1469726335,5
4,1469726335,1469726340,5
1,1469726339,1469726385,46
4,1469726343,1469726346,3
4,1469726352,1469726355,3
4,1469726355,1469726359,4
4,1469726365,1469726374,9
4,1469726378,1469726381,3
4,1469726386,1469726389,3
1,1469726391,1469726396,5
4,1469726403,1469726426,23
1,1469726416,1469726420,4
1,1469726453,1469726465,12
14,1469726461,1469726511,50
4,1469726467,1469726634,167
1,1469726468,1469726469,1
1,1469726473,1469726475,2
1,1469726484,1469726487,3
1,1469726491,1469726498,7
1,1469726501,1469726514,13
1,1469726527,1469726538,11
1,1469726596,1469726597,1
1,1469726620,1469726627,7
1,1469726631,1469726655,24
4,1469726634,1469726639,5
4,1469726643,1469726648,5
4,1469726649,1469726656,7
1,1469726660,1469726663,3
1,1469726667,1469726672,5
14,1469726671,1469726717,46
1,1469726723,1469726725,2
1,1469726734,1469726736,2
1,1469726745,1469726747,2
1,1469726769,1469726770,1
1,1469726788,1469726807,19
1,1469726819,1469726834,15
1,1469726837,1469726839,2
1,1469726846,1469726851,5
1,1469726868,1469726869,1
1,1469726875,1469726877,2
1,1469726918,1469726943,25
4,1469726932,1469726935,3
1,1469726975,1469726988,13
1,1469727006,1469727008,2
1,1469727021,1469727031,10
1,1469727039,1469727059,20
1,1469727062,1469727067,5
1,1469727070,1469727094,24
1,1469727097,1469727099,2
14,1469727098,1469727349,251
11,1469727116,1469727182,66
1,1469727117,1469727118,1
4,1469727117,1469727120,3
4,1469727120,1469727122,2
4,1469727123,1469727126,3
1,1469727127,1469727129,2
4,1469727127,1469727129,2
4,1469727129,1469727131,2
4,1469727131,1469727133,2
4,1469727134,1469727136,2
4,1469727136,1469727138,2
4,1469727139,1469727141,2
4,1469727141,1469727144,3
4,1469727145,1469727147,2
4,1469727147,1469727149,2
4,1469727149,1469727151,2
4,1469727153,1469727155,2
4,1469727155,1469727157,2
4,1469727158,1469727160,2
4,1469727160,1469727162,2
4,1469727162,1469727164,2
4,1469727165,1469727167,2
4,1469727167,1469727169,2
4,1469727169,1469727171,2
4,1469727171,1469727173,2
4,1469727174,1469727176,2
4,1469727176,1469727178,2
4,1469727178,1469727183,5
11,1469727182,1469727193,11
1,1469727189,1469727195,6
11,1469727193,1469727195,2
4,1469727193,1469727350,157
11,1469727195,1469727202,7
1,1469727198,1469727210,12
11,1469727204,1469727206,2
11,1469727208,1469727210,2
11,1469727210,1469727213,3
11,1469727214,1469727349,135
1,1469727219,1469727221,2
1,1469727231,1469727238,7
1,1469727245,1469727250,5
1,1469727254,1469727262,8
1,1469727267,1469727276,9
1,1469727281,1469727283,2
1,1469727303,1469727317,14
1,1469727321,1469727353,32
5,1469727347,1469727349,2
4,1469727357,1469727359,2
10,1469727357,1469727358,1
4,1469727366,1469727368,2
4,1469727368,1469727370,2
4,1469727371,1469727373,2
10,1469727371,1469727372,1
4,1469727374,1469727377,3
4,1469727377,1469727379,2
4,1469727379,1469727381,2
4,1469727381,1469727384,3
4,1469727384,1469727386,2
4,1469727386,1469727391,5
4,1469727391,1469727397,6
1,1469727395,1469727397,2
4,1469727397,1469727400,3
4,1469727404,1469727407,3
4,1469727408,1469727416,8
1,1469727416,1469727444,28
4,1469727416,1469727444,28
4,1469727444,1469727447,3
4,1469727447,1469727449,2
4,1469727449,1469727451,2
4,1469727451,1469727454,3
4,1469727454,1469727458,4
4,1469727458,1469727460,2
4,1469727460,1469727471,11
4,1469727471,1469727570,99
1,1469727474,1469727475,1
1,1469727480,1469727484,4
1,1469727518,1469727527,9
1,1469727534,1469727536,2
1,1469727542,1469727553,11
14,1469727553,1469736832,9279
1,1469727557,1469727559,2
11,1469727569,1469727636,67
4,1469727571,1469727573,2
4,1469727573,1469727576,3
4,1469727576,1469727579,3
4,1469727580,1469727582,2
4,1469727582,1469727585,3
4,1469727585,1469727587,2
4,1469727587,1469727589,2
4,1469727590,1469727592,2
4,1469727592,1469727595,3
4,1469727595,1469727598,3
4,1469727598,1469727600,2
4,1469727601,1469727603,2
4,1469727603,1469727605,2
4,1469727607,1469727609,2
4,1469727609,1469727612,3
4,1469727612,1469727614,2
4,1469727614,1469727616,2
4,1469727616,1469727619,3
4,1469727619,1469727621,2
4,1469727621,1469727623,2
4,1469727624,1469727626,2
4,1469727626,1469727628,2
4,1469727628,1469727630,2
4,1469727631,1469727636,5
11,1469727636,1469727643,7
1,1469727636,1469727643,7
11,1469727643,1469727646,3
1,1469727646,1469727699,53
11,1469727646,1469727649,3
11,1469727649,1469727692,43
11,1469727692,1469727711,19
4,1469727693,1469727745,52
1,1469727703,1469727721,18
11,1469727712,1469727715,3
11,1469727716,1469727744,28
1,1469727735,1469727773,38
11,1469727744,1469727764,20
11,1469727765,1469727771,6
4,1469727765,1469727812,47
11,1469727771,1469727773,2
11,1469727773,1469727811,38
1,1469727780,1469727782,2
1,1469727790,1469727791,1
1,1469727796,1469727815,19
11,1469727811,1469727827,16
1,1469727820,1469727857,37
11,1469727827,1469727833,6
11,1469727834,1469727838,4
11,1469727839,1469727851,12
11,1469727851,1469727869,18
1,1469727868,1469727876,8
11,1469727872,1469727873,1
11,1469727875,1469727877,2
11,1469727877,1469727883,6
1,1469727883,1469727938,55
11,1469727885,1469727906,21
11,1469727907,1469727912,5
4,1469727907,1469727934,27
11,1469727913,1469727914,1
11,1469727914,1469727915,1
11,1469727916,1469727917,1
11,1469727917,1469727918,1
11,1469727920,1469727922,2
11,1469727922,1469727933,11
11,1469727934,1469727935,1
11,1469727935,1469727938,3
11,1469727938,1469727944,6
1,1469727944,1469727968,24
4,1469727944,1469728068,124
11,1469727945,1469727961,16
11,1469727962,1469727965,3
11,1469727966,1469736832,8866
1,1469727991,1469727995,4
1,1469728010,1469728011,1
1,1469728065,1469728069,4
1,1469728073,1469728080,7
1,1469728086,1469728098,12
1,1469728114,1469728116,2
1,1469736801,1469736809,8
1,1469736813,1469736823,10
1,1469736828,1469736832,4
5,1469736830,1469736832,2
4,1469736832,1469736837,5
4,1469736837,1469736839,2
10,1469736838,1469736840,2
4,1469736839,1469736849,10
1,1469736842,1469736844,2
10,1469736845,1469736847,2
4,1469736852,1469736868,16
1,1469736856,1469736862,6
1,1469736865,1469736882,17
4,1469736883,1469736886,3
4,1469736886,1469736893,7
10,1469736888,1469736892,4
4,1469736894,1469736896,2
4,1469736896,1469736901,5
4,1469736902,1469736905,3
4,1469736905,1469736910,5
1,1469736908,1469736919,11
4,1469736911,1469736913,2
4,1469736913,1469736917,4
1,1469736935,1469736938,3
4,1469736938,1469736958,20
1,1469736942,1469736947,5
1,1469736953,1469736958,5
10,1469736959,1469736962,3
4,1469736962,1469736981,19
10,1469736962,1469736964,2
1,1469736965,1469736966,1
1,1469736974,1469736978,4
4,1469736982,1469736984,2
4,1469736985,1469736988,3
10,1469736985,1469736988,3
10,1469736990,1469737056,66
1,1469736992,1469736997,5
1,1469737001,1469737006,5
1,1469737010,1469737013,3
1,1469737016,1469737020,4
1,1469737023,1469737034,11
1,1469737038,1469737042,4
4,1469737056,1469737058,2
4,1469737058,1469737060,2
4,1469737060,1469737095,35
1,1469737061,1469737080,19
1,1469737089,1469737102,13
4,1469737095,1469737099,4
4,1469737103,1469737105,2
4,1469737106,1469737111,5
1,1469737107,1469737123,16
4,1469737111,1469737122,11
10,1469737111,1469737114,3
1,1469737127,1469737131,4
14,1469737131,1469737177,46
1,1469737137,1469737147,10
1,1469737176,1469737185,9
1,1469737196,1469737204,8
4,1469737206,1469737209,3
4,1469737209,1469737215,6
10,1469737209,1469737210,1
10,1469737210,1469737212,2
1,1469737211,1469737226,15
10,1469737212,1469737215,3
4,1469737215,1469737218,3
4,1469737219,1469737228,9
4,1469737228,1469737238,10
1,1469737230,1469737280,50
4,1469737241,1469737246,5
4,1469737248,1469737267,19
4,1469737273,1469737277,4
4,1469737277,1469737284,7
4,1469737284,1469737354,70
1,1469737286,1469737290,4
14,1469737290,1469737336,46
1,1469737337,1469737357,20
4,1469737358,1469737360,2
4,1469737360,1469737367,7
1,1469737363,1469737375,12
4,1469737370,1469737376,6
4,1469737376,1469737381,5
4,1469737381,1469737393,12
1,1469737383,1469737387,4
4,1469737393,1469737396,3
4,1469737397,1469737400,3
1,1469737398,1469737405,7
4,1469737400,1469737407,7
4,1469737407,1469737410,3
1,1469737409,1469737439,30
4,1469737410,1469737417,7
4,1469737419,1469737423,4
4,1469737423,1469737428,5
4,1469737428,1469737434,6
4,1469737434,1469737439,5
4,1469737439,1469737446,7
4,1469737446,1469737527,81
1,1469737456,1469737464,8
14,1469737464,1469737509,45
1,1469737516,1469737526,10
1,1469737539,1469737544,5
14,1469737544,1469737590,46
1,1469737591,1469737596,5
1,1469737600,1469737601,1
1,1469737604,1469737610,6
1,1469737613,1469737620,7
4,1469737617,1469737727,110
1,1469737623,1469737628,5
1,1469737704,1469737729,25
4,1469737727,1469737730,3
4,1469737730,1469737736,6
10,1469737732,1469737736,4
4,1469737736,1469737744,8
10,1469737737,1469737742,5
1,1469737738,1469737744,6
4,1469737746,1469737750,4
1,1469737747,1469737750,3
1,1469737758,1469737761,3
4,1469737763,1469737765,2
4,1469737765,1469737767,2
4,1469737767,1469737774,7
1,1469737773,1469737774,1
4,1469737774,1469737781,7
4,1469737781,1469737793,12
1,1469737784,1469737786,2
1,1469737791,1469737793,2
4,1469737793,1469737800,7
1,1469737797,1469737810,13
4,1469737804,1469737807,3
4,1469737808,1469737810,2
10,1469737808,1469737809,1
4,1469737812,1469737815,3
1,1469737814,1469737823,9
10,1469737815,1469737817,2
4,1469737819,1469737826,7
4,1469737827,1469737832,5
4,1469737832,1469737841,9
4,1469737841,1469737845,4
1,1469737842,1469737845,3
4,1469737845,1469737848,3
4,1469737848,1469737854,6
1,1469737849,1469737870,21
4,1469737858,1469737870,12
1,1469737886,1469737891,5
4,1469737892,1469737894,2
4,1469737894,1469737896,2
4,1469737897,1469737899,2
10,1469737899,1469737900,1
1,1469737901,1469737904,3
4,1469737903,1469737983,80
1,1469737909,1469737913,4
14,1469737914,1469737923,9
1,1469737921,1469737936,15
1,1469737941,1469737972,31
1,1469737977,1469737980,3
4,1469737983,1469737987,4
4,1469737987,1469737991,4
1,1469737989,1469737990,1
4,1469737991,1469737993,2
4,1469737993,1469737996,3
1,1469737995,1469737998,3
4,1469737996,1469738003,7
4,1469738003,1469738006,3
4,1469738006,1469738009,3
10,1469738007,1469738008,1
4,1469738010,1469738018,8
10,1469738011,1469738018,7
4,1469738019,1469738024,5
4,1469738024,1469738029,5
4,1469738029,1469738032,3
4,1469738034,1469738036,2
4,1469738038,1469738043,5
1,1469738040,1469738042,2
4,1469738045,1469738064,19
1,1469738048,1469738063,15
4,1469738064,1469738067,3
4,1469738067,1469738083,16
4,1469738083,1469738116,33
4,1469738117,1469738120,3
4,1469738120,1469738123,3
4,1469738126,1469738128,2
4,1469738128,1469738130,2
10,1469738131,1469738133,2
4,1469738133,1469738135,2
4,1469738136,1469738139,3
10,1469738139,1469738140,1
4,1469738140,1469738162,22
1,1469738144,1469738148,4
1,1469738153,1469738166,13
4,1469738163,1469738169,6
4,1469738169,1469738172,3
4,1469738175,1469738178,3
4,1469738178,1469738181,3
10,1469738180,1469738181,1
4,1469738181,1469738185,4
10,1469738182,1469738184,2
4,1469738185,1469738188,3
10,1469738186,1469738187,1
4,1469738190,1469738199,9
4,1469738199,1469738201,2
10,1469738200,1469738201,1
4,1469738203,1469738205,2
4,1469738206,1469738208,2
4,1469738208,1469738211,3
10,1469738209,1469738211,2
4,1469738211,1469738218,7
1,1469738216,1469738217,1
4,1469738218,1469738220,2
4,1469738220,1469738223,3
4,1469738223,1469738226,3
4,1469738226,1469738233,7
4,1469738233,1469738235,2
1,1469738233,1469738235,2
4,1469738236,1469738238,2
4,1469738238,1469738245,7
1,1469738241,1469738243,2
4,1469738245,1469738250,5
4,1469738250,1469738287,37
1,1469738256,1469738259,3
14,1469738258,1469738270,12
1,1469738271,1469738272,1
1,1469738278,1469738290,12
4,1469738290,1469738296,6
4,1469738297,1469738354,57
1,1469738303,1469738306,3
1,1469738310,1469738311,1
1,1469738334,1469738372,38
4,1469738355,1469738375,20
14,1469738368,1469738382,14
11,1469738374,1469738382,8
1,1469738375,1469738377,2
4,1469738376,1469738378,2
4,1469738378,1469738382,4
5,1469738380,1469738382,2
1,1469738384,1469738395,11
14,1469738393,1469738431,38
11,1469738395,1469738400,5
4,1469738396,1469738398,2
4,1469738399,1469738401,2
11,1469738400,1469738431,31
1,1469738402,1469738405,3
1,1469738409,1469738410,1
1,1469738421,1469738422,1
1,1469738426,1469738431,5
5,1469738429,1469738431,2
4,1469738431,1469738433,2
4,1469738433,1469738438,5
10,1469738434,1469738435,1
1,1469738444,1469738447,3
14,1469738447,1469738455,8
1,1469738456,1469738468,12
4,1469738461,1469738510,49
14,1469738468,1469738475,7
1,1469738489,1469738490,1
1,1469738500,1469738503,3
1,1469738507,1469738508,1
10,1469738511,1469738512,1
4,1469738512,1469738543,31
1,1469738519,1469738520,1
1,1469738529,1469738531,2
14,1469738531,1469738540,9
1,1469738541,1469738549,8
4,1469738543,1469738549,6
10,1469738544,1469738545,1
1,1469738552,1469738555,3
14,1469738555,1469738563,8
1,1469738569,1469738577,8
1,1469738585,1469738590,5
14,1469738590,1469738601,11
1,1469738593,1469738598,5
1,1469738664,1469738679,15
1,1469738731,1469738737,6
14,1469738737,1469738762,25
1,1469738753,1469738754,1
1,1469738762,1469738767,5
14,1469738767,1469738772,5
1,1469738778,1469738792,14
14,1469738787,1469738794,7
1,1469738796,1469738805,9
1,1469738808,1469738811,3
1,1469738815,1469738816,1
1,1469738852,1469738857,5
1,1469738870,1469738886,16
4,1469738886,1469738888,2
4,1469738889,1469738891,2
4,1469738891,1469738893,2
4,1469738895,1469738898,3
4,1469738899,1469738901,2
4,1469738901,1469738961,60
1,1469738906,1469738910,4
1,1469738923,1469738929,6
14,1469738925,1469738944,19
1,1469738943,1469738945,2
1,1469738948,1469738961,13
1,1469738965,1469739005,40
4,1469738987,1469739002,15
4,1469739002,1469739008,6
1,1469739009,1469739011,2
4,1469739012,1469739017,5
10,1469739013,1469739015,2
1,1469739014,1469739019,5
4,1469739017,1469739019,2
4,1469739019,1469739022,3
4,1469739022,1469739026,4
10,1469739022,1469739025,3
10,1469739025,1469739026,1
1,1469739025,1469739030,5
4,1469739026,1469739030,4
4,1469739030,1469739033,3
4,1469739033,1469739040,7
1,1469739035,1469739042,7
4,1469739043,1469739046,3
4,1469739047,1469739051,4
1,1469739050,1469739073,23
4,1469739060,1469739064,4
4,1469739064,1469739074,10
4,1469739075,1469739079,4
4,1469739079,1469739083,4
1,1469739081,1469739082,1
4,1469739083,1469739086,3
4,1469739086,1469739088,2
4,1469739089,1469739091,2
4,1469739092,1469739095,3
1,1469739094,1469739095,1
4,1469739095,1469739098,3
4,1469739098,1469739100,2
1,1469739102,1469739126,24
4,1469739116,1469739119,3
4,1469739125,1469739127,2
4,1469739127,1469739130,3
10,1469739127,1469739130,3
4,1469739130,1469739138,8
1,1469739131,1469739137,6
4,1469739145,1469739148,3
4,1469739148,1469739153,5
10,1469739152,1469739153,1
4,1469739154,1469739156,2
4,1469739157,1469739159,2
4,1469739159,1469739161,2
4,1469739162,1469739164,2
4,1469739164,1469739167,3
10,1469739165,1469739167,2
4,1469739167,1469739169,2
4,1469739169,1469739171,2
4,1469739171,1469739175,4
4,1469739175,1469739178,3
1,1469739175,1469739180,5
10,1469739177,1469739178,1
4,1469739178,1469739180,2
4,1469739180,1469739190,10
10,1469739182,1469739183,1
10,1469739184,1469739190,6
10,1469739190,1469739192,2
4,1469739192,1469739196,4
4,1469739196,1469739210,14
1,1469739200,1469739215,15
4,1469739211,1469739216,5
1,1469739219,1469739225,6
14,1469739226,1469739275,49
1,1469739246,1469739250,4
1,1469739274,1469739281,7
4,1469739282,1469739525,243
1,1469739286,1469739289,3
1,1469739293,1469739298,5
14,1469739298,1469739345,47
1,1469739346,1469739354,8
14,1469739354,1469739373,19
1,1469739375,1469739405,30
14,1469739380,1469739385,5
14,1469739404,1469739426,22
1,1469739427,1469739453,26
14,1469739431,1469739436,5
14,1469739442,1469739447,5
14,1469739451,1469739476,25
1,1469739475,1469739482,7
1,1469739486,1469739488,2
1,1469739494,1469739498,4
1,1469739507,1469739521,14
4,1469739526,1469739528,2
10,1469739526,1469739527,1
4,1469739528,1469739530,2
4,1469739530,1469739533,3
4,1469739534,1469739538,4
1,1469739538,1469739539,1
1,1469739542,1469739552,10
14,1469739549,1469739593,44
1,1469739595,1469739608,13
4,1469739609,1469739614,5
1,1469739614,1469739615,1
1,1469739618,1469739627,9
14,1469739627,1469739665,38
1,1469739663,1469739677,14
4,1469739677,1469739680,3
1,1469739684,1469739685,1
4,1469739686,1469739690,4
1,1469739688,1469739689,1
4,1469739691,1469739693,2
4,1469739695,1469739699,4
1,1469739699,1469739702,3
4,1469739704,1469739706,2
4,1469739709,1469739912,203
1,1469739712,1469739719,7
14,1469739718,1469739753,35
1,1469739753,1469739756,3
1,1469739759,1469739760,1
1,1469739771,1469739786,15
1,1469739790,1469739809,19
1,1469739890,1469739895,5
1,1469739899,1469739908,9
14,1469739908,1469740555,647
11,1469739911,1469739941,30
4,1469739912,1469739914,2
4,1469739914,1469739917,3
4,1469739917,1469739920,3
4,1469739921,1469739923,2
4,1469739923,1469739926,3
4,1469739926,1469739928,2
4,1469739929,1469739931,2
4,1469739931,1469739933,2
4,1469739934,1469739936,2
4,1469739936,1469739941,5
11,1469739941,1469740306,365
1,1469739945,1469739966,21
1,1469739971,1469739991,20
1,1469740005,1469740022,17
1,1469740029,1469740046,17
1,1469740049,1469740061,12
1,1469740136,1469740139,3
1,1469740149,1469740164,15
4,1469740165,1469740173,8
4,1469740174,1469740181,7
1,1469740177,1469740180,3
4,1469740186,1469740191,5
1,1469740188,1469740190,2
1,1469740282,1469740299,17
4,1469740300,1469740302,2
4,1469740302,1469740305,3
4,1469740305,1469740309,4
11,1469740306,1469740312,6
4,1469740311,1469740314,3
11,1469740312,1469740317,5
4,1469740316,1469740320,4
11,1469740318,1469740320,2
4,1469740320,1469740554,234
11,1469740320,1469740555,235
1,1469740324,1469740364,40
1,1469740367,1469740385,18
1,1469740424,1469740438,14
1,1469740441,1469740446,5
1,1469740450,1469740459,9
1,1469740462,1469740466,4
1,1469740473,1469740474,1
1,1469740481,1469740514,33
1,1469740536,1469740538,2
1,1469740550,1469740566,16
14,1469740561,1469740846,285
11,1469740578,1469740608,30
4,1469740579,1469740581,2
4,1469740581,1469740583,2
4,1469740584,1469740587,3
4,1469740588,1469740590,2
4,1469740591,1469740593,2
4,1469740593,1469740595,2
4,1469740596,1469740598,2
4,1469740598,1469740601,3
4,1469740601,1469740603,2
4,1469740603,1469740609,6
1,1469740606,1469740608,2
11,1469740608,1469740623,15
1,1469740622,1469740663,41
11,1469740624,1469740625,1
4,1469740625,1469740712,87
11,1469740635,1469740640,5
11,1469740643,1469740648,5
11,1469740649,1469740651,2
11,1469740660,1469740661,1
11,1469740663,1469740674,11
1,1469740666,1469740669,3
1,1469740673,1469740693,20
11,1469740676,1469740679,3
11,1469740683,1469740685,2
11,1469740693,1469740700,7
1,1469740696,1469740702,6
11,1469740702,1469740706,4
1,1469740706,1469740722,16
11,1469740706,1469740708,2
11,1469740713,1469740743,30
4,1469740719,1469740743,24
1,1469740725,1469740756,31
11,1469740743,1469740745,2
11,1469740745,1469740747,2
11,1469740747,1469740753,6
11,1469740756,1469740760,4
1,1469740760,1469740779,19
11,1469740760,1469740761,1
11,1469740762,1469740763,1
11,1469740766,1469740813,47
1,1469740810,1469740830,20
11,1469740813,1469740826,13
4,1469740813,1469740828,15
11,1469740828,1469740846,18
4,1469740830,1469740836,6
4,1469740836,1469740838,2
1,1469740838,1469740851,13
4,1469740838,1469740840,2
4,1469740841,1469740843,2
4,1469740843,1469740846,3
5,1469740844,1469740846,2
4,1469740852,1469740855,3
4,1469740855,1469740858,3
4,1469740858,1469740860,2
4,1469740860,1469740862,2
4,1469740862,1469740866,4
10,1469740865,1469740866,1
4,1469740866,1469740868,2
10,1469740869,1469740870,1
4,1469740870,1469740873,3
4,1469740873,1469740876,3
4,1469740878,1469740885,7
10,1469740880,1469740882,2
10,1469740883,1469740884,1
4,1469740885,1469740887,2
4,1469740887,1469740890,3
10,1469740888,1469740890,2
4,1469740890,1469740893,3
4,1469740896,1469740899,3
1,1469740900,1469740907,7
4,1469740902,1469740904,2
4,1469740904,1469740908,4
4,1469740908,1469740913,5
1,1469740913,1469740921,8
4,1469740913,1469741295,382
14,1469740921,1469740956,35
1,1469740962,1469740965,3
1,1469740968,1469740971,3
1,1469740975,1469740988,13
14,1469740988,1469741091,103
1,1469741017,1469741019,2
1,1469741023,1469741028,5
1,1469741096,1469741108,12
1,1469741125,1469741127,2
1,1469741135,1469741144,9
1,1469741161,1469741171,10
1,1469741275,1469741277,2
1,1469741283,1469741291,8
14,1469741291,1469741459,168
11,1469741294,1469741340,46
4,1469741295,1469741297,2
4,1469741298,1469741300,2
4,1469741300,1469741303,3
1,1469741304,1469741322,18
4,1469741304,1469741307,3
4,1469741307,1469741309,2
4,1469741310,1469741312,2
4,1469741313,1469741316,3
4,1469741316,1469741319,3
4,1469741319,1469741321,2
4,1469741322,1469741325,3
4,1469741325,1469741327,2
4,1469741327,1469741330,3
4,1469741330,1469741333,3
4,1469741334,1469741336,2
1,1469741336,1469741423,87
11,1469741340,1469741346,6
4,1469741341,1469741347,6
11,1469741347,1469741358,11
11,1469741359,1469741370,11
11,1469741370,1469741374,4
4,1469741371,1469741374,3
11,1469741374,1469741378,4
11,1469741378,1469741380,2
11,1469741380,1469741382,2
11,1469741383,1469741436,53
1,1469741432,1469741439,7
11,1469741436,1469741438,2
4,1469741436,1469741440,4
11,1469741438,1469741439,1
11,1469741439,1469741459,20
4,1469741441,1469741448,7
1,1469741444,1469741464,20
4,1469741448,1469741450,2
4,1469741452,1469741454,2
4,1469741454,1469741457,3
4,1469741457,1469741483,26
5,1469741457,1469741459,2
1,1469741475,1469741479,4
14,1469741478,1469741722,244
11,1469741481,1469741529,48
4,1469741483,1469741485,2
4,1469741486,1469741488,2
4,1469741489,1469741491,2
4,1469741492,1469741494,2
4,1469741495,1469741497,2
4,1469741497,1469741499,2
1,1469741498,1469741499,1
4,1469741500,1469741502,2
4,1469741502,1469741504,2
4,1469741505,1469741507,2
4,1469741507,1469741510,3
4,1469741512,1469741514,2
4,1469741514,1469741517,3
4,1469741518,1469741520,2
4,1469741521,1469741523,2
4,1469741523,1469741525,2
4,1469741525,1469741540,15
11,1469741529,1469741540,11
1,1469741536,1469741549,13
11,1469741540,1469741541,1
11,1469741541,1469741547,6
11,1469741547,1469741721,174
1,1469741575,1469741579,4
1,1469741591,1469741599,8
4,1469741596,1469741722,126
1,1469741606,1469741610,4
1,1469741613,1469741618,5
1,1469741641,1469741646,5
1,1469741689,1469741713,24
1,1469741716,1469741727,11
5,1469741719,1469741721,2
4,1469741725,1469741728,3
4,1469741728,1469742325,597
1,1469741740,1469741744,4
14,1469741744,1469741787,43
1,1469741750,1469741753,3
1,1469741797,1469741821,24
1,1469741832,1469741850,18
1,1469741854,1469741861,7
1,1469742069,1469742071,2
1,1469742089,1469742091,2
1,1469742196,1469742207,11
1,1469742267,1469742302,35
1,1469742305,1469742313,8
1,1469742317,1469742333,16
1,1469742340,1469742346,6
4,1469742342,1469742348,6
10,1469742346,1469742348,2
4,1469742348,1469742356,8
1,1469742350,1469742352,2
10,1469742351,1469742356,5
1,1469742358,1469742370,12
4,1469742363,1469742371,8
4,1469742372,1469742374,2
4,1469742374,1469742377,3
10,1469742375,1469742376,1
4,1469742377,1469742400,23
10,1469742378,1469742379,1
1,1469742388,1469742389,1
1,1469742398,1469742402,4
4,1469742403,1469742405,2
4,1469742405,1469742410,5
10,1469742406,1469742410,4
4,1469742412,1469742415,3
10,1469742412,1469742413,1
10,1469742413,1469742415,2
4,1469742415,1469742419,4
4,1469742420,1469742422,2
10,1469742420,1469742422,2
4,1469742422,1469742425,3
4,1469742427,1469742429,2
4,1469742429,1469742432,3
4,1469742432,1469742435,3
4,1469742435,1469742446,11
1,1469742444,1469742454,10
4,1469742455,1469742458,3
10,1469742457,1469742458,1
4,1469742458,1469742462,4
4,1469742462,1469742465,3
4,1469742465,1469742467,2
4,1469742467,1469742469,2
4,1469742470,1469742478,8
10,1469742472,1469742478,6
4,1469742479,1469742481,2
10,1469742480,1469742481,1
4,1469742482,1469742485,3
4,1469742486,1469742488,2
1,1469742489,1469742494,5
4,1469742491,1469742494,3
4,1469742496,1469742508,12
10,1469742503,1469742508,5
4,1469742516,1469742522,6
10,1469742517,1469742518,1
4,1469742526,1469742528,2
10,1469742527,1469742528,1
4,1469742529,1469742536,7
1,1469742534,1469742537,3
1,1469742550,1469742565,15
4,1469742555,1469742558,3
4,1469742559,1469742563,4
10,1469742560,1469742561,1
4,1469742564,1469742661,97
1,1469742597,1469742602,5
1,1469742608,1469742615,7
1,1469742620,1469742623,3
1,1469742634,1469742644,10
1,1469742648,1469742660,12
4,1469742662,1469742667,5
4,1469742667,1469742670,3
4,1469742671,1469742680,9
10,1469742673,1469742674,1
1,1469742680,1469742688,8
4,1469742680,1469744318,1638
14,1469742685,1469742732,47
1,1469744067,1469744069,2
1,1469744111,1469744120,9
1,1469744277,1469744298,21
1,1469744303,1469744307,4
4,1469744318,1469744321,3
10,1469744320,1469744321,1
4,1469744322,1469744324,2
4,1469744325,1469744328,3
10,1469744328,1469744330,2
4,1469744330,1469744350,20
10,1469744330,1469744332,2
10,1469744335,1469744342,7
1,1469744348,1469744349,1
10,1469744351,1469744353,2
10,1469744355,1469744356,1
4,1469744356,1469744358,2
10,1469744358,1469744361,3
4,1469744360,1469744363,3
4,1469744363,1469744375,12
10,1469744364,1469744375,11
4,1469744375,1469744381,6
10,1469744382,1469744386,4
1,1469744386,1469744393,7
4,1469744395,1469744398,3
4,1469744399,1469744402,3
4,1469744402,1469744404,2
4,1469744404,1469744406,2
10,1469744404,1469744406,2
4,1469744407,1469744412,5
4,1469744412,1469744420,8
1,1469744420,1469744423,3
4,1469744424,1469744426,2
4,1469744427,1469744430,3
10,1469744429,1469744430,1
4,1469744431,1469744433,2
10,1469744432,1469744433,1
4,1469744434,1469744437,3
10,1469744436,1469744437,1
4,1469744438,1469744440,2
4,1469744449,1469744451,2
4,1469744451,1469744454,3
1,1469744462,1469744467,5
4,1469744469,1469744471,2
4,1469744471,1469744473,2
4,1469744473,1469744476,3
4,1469744476,1469744486,10
1,1469744482,1469744485,3
4,1469744486,1469744493,7
1,1469744489,1469744508,19
4,1469744495,1469744523,28
14,1469744502,1469744626,124
11,1469744520,1469744583,63
4,1469744523,1469744525,2
4,1469744526,1469744528,2
4,1469744529,1469744532,3
4,1469744533,1469744535,2
1,1469744535,1469744537,2
4,1469744536,1469744538,2
4,1469744538,1469744540,2
4,1469744540,1469744543,3
4,1469744543,1469744545,2
4,1469744545,1469744548,3
4,1469744548,1469744551,3
4,1469744551,1469744553,2
4,1469744554,1469744556,2
4,1469744556,1469744558,2
4,1469744560,1469744562,2
4,1469744562,1469744564,2
1,1469744564,1469744565,1
4,1469744564,1469744566,2
4,1469744567,1469744569,2
4,1469744569,1469744571,2
4,1469744571,1469744573,2
4,1469744574,1469744576,2
4,1469744576,1469744578,2
4,1469744578,1469744586,8
11,1469744583,1469744586,3
1,1469744584,1469744589,5
11,1469744588,1469744626,38
4,1469744590,1469744610,20
1,1469744594,1469744610,16
1,1469744616,1469744617,1
1,1469744621,1469744629,8
5,1469744624,1469744626,2
4,1469744626,1469744630,4
4,1469744630,1469744634,4
4,1469744635,1469744637,2
4,1469744637,1469744641,4
4,1469744642,1469744670,28
1,1469744645,1469744658,13
14,1469744651,1469744846,195
11,1469744669,1469744729,60
4,1469744670,1469744673,3
4,1469744673,1469744675,2
4,1469744676,1469744679,3
4,1469744680,1469744682,2
4,1469744682,1469744684,2
4,1469744684,1469744686,2
4,1469744687,1469744689,2
4,1469744689,1469744691,2
4,1469744692,1469744694,2
4,1469744694,1469744697,3
4,1469744697,1469744699,2
4,1469744700,1469744702,2
4,1469744702,1469744706,4
4,1469744706,1469744708,2
4,1469744709,1469744711,2
4,1469744711,1469744713,2
4,1469744713,1469744715,2
4,1469744716,1469744718,2
4,1469744718,1469744720,2
4,1469744720,1469744722,2
4,1469744722,1469744724,2
4,1469744725,1469744736,11
11,1469744729,1469744731,2
1,1469744729,1469744751,22
11,1469744731,1469744735,4
11,1469744736,1469744741,5
4,1469744738,1469744799,61
11,1469744742,1469744747,5
11,1469744749,1469744751,2
11,1469744752,1469744799,47
1,1469744769,1469744770,1
1,1469744797,1469744806,9
11,1469744800,1469744827,27
1,1469744813,1469744844,31
11,1469744827,1469744846,19
4,1469744828,1469744835,7
4,1469744836,1469744838,2
4,1469744838,1469744840,2
4,1469744840,1469744843,3
4,1469744843,1469744847,4
5,1469744845,1469744846,1
1,1469744853,1469744858,5
1,1469744862,1469744883,21
4,1469744886,1469744888,2
1,1469744894,1469744901,7
4,1469744899,1469744903,4
4,1469744903,1469744915,12
10,1469744905,1469744906,1
1,1469744911,1469744912,1
4,1469744915,1469744978,63
1,1469744917,1469744921,4
1,1469744926,1469744930,4
14,1469744929,1469744971,42
1,1469744972,1469744977,5
4,1469744978,1469745114,136
1,1469744982,1469744991,9
1,1469744996,1469745002,6
1,1469745009,1469745030,21
1,1469745040,1469745059,19
1,1469745064,1469745076,12
1,1469745081,1469745085,4
1,1469745096,1469745106,10
1,1469745111,1469745113,2
4,1469745114,1469745116,2
4,1469745116,1469745119,3
1,1469745121,1469745122,1
4,1469745123,1469745125,2
4,1469745126,1469745140,14
1,1469745127,1469745150,23
4,1469745144,1469745150,6
4,1469745153,1469745156,3
1,1469745154,1469745160,6
4,1469745156,1469745161,5
4,1469745161,1469745163,2
4,1469745163,1469745165,2
4,1469745165,1469745168,3
4,1469745168,1469745170,2
4,1469745170,1469745172,2
4,1469745172,1469745175,3
4,1469745175,1469745179,4
4,1469745179,1469745181,2
4,1469745181,1469745185,4
4,1469745185,1469745208,23
1,1469745187,1469745193,6
4,1469745208,1469745215,7
1,1469745209,1469745213,4
4,1469745215,1469745223,8
1,1469745219,1469745223,4
4,1469745223,1469745232,9
1,1469745227,1469745237,10
4,1469745232,1469745288,56
14,1469745237,1469745282,45
1,1469745284,1469745300,16
4,1469745288,1469745299,11
10,1469745290,1469745294,4
1,1469745304,1469745306,2
4,1469745307,1469745309,2
4,1469745309,1469745312,3
4,1469745312,1469745316,4
4,1469745316,1469745318,2
4,1469745318,1469745326,8
1,1469745321,1469745330,9
4,1469745326,1469745332,6
1,1469745336,1469745342,6
4,1469745340,1469745342,2
4,1469745343,1469745351,8
4,1469745351,1469745446,95
1,1469745352,1469745356,4
14,1469745355,1469745399,44
1,1469745375,1469745376,1
1,1469745399,1469745403,4
1,1469745410,1469745415,5
1,1469745433,1469745441,8
4,1469745446,1469745461,15
4,1469745461,1469745469,8
1,1469745463,1469745465,2
4,1469745469,1469745490,21
1,1469745471,1469745472,1
1,1469745477,1469745482,5
1,1469745485,1469745494,9
4,1469745490,1469745518,28
4,1469745518,1469745527,9
1,1469745523,1469745524,1
4,1469745527,1469745719,192
1,1469745529,1469745550,21
14,1469745545,1469745670,125
1,1469745638,1469745643,5
1,1469745660,1469745661,1
1,1469745683,1469745687,4
1,1469745695,1469745718,23
4,1469745719,1469745721,2
4,1469745721,1469745724,3
4,1469745724,1469745726,2
4,1469745729,1469745734,5
1,1469745731,1469745735,4
4,1469745739,1469745741,2
4,1469745742,1469745745,3
4,1469745745,1469745747,2
4,1469745748,1469745757,9
1,1469745751,1469745759,8
4,1469745757,1469745768,11
1,1469745764,1469745793,29
4,1469745768,1469745772,4
4,1469745790,1469745793,3
4,1469745794,1469745803,9
1,1469745799,1469745815,16
4,1469745803,1469745807,4
4,1469745819,1469745824,5
1,1469745820,1469745824,4
4,1469745825,1469745828,3
4,1469745828,1469745835,7
1,1469745830,1469745831,1
4,1469745835,1469745951,116
1,1469745838,1469745841,3
1,1469745865,1469745874,9
14,1469745873,1469746011,138
1,1469745881,1469745888,7
1,1469745919,1469745925,6
1,1469745931,1469745935,4
1,1469745939,1469745957,18
4,1469745953,1469745957,4
1,1469745961,1469745962,1
4,1469745971,1469745988,17
4,1469745988,1469745990,2
4,1469745990,1469746010,20
4,1469746010,1469746019,9
1,1469746015,1469746016,1
4,1469746019,1469746156,137
1,1469746021,1469746027,6
14,1469746027,1469746140,113
1,1469746044,1469746049,5
1,1469746078,1469746094,16
1,1469746100,1469746102,2
1,1469746114,1469746119,5
1,1469746125,1469746129,4
1,1469746145,1469746155,10
4,1469746156,1469746170,14
1,1469746162,1469746164,2
1,1469746167,1469746174,7
4,1469746172,1469746182,10
1,1469746178,1469746180,2
4,1469746182,1469746199,17
1,1469746183,1469746198,15
14,1469746187,1469746311,124
4,1469746208,1469746337,129
1,1469746283,1469746285,2
1,1469746330,1469746344,14
4,1469746344,1469746352,8
1,1469746348,1469746350,2
4,1469746352,1469746359,7
1,1469746353,1469746358,5
1,1469746363,1469746385,22
4,1469746368,1469746502,134
1,1469746415,1469746426,11
1,1469746442,1469746450,8
1,1469746453,1469746454,1
1,1469746461,1469746478,17
1,1469746482,1469746498,16
14,1469746483,1469746779,296
11,1469746500,1469746624,124
1,1469746501,1469746508,7
4,1469746503,1469746505,2
4,1469746506,1469746508,2
4,1469746509,1469746512,3
4,1469746512,1469746514,2
4,1469746515,1469746517,2
4,1469746517,1469746519,2
4,1469746520,1469746522,2
4,1469746522,1469746524,2
4,1469746525,1469746528,3
4,1469746528,1469746531,3
1,1469746531,1469746535,4
4,1469746531,1469746533,2
4,1469746534,1469746536,2
4,1469746536,1469746538,2
4,1469746538,1469746541,3
4,1469746541,1469746543,2
4,1469746544,1469746546,2
4,1469746546,1469746548,2
4,1469746548,1469746550,2
4,1469746551,1469746553,2
4,1469746553,1469746555,2
4,1469746555,1469746557,2
4,1469746557,1469746559,2
4,1469746560,1469746562,2
4,1469746562,1469746564,2
4,1469746564,1469746566,2
4,1469746566,1469746568,2
4,1469746569,1469746571,2
4,1469746571,1469746573,2
1,1469746571,1469746587,16
4,1469746573,1469746575,2
4,1469746576,1469746578,2
4,1469746578,1469746580,2
4,1469746581,1469746583,2
4,1469746583,1469746585,2
4,1469746586,1469746588,2
4,1469746588,1469746590,2
4,1469746590,1469746593,3
4,1469746593,1469746595,2
4,1469746595,1469746597,2
4,1469746597,1469746599,2
4,1469746600,1469746602,2
4,1469746602,1469746604,2
4,1469746604,1469746606,2
4,1469746606,1469746608,2
4,1469746609,1469746611,2
4,1469746611,1469746613,2
4,1469746613,1469746615,2
4,1469746615,1469746617,2
1,1469746617,1469746621,4
4,1469746618,1469746620,2
4,1469746620,1469746624,4
11,1469746624,1469746635,11
1,1469746627,1469746628,1
1,1469746632,1469746647,15
11,1469746636,1469746642,6
11,1469746642,1469746655,13
1,1469746655,1469746783,128
11,1469746655,1469746659,4
11,1469746659,1469746663,4
11,1469746664,1469746665,1
11,1469746665,1469746667,2
11,1469746667,1469746668,1
11,1469746668,1469746670,2
4,1469746671,1469746674,3
11,1469746671,1469746673,2
11,1469746674,1469746676,2
11,1469746676,1469746677,1
11,1469746680,1469746682,2
11,1469746683,1469746684,1
11,1469746686,1469746687,1
4,1469746691,1469746719,28
11,1469746692,1469746694,2
11,1469746694,1469746696,2
11,1469746697,1469746698,1
11,1469746702,1469746703,1
11,1469746708,1469746710,2
11,1469746712,1469746714,2
11,1469746715,1469746717,2
11,1469746717,1469746718,1
11,1469746720,1469746721,1
11,1469746721,1469746722,1
11,1469746722,1469746723,1
11,1469746726,1469746728,2
11,1469746728,1469746729,1
11,1469746740,1469746741,1
11,1469746751,1469746752,1
11,1469746754,1469746755,1
11,1469746756,1469746757,1
11,1469746762,1469746764,2
11,1469746764,1469746766,2
11,1469746766,1469746767,1
4,1469746767,1469746780,13
11,1469746768,1469746770,2
11,1469746775,1469746779,4
5,1469746777,1469746779,2
4,1469746786,1469746799,13
1,1469746789,1469746798,9
4,1469746799,1469746802,3
4,1469746802,1469746804,2
4,1469746804,1469746808,4
4,1469746808,1469746814,6
1,1469746810,1469746834,24
4,1469746816,1469746850,34
14,1469746833,1469746997,164
1,1469746839,1469746845,6
11,1469746849,1469746970,121
4,1469746850,1469746853,3
4,1469746853,1469746855,2
4,1469746856,1469746859,3
4,1469746860,1469746862,2
4,1469746862,1469746865,3
4,1469746865,1469746867,2
4,1469746867,1469746870,3
4,1469746870,1469746872,2
4,1469746873,1469746876,3
4,1469746876,1469746880,4
4,1469746880,1469746882,2
4,1469746882,1469746885,3
4,1469746885,1469746888,3
4,1469746888,1469746890,2
4,1469746890,1469746892,2
4,1469746893,1469746895,2
4,1469746895,1469746897,2
4,1469746897,1469746899,2
4,1469746900,1469746902,2
4,1469746902,1469746904,2
4,1469746904,1469746906,2
4,1469746906,1469746908,2
4,1469746909,1469746911,2
4,1469746911,1469746913,2
4,1469746913,1469746915,2
1,1469746914,1469746918,4
4,1469746915,1469746918,3
4,1469746918,1469746920,2
4,1469746920,1469746922,2
4,1469746922,1469746924,2
4,1469746925,1469746927,2
4,1469746927,1469746929,2
4,1469746929,1469746931,2
4,1469746931,1469746933,2
4,1469746934,1469746936,2
4,1469746936,1469746938,2
4,1469746938,1469746940,2
4,1469746940,1469746942,2
4,1469746943,1469746945,2
4,1469746945,1469746947,2
4,1469746947,1469746949,2
4,1469746950,1469746952,2
4,1469746952,1469746954,2
4,1469746954,1469746956,2
4,1469746956,1469746958,2
4,1469746959,1469746961,2
4,1469746961,1469746963,2
4,1469746963,1469746965,2
4,1469746965,1469746971,6
11,1469746970,1469746997,27
1,1469746973,1469746997,24
4,1469746977,1469746997,20
5,1469746994,1469746997,3
4,1469747000,1469747002,2
4,1469747002,1469747013,11
4,1469747013,1469747035,22
1,1469747023,1469747026,3
1,1469747032,1469747034,2
4,1469747037,1469747052,15
1,1469747043,1469747045,2
1,1469747048,1469747070,22
4,1469747052,1469747201,149
14,1469747070,1469747172,102
1,1469747174,1469747179,5
1,1469747186,1469747194,8
1,1469747197,1469747205,8
4,1469747201,1469747236,35
1,1469747209,1469747212,3
1,1469747215,1469747233,18
4,1469747236,1469747239,3
4,1469747240,1469747243,3
4,1469747243,1469747249,6
1,1469747247,1469747251,4
1,1469747254,1469747258,4
1,1469747273,1469747276,3
4,1469747277,1469747279,2
1,1469747284,1469747302,18
14,1469747301,1469747514,213
1,1469747311,1469747316,5
11,1469747331,1469747393,62
4,1469747332,1469747334,2
4,1469747334,1469747336,2
4,1469747337,1469747339,2
4,1469747339,1469747341,2
4,1469747342,1469747344,2
4,1469747344,1469747346,2
4,1469747347,1469747349,2
4,1469747349,1469747351,2
1,1469747350,1469747352,2
4,1469747352,1469747354,2
4,1469747354,1469747356,2
4,1469747357,1469747359,2
4,1469747360,1469747363,3
4,1469747363,1469747365,2
4,1469747366,1469747368,2
4,1469747368,1469747371,3
4,1469747371,1469747373,2
4,1469747374,1469747376,2
4,1469747376,1469747378,2
4,1469747378,1469747380,2
4,1469747380,1469747382,2
4,1469747383,1469747385,2
4,1469747385,1469747387,2
4,1469747387,1469747389,2
4,1469747390,1469747398,8
11,1469747393,1469747514,121
1,1469747394,1469747404,10
4,1469747402,1469747514,112
1,1469747408,1469747412,4
1,1469747416,1469747419,3
1,1469747426,1469747440,14
1,1469747483,1469747519,36
5,1469747512,1469747514,2
14,1469747519,1469747582,63
11,1469747522,1469747582,60
1,1469747522,1469747525,3
4,1469747523,1469747526,3
4,1469747526,1469747528,2
4,1469747528,1469747530,2
1,1469747528,1469747530,2
4,1469747532,1469747534,2
4,1469747534,1469747536,2
4,1469747536,1469747538,2
1,1469747538,1469747554,16
4,1469747539,1469747541,2
4,1469747541,1469747543,2
4,1469747544,1469747546,2
4,1469747546,1469747549,3
4,1469747549,1469747552,3
4,1469747552,1469747554,2
4,1469747555,1469747557,2
4,1469747557,1469747560,3
4,1469747561,1469747563,2
4,1469747564,1469747566,2
4,1469747566,1469747568,2
4,1469747568,1469747570,2
4,1469747570,1469747572,2
4,1469747573,1469747575,2
1,1469747574,1469747583,9
4,1469747575,1469747577,2
4,1469747577,1469747583,6
5,1469747580,1469747582,2
4,1469747586,1469747589,3
4,1469747589,1469747592,3
1,1469747590,1469747591,1
1,1469747596,1469747598,2
4,1469747597,1469747832,235
1,1469747605,1469747608,3
14,1469747608,1469747652,44
1,1469747653,1469747657,4
1,1469747661,1469747664,3
1,1469747669,1469747672,3
1,1469747676,1469747687,11
14,1469747686,1469747769,83
1,1469747769,1469747776,7
1,1469747783,1469747784,1
1,1469747789,1469747796,7
1,1469747799,1469747804,5
1,1469747807,1469747827,20
1,1469747830,1469747845,15
4,1469747832,1469747836,4
4,1469747836,1469747843,7
4,1469747843,1469747846,3
4,1469747846,1469747848,2
4,1469747849,1469747853,4
1,1469747853,1469747855,2
4,1469747856,1469747862,6
1,1469747860,1469747862,2
4,1469747862,1469747865,3
10,1469747863,1469747865,2
4,1469747865,1469747875,10
1,1469747871,1469747873,2
1,1469747878,1469747883,5
4,1469747880,1469747883,3
4,1469747884,1469747889,5
10,1469747886,1469747889,3
1,1469747888,1469747892,4
4,1469747889,1469747892,3
1,1469747896,1469747913,17
4,1469747901,1469747906,5
4,1469747906,1469747910,4
4,1469747910,1469747915,5
4,1469747915,1469747917,2
4,1469747917,1469747920,3
4,1469747920,1469747924,4
1,1469747923,1469747927,4
4,1469747924,1469747979,55
14,1469747928,1469747937,9
1,1469747931,1469747984,53
4,1469747979,1469747983,4
1,1469747987,1469747993,6
4,1469747988,1469748122,134
1,1469747996,1469748001,5
1,1469748004,1469748008,4
14,1469748008,1469748017,9
1,1469748018,1469748024,6
14,1469748023,1469748093,70
1,1469748067,1469748070,3
1,1469748078,1469748086,8
1,1469748092,1469748099,7
1,1469748115,1469748122,7
1,1469748129,1469748139,10
1,1469748151,1469748153,2
1,1469748176,1469748178,2
1,1469748187,1469748194,7
1,1469748198,1469748202,4
1,1469748210,1469748214,4
1,1469748221,1469748224,3
1,1469748228,1469748230,2
1,1469748241,1469748249,8
1,1469748253,1469748263,10
4,1469748261,1469748449,188
1,1469748273,1469748277,4
1,1469748280,1469748287,7
14,1469748287,1469748324,37
1,1469748328,1469748329,1
1,1469748354,1469748357,3
1,1469748362,1469748363,1
1,1469748369,1469748392,23
1,1469748397,1469748399,2
1,1469748406,1469748410,4
1,1469748421,1469748425,4
1,1469748446,1469748454,8
4,1469748455,1469748480,25
1,1469748472,1469748482,10
4,1469748483,1469748488,5
1,1469748495,1469748499,4
14,1469748499,1469748523,24
1,1469748527,1469748528,1
1,1469748552,1469748557,5
1,1469748566,1469748567,1
1,1469748585,1469748591,6
1,1469748603,1469748604,1
1,1469748614,1469748617,3
4,1469748618,1469748705,87
1,1469748625,1469748634,9
1,1469748645,1469748649,4
1,1469748653,1469748660,7
1,1469748678,1469748684,6
14,1469748683,1469748704,21
1,1469748689,1469748697,8
1,1469748702,1469748704,2
4,1469748705,1469748721,16
1,1469748714,1469748722,8
4,1469748721,1469748786,65
1,1469748735,1469748753,18
14,1469748747,1469748765,18
1,1469748756,1469748768,12
1,1469748771,1469748786,15
4,1469748786,1469748793,7
1,1469748790,1469748791,1
4,1469748793,1469748825,32
1,1469748799,1469748806,7
1,1469748810,1469748824,14
4,1469748826,1469748828,2
4,1469748828,1469748832,4
1,1469748834,1469748844,10
4,1469748839,1469748863,24
1,1469748851,1469748854,3
1,1469748857,1469748902,45
4,1469748863,1469748866,3
4,1469748866,1469748871,5
4,1469748871,1469748875,4
4,1469748875,1469748885,10
4,1469748885,1469748888,3
4,1469748888,1469748890,2
4,1469748892,1469748897,5
4,1469748897,1469748900,3
4,1469748900,1469748908,8
4,1469748908,1469748915,7
4,1469748915,1469748923,8
1,1469748920,1469748937,17
4,1469748923,1469748946,23
1,1469748941,1469748944,3
4,1469748947,1469748949,2
4,1469748956,1469748962,6
4,1469748962,1469749083,121
1,1469748966,1469748988,22
1,1469748991,1469748996,5
1,1469748999,1469749015,16
14,1469749015,1469749053,38
1,1469749019,1469749024,5
1,1469749056,1469749083,27
4,1469749085,1469749165,80
1,1469749104,1469749120,16
1,1469749124,1469749149,25
1,1469749152,1469749167,15
4,1469749166,1469749168,2
4,1469749168,1469749173,5
4,1469749173,1469749178,5
4,1469749178,1469749442,264
1,1469749179,1469749185,6
14,1469749185,1469749276,91
1,1469749280,1469749289,9
1,1469749294,1469749318,24
1,1469749327,1469749333,6
1,1469749343,1469749346,3
1,1469749351,1469749365,14
1,1469749370,1469749372,2
1,1469749379,1469749387,8
1,1469749390,1469749402,12
1,1469749421,1469749430,9
1,1469749434,1469749436,2
4,1469749442,1469749444,2
4,1469749445,1469749447,2
4,1469749447,1469749449,2
4,1469749456,1469749459,3
4,1469749459,1469749463,4
4,1469749463,1469749465,2
4,1469749465,1469749477,12
1,1469749471,1469749479,8
4,1469749479,1469749482,3
4,1469749482,1469749515,33
1,1469749486,1469749495,9
1,1469749513,1469749515,2
4,1469749515,1469749529,14
4,1469749535,1469749551,16
1,1469749538,1469749546,8
4,1469749553,1469749591,38
1,1469749579,1469749583,4
4,1469749592,1469749597,5
4,1469749602,1469749605,3
4,1469749605,1469749644,39
1,1469749606,1469749627,21
1,1469749635,1469749639,4
1,1469749646,1469749648,2
1,1469749659,1469749666,7
14,1469749661,1469749689,28
1,1469749692,1469749701,9
4,1469749702,1469749705,3
4,1469749705,1469749714,9
1,1469749707,1469749716,9
4,1469749715,1469749718,3
4,1469749718,1469749724,6
1,1469749720,1469749726,6
4,1469749726,1469749732,6
1,1469749729,1469749734,5
4,1469749736,1469749743,7
1,1469749741,1469749742,1
4,1469749743,1469749759,16
1,1469749749,1469749756,7
1,1469749761,1469749766,5
4,1469749771,1469749778,7
4,1469749778,1469749783,5
4,1469749784,1469749790,6
1,1469749785,1469749804,19
10,1469749785,1469749787,2
4,1469749792,1469749794,2
4,1469749794,1469749798,4
4,1469749801,1469749813,12
1,1469749809,1469749812,3
10,1469749815,1469749817,2
4,1469749818,1469749825,7
1,1469749819,1469749820,1
1,1469749826,1469749830,4
4,1469749828,1469749831,3
4,1469749831,1469749834,3
4,1469749835,1469749864,29
1,1469749858,1469749862,4
4,1469749865,1469749868,3
4,1469749868,1469749870,2
4,1469749871,1469749909,38
1,1469749887,1469749891,4
1,1469749901,1469749912,11
4,1469749914,1469749920,6
1,1469749918,1469749921,3
4,1469749922,1469749955,33
1,1469749924,1469749927,3
1,1469749945,1469749953,8
4,1469749956,1469749958,2
4,1469749958,1469749961,3
1,1469749971,1469749972,1
1,1469749978,1469749981,3
14,1469749981,1469750004,23
1,1469750008,1469750015,7
1,1469750038,1469750045,7
1,1469750057,1469750062,5
1,1469750075,1469750076,1
1,1469750091,1469750095,4
1,1469750098,1469750102,4
1,1469750143,1469750144,1
1,1469750212,1469750216,4
1,1469750228,1469750251,23
1,1469750275,1469750290,15
14,1469750290,1469750470,180
11,1469750293,1469750298,5
4,1469750294,1469750296,2
4,1469750297,1469750299,2
11,1469750298,1469750302,4
1,1469750300,1469750304,4
11,1469750303,1469750304,1
11,1469750305,1469750318,13
1,1469750313,1469750325,12
4,1469750318,1469750471,153
11,1469750320,1469750321,1
11,1469750325,1469750331,6
1,1469750331,1469750335,4
11,1469750331,1469750333,2
11,1469750333,1469750335,2
11,1469750335,1469750344,9
11,1469750344,1469750362,18
1,1469750349,1469750354,5
1,1469750358,1469750362,4
11,1469750362,1469750368,6
11,1469750368,1469750401,33
1,1469750372,1469750378,6
1,1469750390,1469750391,1
1,1469750396,1469750412,16
11,1469750401,1469750404,3
11,1469750404,1469750470,66
1,1469750423,1469750425,2
1,1469750440,1469750443,3
1,1469750453,1469750460,7
1,1469750467,1469750470,3
5,1469750468,1469750470,2
4,1469750484,1469750656,172
1,1469750488,1469750541,53
1,1469750547,1469750573,26
1,1469750577,1469750580,3
5,1469750580,1469750583,3
1,1469750583,1469750593,10
1,1469750600,1469750633,33
5,1469750614,1469750616,2
1,1469750643,1469750645,2
4,1469750656,1469750696,40
1,1469750664,1469750694,30
5,1469750688,1469750689,1
4,1469750700,1469750721,21
1,1469750705,1469750708,3
1,1469750712,1469750717,5
4,1469750721,1469750742,21
1,1469750721,1469750739,18
1,1469750742,1469750746,4
4,1469750750,1469750756,6
1,1469750750,1469750753,3
1,1469750757,1469750766,9
4,1469750762,1469750770,8
4,1469750770,1469750778,8
1,1469750770,1469750774,4
4,1469750778,1469750785,7
1,1469750779,1469750782,3
4,1469750785,1469750792,7
1,1469750785,1469750789,4
4,1469750792,1469750802,10
1,1469750793,1469750796,3
1,1469750800,1469750806,6
4,1469750802,1469751014,212
1,1469750811,1469750814,3
1,1469750818,1469750820,2
1,1469750824,1469750826,2
1,1469750830,1469750833,3
1,1469750837,1469750840,3
1,1469750843,1469750845,2
1,1469750850,1469750852,2
1,1469750856,1469750858,2
1,1469750867,1469750869,2
1,1469750873,1469750876,3
1,1469750879,1469750886,7
1,1469750891,1469750894,3
1,1469750897,1469750914,17
1,1469750920,1469750927,7
1,1469750934,1469750950,16
1,1469750955,1469750965,10
1,1469750972,1469750979,7
1,1469750989,1469751000,11
1,1469751003,1469751013,10
4,1469751015,1469751017,2
4,1469751017,1469751019,2
4,1469751020,1469751022,2
4,1469751022,1469751064,42
1,1469751026,1469751032,6
1,1469751036,1469751053,17
1,1469751057,1469751061,4
4,1469751065,1469751076,11
1,1469751066,1469751068,2
4,1469751076,1469751101,25
1,1469751090,1469751105,15
4,1469751105,1469751108,3
10,1469751107,1469751108,1
4,1469751108,1469751115,7
1,1469751110,1469751115,5
4,1469751116,1469751118,2
4,1469751118,1469751123,5
4,1469751123,1469751129,6
10,1469751125,1469751129,4
1,1469751128,1469751133,5
4,1469751129,1469751143,14
1,1469751139,1469751170,31
4,1469751145,1469751148,3
4,1469751164,1469751167,3
4,1469751171,1469751231,60
1,1469751177,1469751196,19
1,1469751203,1469751213,10
1,1469751228,1469751229,1
1,1469751232,1469751239,7
4,1469751237,1469751248,11
4,1469751248,1469751272,24
1,1469751250,1469751271,21
4,1469751272,1469751277,5
10,1469751274,1469751277,3
4,1469751277,1469751280,3
4,1469751283,1469751286,3
4,1469751286,1469751289,3
4,1469751289,1469751291,2
4,1469751291,1469751298,7
10,1469751293,1469751295,2
1,1469751294,1469751297,3
4,1469751299,1469751301,2
4,1469751303,1469751315,12
1,1469751309,1469751314,5
4,1469751315,1469751331,16
1,1469751318,1469751319,1
10,1469751318,1469751319,1
1,1469751326,1469751330,4
4,1469751331,1469751333,2
4,1469751333,1469751340,7
1,1469751336,1469751339,3
4,1469751340,1469751344,4
1,1469751345,1469751346,1
4,1469751347,1469751358,11
1,1469751349,1469751351,2
1,1469751357,1469751358,1
4,1469751358,1469751361,3
4,1469751361,1469751363,2
4,1469751363,1469751367,4
1,1469751364,1469751367,3
1,1469751370,1469751374,4
4,1469751371,1469751427,56
1,1469751389,1469751421,32
1,1469751425,1469751426,1
4,1469751427,1469751430,3
4,1469751430,1469751432,2
4,1469751432,1469751434,2
4,1469751434,1469751437,3
4,1469751438,1469751440,2
4,1469751441,1469751443,2
4,1469751443,1469751447,4
1,1469751444,1469751456,12
4,1469751447,1469751455,8
4,1469751455,1469751457,2
4,1469751457,1469751460,3
1,1469751459,1469751463,4
4,1469751460,1469751466,6
1,1469751468,1469751473,5
4,1469751474,1469751483,9
1,1469751477,1469751490,13
4,1469751491,1469751494,3
4,1469751494,1469751500,6
1,1469751497,1469751498,1
4,1469751500,1469751502,2
4,1469751504,1469751506,2
4,1469751506,1469751509,3
10,1469751511,1469751512,1
4,1469751512,1469751525,13
1,1469751520,1469751524,4
4,1469751525,1469751535,10
1,1469751528,1469751533,5
10,1469751528,1469751530,2
4,1469751535,1469751538,3
1,1469751537,1469751538,1
4,1469751539,1469751541,2
4,1469751541,1469751543,2
4,1469751543,1469751545,2
4,1469751546,1469751557,11
1,1469751555,1469751595,40
4,1469751571,1469751588,17
10,1469751573,1469751574,1
4,1469751595,1469751597,2
10,1469751596,1469751597,1
4,1469751599,1469751603,4
4,1469751603,1469751607,4
4,1469751608,1469751610,2
1,1469751611,1469751616,5
4,1469751617,1469751624,7
4,1469751625,1469751629,4
4,1469751629,1469751636,7
1,1469751634,1469751640,6
1,1469751644,1469751650,6
1,1469751654,1469751658,4
1,1469751661,1469751668,7
1,1469751750,1469751772,22
4,1469751773,1469751780,7
1,1469751777,1469751781,4
4,1469751784,1469751794,10
1,1469751785,1469751793,8
4,1469751794,1469751800,6
10,1469751795,1469751797,2
1,1469751798,1469751819,21
4,1469751802,1469751818,16
1,1469751826,1469751856,30
4,1469751840,1469751844,4
4,1469751850,1469751853,3
4,1469751865,1469752560,695
1,1469751866,1469751880,14
1,1469751883,1469751887,4
1,1469751917,1469751922,5
1,1469752110,1469752120,10
1,1469752186,1469752219,33
1,1469752240,1469752289,49
1,1469752300,1469752312,12
5,1469752304,1469752306,2
1,1469752388,1469752415,27
14,1469752395,1469752398,3
14,1469752415,1469752487,72
1,1469752459,1469752470,11
1,1469752486,1469752492,6
1,1469752497,1469752503,6
1,1469752544,1469752548,4
1,1469752557,1469752558,1
1,1469752570,1469752575,5
14,1469752575,1469752599,24
1,1469752602,1469752613,11
14,1469752613,1469752616,3
1,1469752620,1469752622,2
1,1469752630,1469752632,2
1,1469752636,1469752638,2
4,1469752638,1469752788,150
1,1469752643,1469752671,28
1,1469752678,1469752692,14
1,1469752698,1469752708,10
1,1469752715,1469752724,9
1,1469752733,1469752737,4
1,1469752740,1469752744,4
1,1469752764,1469752767,3
1,1469752770,1469752779,9
4,1469752789,1469752792,3
4,1469752792,1469752796,4
10,1469752794,1469752796,2
4,1469752796,1469752800,4
4,1469752803,1469752806,3
4,1469752816,1469752827,11
4,1469752827,1469752829,2
4,1469752830,1469752832,2
4,1469752833,1469752835,2
4,1469752835,1469752839,4
4,1469752840,1469752843,3
4,1469752844,1469752847,3
10,1469752845,1469752847,2
4,1469752848,1469752850,2
4,1469752850,1469752852,2
4,1469752852,1469752854,2
4,1469752854,1469752858,4
4,1469752859,1469752861,2
4,1469752871,1469752873,2
4,1469752874,1469752877,3
4,1469752877,1469752881,4
4,1469752881,1469752884,3
10,1469752882,1469752883,1
4,1469752899,1469752901,2
1,1469752903,1469752920,17
4,1469752909,1469752913,4
4,1469752914,1469752917,3
4,1469752924,1469752926,2
4,1469752926,1469752929,3
4,1469752929,1469752960,31
10,1469752929,1469752934,5
4,1469752960,1469752964,4
10,1469752962,1469752964,2
4,1469752964,1469752967,3
10,1469752966,1469752967,1
4,1469752969,1469752971,2
4,1469752972,1469752990,18
4,1469753005,1469753008,3
4,1469753008,1469753010,2
4,1469753011,1469753014,3
10,1469753013,1469753014,1
4,1469753015,1469753020,5
4,1469753020,1469753023,3
4,1469753023,1469753028,5
1,1469753026,1469753027,1
4,1469753028,1469753030,2
4,1469753034,1469753036,2
4,1469753038,1469753040,2
4,1469753040,1469753042,2
4,1469753043,1469753047,4
10,1469753044,1469753047,3
4,1469753047,1469753049,2
4,1469753049,1469753054,5
4,1469753068,1469753070,2
4,1469753070,1469753075,5
10,1469753073,1469753075,2
4,1469753075,1469753080,5
4,1469753080,1469753083,3
4,1469753084,1469753086,2
4,1469753086,1469753089,3
4,1469753089,1469753091,2
4,1469753091,1469753094,3
4,1469753094,1469753097,3
4,1469753098,1469753100,2
10,1469753099,1469753100,1
4,1469753104,1469753106,2
4,1469753106,1469753108,2
4,1469753115,1469753120,5
4,1469753121,1469753123,2
4,1469753123,1469753131,8
10,1469753125,1469753129,4
4,1469753131,1469753136,5
4,1469753137,1469753150,13
1,1469753140,1469753162,22
4,1469753155,1469753177,22
1,1469753168,1469753172,4
4,1469753178,1469753181,3
4,1469753181,1469753185,4
10,1469753182,1469753184,2
4,1469753185,1469753189,4
10,1469753187,1469753189,2
4,1469753189,1469753195,6
10,1469753190,1469753191,1
10,1469753192,1469753195,3
10,1469753195,1469753197,2
4,1469753197,1469753209,12
10,1469753197,1469753199,2
1,1469753212,1469753213,1
4,1469753214,1469753217,3
4,1469753219,1469753222,3
4,1469753222,1469753227,5
4,1469753227,1469753236,9
1,1469753232,1469753234,2
4,1469753236,1469753271,35
10,1469753239,1469753241,2
1,1469753252,1469753253,1
1,1469753266,1469753267,1
4,1469753272,1469753274,2
4,1469753274,1469753277,3
4,1469753277,1469753280,3
4,1469753281,1469753284,3
4,1469753284,1469753289,5
1,1469753286,1469753291,5
4,1469753291,1469753293,2
4,1469753294,1469753296,2
4,1469753298,1469753300,2
4,1469753300,1469753303,3
4,1469753304,1469753306,2
4,1469753306,1469753320,14
1,1469753317,1469753321,4
4,1469753324,1469753339,15
4,1469753339,1469753341,2
4,1469753342,1469753344,2
4,1469753345,1469753348,3
4,1469753365,1469753368,3
4,1469753369,1469753371,2
4,1469753372,1469753377,5
10,1469753373,1469753375,2
4,1469753378,1469753380,2
10,1469753379,1469753380,1
4,1469753381,1469753383,2
4,1469753383,1469753386,3
4,1469753386,1469753389,3
4,1469753389,1469753392,3
4,1469753392,1469753396,4
4,1469753396,1469753402,6
10,1469753399,1469753401,2
4,1469753403,1469753409,6
10,1469753404,1469753409,5
4,1469753409,1469753413,4
1,1469753415,1469753417,2
1,1469753422,1469753424,2
4,1469753426,1469753428,2
4,1469753430,1469753433,3
4,1469753440,1469753459,19
1,1469753443,1469753446,3
1,1469753454,1469753457,3
4,1469753459,1469753461,2
1,1469753462,1469753465,3
4,1469753466,1469753469,3
4,1469753469,1469753472,3
10,1469753471,1469753472,1
4,1469753472,1469753474,2
4,1469753474,1469753484,10
1,1469753479,1469753483,4
4,1469753484,1469753486,2
4,1469753486,1469753490,4
4,1469753524,1469753527,3
4,1469753527,1469753529,2
4,1469753531,1469753546,15
1,1469753532,1469753538,6
1,1469753542,1469753545,3
4,1469753550,1469753557,7
1,1469753553,1469753558,5
4,1469753559,1469753561,2
4,1469753562,1469753564,2
1,1469753566,1469753575,9
4,1469753576,1469753578,2
1,1469753580,1469753581,1
1,1469753585,1469753591,6
4,1469753592,1469753594,2
4,1469753594,1469753596,2
4,1469753597,1469753604,7
1,1469753599,1469753616,17
4,1469753617,1469753620,3
4,1469753620,1469753683,63
1,1469753667,1469753679,12
4,1469753683,1469753686,3
4,1469753686,1469753689,3
1,1469753687,1469753689,2
4,1469753689,1469753693,4
1,1469753698,1469753699,1
1,1469753717,1469753721,4
4,1469753722,1469753726,4
1,1469753727,1469753728,1
4,1469753728,1469753731,3
4,1469753731,1469753734,3
4,1469753736,1469753742,6
1,1469753738,1469753741,3
4,1469753743,1469753745,2
4,1469753746,1469753750,4
1,1469753747,1469753749,2
4,1469753751,1469753754,3
4,1469753756,1469753760,4
4,1469753761,1469753768,7
1,1469753765,1469753769,4
1,1469753772,1469753783,11
4,1469753779,1469753785,6
4,1469753785,1469753787,2
4,1469753787,1469753793,6
1,1469753792,1469753801,9
1,1469753805,1469753830,25
14,1469753817,1469753824,7
1,1469753850,1469753853,3
1,1469753858,1469753860,2
1,1469753868,1469753870,2
1,1469753874,1469753895,21
1,1469754031,1469754034,3
4,1469754035,1469754041,6
4,1469754042,1469754044,2
4,1469754046,1469754048,2
4,1469754048,1469754052,4
4,1469754052,1469754058,6
10,1469754055,1469754058,3
4,1469754058,1469754062,4
4,1469754062,1469754066,4
1,1469754062,1469754074,12
4,1469754068,1469754073,5
1,1469754082,1469754085,3
14,1469754085,1469754092,7
1,1469754094,1469754104,10
1,1469754128,1469754132,4
4,1469754133,1469754139,6
10,1469754136,1469754137,1
1,1469754136,1469754151,15
4,1469754140,1469754144,4
4,1469754145,1469754149,4
4,1469754151,1469754154,3
4,1469754157,1469754162,5
10,1469754161,1469754163,2
4,1469754162,1469754165,3
1,1469754163,1469754164,1
4,1469754165,1469754168,3
4,1469754168,1469754172,4
4,1469754172,1469754174,2
1,1469754175,1469754176,1
4,1469754177,1469754179,2
4,1469754180,1469754182,2
4,1469754182,1469754185,3
4,1469754185,1469754188,3
4,1469754188,1469754190,2
4,1469754190,1469754193,3
4,1469754193,1469754195,2
4,1469754195,1469754197,2
4,1469754197,1469754201,4
4,1469754203,1469754206,3
4,1469754208,1469754210,2
4,1469754210,1469754212,2
4,1469754213,1469754215,2
4,1469754215,1469754226,11
1,1469754219,1469754225,6
4,1469754226,1469754233,7
1,1469754228,1469754233,5
4,1469754235,1469754246,11
1,1469754240,1469754245,5
4,1469754246,1469754255,9
1,1469754250,1469754275,25
4,1469754255,1469754257,2
4,1469754260,1469754263,3
4,1469754263,1469754266,3
14,1469754271,1469754279,8
1,1469754280,1469754284,4
1,1469754292,1469754297,5
1,1469754304,1469754310,6
4,1469754311,1469754327,16
1,1469754314,1469754333,19
4,1469754333,1469754337,4
1,1469754337,1469754355,18
4,1469754342,1469754354,12
4,1469754356,1469754379,23
1,1469754360,1469754378,18
4,1469754379,1469754381,2
4,1469754382,1469754384,2
4,1469754386,1469754411,25
1,1469754388,1469754395,7
14,1469754391,1469754398,7
1,1469754400,1469754402,2
1,1469754406,1469754420,14
4,1469754411,1469754415,4
4,1469754421,1469754424,3
4,1469754425,1469754429,4
1,1469754428,1469754431,3
14,1469754434,1469754442,8
1,1469754435,1469754437,2
1,1469754445,1469754455,10
1,1469754458,1469754462,4
4,1469754466,1469754471,5
1,1469754468,1469754496,28
4,1469754481,1469754485,4
4,1469754485,1469754489,4
14,1469754492,1469754500,8
1,1469754502,1469754517,15
4,1469754517,1469754666,149
1,1469754530,1469754534,4
14,1469754534,1469754542,8
1,1469754568,1469754574,6
1,1469754611,1469754615,4
1,1469754618,1469754643,25
1,1469754664,1469754665,1
4,1469754667,1469754670,3
4,1469754670,1469754673,3
4,1469754673,1469754675,2
4,1469754675,1469754678,3
4,1469754678,1469754681,3
1,1469754679,1469754685,6
4,1469754681,1469754685,4
4,1469754686,1469754688,2
4,1469754689,1469754695,6
10,1469754690,1469754692,2
4,1469754695,1469754698,3
4,1469754698,1469754702,4
4,1469754706,1469754837,131
1,1469754722,1469754735,13
1,1469754740,1469754747,7
1,1469754753,1469754760,7
1,1469754781,1469754798,17
1,1469754802,1469754810,8
1,1469754819,1469754830,11
14,1469754829,1469754865,36
11,1469754835,1469754842,7
4,1469754837,1469754839,2
4,1469754839,1469754843,4
11,1469754842,1469754865,23
1,1469754851,1469754853,2
1,1469754857,1469754873,16
5,1469754863,1469754865,2
4,1469754866,1469754873,7
14,1469754870,1469755132,262
11,1469754872,1469754878,6
4,1469754874,1469754877,3
11,1469754878,1469754882,4
4,1469754878,1469754882,4
1,1469754879,1469754883,4
11,1469754882,1469755132,250
1,1469754901,1469754905,4
1,1469754910,1469754913,3
1,1469754917,1469754972,55
4,1469754964,1469754974,10
4,1469754974,1469754977,3
4,1469754978,1469754989,11
1,1469754982,1469754988,6
4,1469754989,1469754991,2
4,1469754992,1469755007,15
1,1469754994,1469755007,13
4,1469755008,1469755010,2
4,1469755011,1469755014,3
1,1469755015,1469755019,4
4,1469755019,1469755059,40
4,1469755060,1469755067,7
1,1469755063,1469755079,16
4,1469755069,1469755074,5
4,1469755075,1469755079,4
4,1469755080,1469755083,3
4,1469755085,1469755088,3
1,1469755086,1469755087,1
4,1469755089,1469755133,44
1,1469755102,1469755106,4
1,1469755109,1469755110,1
1,1469755125,1469755132,7
5,1469755127,1469755132,5
5,1469755130,1469755132,2
4,1469755164,1469755169,5
11,1469755170,1469755175,5
4,1469755171,1469755175,4
1,1469755175,1469755184,9
4,1469755178,1469755200,22
14,1469755188,1469755190,2
1,1469755192,1469755199,7
14,1469755196,1469755315,119
11,1469755198,1469755204,6
4,1469755200,1469755203,3
11,1469755204,1469755209,5
4,1469755205,1469755227,22
1,1469755206,1469755216,10
11,1469755209,1469755213,4
11,1469755213,1469755216,3
11,1469755216,1469755226,10
1,1469755219,1469755220,1
1,1469755225,1469755227,2
11,1469755227,1469755315,88
1,1469755248,1469755250,2
1,1469755255,1469755257,2
1,1469755281,1469755287,6
1,1469755292,1469755295,3
4,1469755299,1469755301,2
1,1469755300,1469755301,1
1,1469755310,1469755339,29
5,1469755313,1469755315,2
4,1469755316,1469755388,72
7,1469755321,1469755322,1
14,1469755339,1469755347,8
1,1469755365,1469755372,7
1,1469755375,1469755391,16
14,1469755384,1469755575,191
11,1469755386,1469755392,6
4,1469755388,1469755391,3
11,1469755392,1469755398,6
4,1469755393,1469755414,21
1,1469755395,1469755398,3
11,1469755398,1469755401,3
11,1469755402,1469755414,12
1,1469755408,1469755414,6
11,1469755414,1469755417,3
1,1469755417,1469755420,3
11,1469755417,1469755420,3
11,1469755420,1469755437,17
1,1469755423,1469755454,31
11,1469755438,1469755451,13
11,1469755452,1469755460,8
1,1469755458,1469755470,12
11,1469755465,1469755470,5
11,1469755470,1469755481,11
1,1469755481,1469755482,1
11,1469755483,1469755575,92
1,1469755487,1469755491,4
1,1469755503,1469755511,8
4,1469755508,1469755520,12
1,1469755515,1469755518,3
4,1469755521,1469755527,6
1,1469755522,1469755532,10
4,1469755527,1469755532,5
4,1469755533,1469755546,13
1,1469755535,1469755538,3
1,1469755541,1469755554,13
4,1469755555,1469755557,2
4,1469755559,1469755568,9
1,1469755566,1469755578,12
4,1469755569,1469755575,6
5,1469755573,1469755575,2
14,1469755578,1469755585,7
1,1469755587,1469755591,4
14,1469755590,1469755593,3
1,1469755602,1469755603,1
1,1469755616,1469755629,13
1,1469755642,1469755647,5
1,1469755653,1469755659,6
1,1469755670,1469755694,24
4,1469755695,1469755698,3
10,1469755697,1469755698,1
4,1469755699,1469755702,3
4,1469755704,1469755711,7
4,1469755712,1469755716,4
1,1469755714,1469755717,3
4,1469755718,1469755720,2
4,1469755720,1469755722,2
4,1469755723,1469755725,2
1,1469755726,1469755729,3
4,1469755741,1469755749,8
1,1469755742,1469755754,12
4,1469755755,1469755760,5
1,1469755757,1469755762,5
4,1469755762,1469755765,3
4,1469755765,1469755771,6
4,1469755773,1469755790,17
1,1469755787,1469755799,12
4,1469755790,1469755809,19
14,1469755795,1469755803,8
1,1469755806,1469755807,1
1,1469755811,1469755815,4
14,1469755814,1469755821,7
1,1469755831,1469755843,12
4,1469755839,1469755950,111
14,1469755842,1469755849,7
1,1469755850,1469755853,3
14,1469755852,1469755855,3
1,1469755856,1469755858,2
1,1469755863,1469755865,2
1,1469755880,1469755884,4
1,1469755901,1469755904,3
1,1469755909,1469755919,10
1,1469755932,1469755943,11
1,1469755947,1469755948,1
1,1469755953,1469755955,2
4,1469755957,1469755959,2
10,1469755961,1469755962,1
4,1469755962,1469755965,3
4,1469755966,1469755969,3
4,1469755969,1469755973,4
4,1469755973,1469755975,2
4,1469755977,1469755982,5
1,1469755980,1469755990,10
4,1469755991,1469755993,2
1,1469755993,1469756003,10
4,1469755997,1469756012,15
1,1469756008,1469756015,7
4,1469756015,1469756017,2
4,1469756018,1469756023,5
1,1469756021,1469756030,9
14,1469756028,1469756036,8
1,1469756037,1469756040,3
1,1469756048,1469756061,13
1,1469756069,1469756085,16
1,1469756110,1469756113,3
1,1469756132,1469756134,2
1,1469756159,1469756178,19
14,1469756166,1469756181,15
11,1469756168,1469756175,7
4,1469756170,1469756172,2
4,1469756172,1469756175,3
11,1469756175,1469756178,3
11,1469756178,1469756181,3
4,1469756178,1469756181,3
5,1469756179,1469756181,2
1,1469756182,1469756201,19
1,1469756208,1469756213,5
14,1469756210,1469756224,14
11,1469756212,1469756218,6
4,1469756213,1469756215,2
4,1469756216,1469756218,2
11,1469756218,1469756221,3
1,1469756219,1469756229,10
11,1469756221,1469756223,2
4,1469756222,1469756233,11
5,1469756222,1469756224,2
14,1469756229,1469756284,55
11,1469756231,1469756238,7
4,1469756233,1469756235,2
4,1469756236,1469756238,2
11,1469756238,1469756240,2
1,1469756239,1469756250,11
11,1469756243,1469756244,1
11,1469756244,1469756248,4
11,1469756248,1469756250,2
4,1469756248,1469756258,10
11,1469756251,1469756257,6
1,1469756254,1469756261,7
11,1469756258,1469756260,2
11,1469756261,1469756284,23
1,1469756265,1469756266,1
1,1469756279,1469756311,32
5,1469756282,1469756284,2
4,1469756285,1469756292,7
4,1469756297,1469756303,6
4,1469756307,1469756321,14
1,1469756317,1469756324,7
1,1469756327,1469756329,2
1,1469756354,1469756360,6
4,1469756361,1469756363,2
4,1469756366,1469756368,2
4,1469756368,1469756372,4
4,1469756372,1469756376,4
1,1469756373,1469756378,5
4,1469756377,1469756380,3
4,1469756380,1469756383,3
4,1469756385,1469756387,2
1,1469756386,1469756397,11
4,1469756387,1469756391,4
10,1469756389,1469756390,1
4,1469756393,1469756399,6
1,1469756402,1469756406,4
4,1469756410,1469756412,2
4,1469756412,1469756430,18
1,1469756415,1469756416,1
1,1469756423,1469756431,8
4,1469756435,1469756443,8
10,1469756437,1469756438,1
4,1469756443,1469756446,3
1,1469756445,1469756448,3
4,1469756446,1469756449,3
4,1469756450,1469756452,2
4,1469756452,1469756456,4
4,1469756461,1469756464,3
4,1469756465,1469756467,2
4,1469756468,1469756470,2
4,1469756470,1469756475,5
4,1469756475,1469756478,3
1,1469756476,1469756477,1
4,1469756478,1469756480,2
4,1469756481,1469756483,2
1,1469756485,1469756487,2
4,1469756488,1469756490,2
4,1469756490,1469756504,14
1,1469756495,1469756497,2
1,1469756501,1469756507,6
1,1469756537,1469756546,9
4,1469756538,1469756609,71
14,1469756545,1469756553,8
1,1469756565,1469756573,8
1,1469756585,1469756589,4
1,1469756595,1469756607,12
4,1469756610,1469756657,47
1,1469756612,1469756620,8
14,1469756620,1469756629,9
1,1469756631,1469756637,6
1,1469756642,1469756660,18
14,1469756653,1469756843,190
11,1469756655,1469756662,7
4,1469756658,1469756660,2
11,1469756662,1469756667,5
4,1469756662,1469756802,140
1,1469756663,1469756669,6
11,1469756667,1469756843,176
1,1469756676,1469756678,2
1,1469756698,1469756717,19
1,1469756737,1469756745,8
1,1469756761,1469756763,2
1,1469756767,1469756775,8
1,1469756779,1469756783,4
1,1469756797,1469756806,9
4,1469756804,1469756807,3
4,1469756808,1469756811,3
4,1469756811,1469756816,5
1,1469756812,1469756815,3
4,1469756816,1469756818,2
4,1469756818,1469756825,7
1,1469756822,1469756835,13
4,1469756836,1469756844,8
1,1469756840,1469756848,8
5,1469756841,1469756843,2
4,1469756854,1469756890,36
1,1469756856,1469756859,3
1,1469756865,1469756873,8
1,1469756877,1469756889,12
4,1469756890,1469756927,37
1,1469756893,1469756895,2
1,1469756909,1469756920,11
14,1469756918,1469757040,122
11,1469756926,1469756933,7
4,1469756928,1469756930,2
4,1469756930,1469756934,4
11,1469756933,1469756973,40
1,1469756935,1469756940,5
1,1469756945,1469756947,2
1,1469756959,1469756998,39
4,1469756973,1469756977,4
11,1469756976,1469756980,4
11,1469756981,1469756984,3
11,1469756984,1469756985,1
11,1469756985,1469756987,2
11,1469756987,1469756989,2
11,1469756989,1469756990,1
11,1469756991,1469756996,5
11,1469756996,1469757009,13
1,1469757004,1469757009,5
11,1469757009,1469757018,9
1,1469757017,1469757046,29
11,1469757018,1469757020,2
11,1469757020,1469757022,2
11,1469757024,1469757025,1
11,1469757025,1469757028,3
11,1469757028,1469757029,1
11,1469757030,1469757031,1
11,1469757031,1469757033,2
11,1469757033,1469757035,2
11,1469757036,1469757037,1
11,1469757037,1469757040,3
5,1469757038,1469757040,2
4,1469757040,1469757157,117
14,1469757045,1469757049,4
1,1469757052,1469757058,6
1,1469757062,1469757064,2
1,1469757068,1469757076,8
1,1469757083,1469757095,12
1,1469757117,1469757121,4
1,1469757124,1469757127,3
1,1469757132,1469757137,5
1,1469757143,1469757158,15
14,1469757153,1469757276,123
11,1469757156,1469757161,5
4,1469757157,1469757160,3
11,1469757161,1469757166,5
4,1469757162,1469757209,47
1,1469757162,1469757173,11
11,1469757169,1469757171,2
11,1469757171,1469757208,37
1,1469757185,1469757230,45
11,1469757209,1469757219,10
11,1469757224,1469757230,6
11,1469757230,1469757234,4
1,1469757234,1469757236,2
11,1469757234,1469757236,2
11,1469757236,1469757239,3
11,1469757239,1469757243,4
1,1469757243,1469757245,2
11,1469757244,1469757255,11
1,1469757255,1469757262,7
11,1469757255,1469757262,7
11,1469757263,1469757266,3
1,1469757266,1469757281,15
11,1469757269,1469757276,7
5,1469757274,1469757276,2
4,1469757276,1469757279,3
4,1469757279,1469757326,47
10,1469757281,1469757282,1
1,1469757285,1469757290,5
14,1469757290,1469757297,7
1,1469757306,1469757311,5
1,1469757320,1469757326,6
4,1469757327,1469757329,2
4,1469757329,1469757339,10
1,1469757331,1469757338,7
4,1469757339,1469757344,5
1,1469757341,1469757343,2
4,1469757344,1469757357,13
1,1469757355,1469757360,5
4,1469757360,1469757366,6
1,1469757365,1469757375,10
4,1469757366,1469757395,29
14,1469757369,1469757380,11
1,1469757385,1469757395,10
4,1469757395,1469757399,4
4,1469757400,1469757403,3
4,1469757404,1469757448,44
1,1469757407,1469757412,5
14,1469757411,1469757419,8
1,1469757419,1469757430,11
1,1469757435,1469757454,19
4,1469757448,1469757450,2
14,1469757454,1469757461,7
1,1469757467,1469757495,28
4,1469757488,1469757505,17
14,1469757493,1469757501,8
1,1469757501,1469757525,24
4,1469757514,1469757524,10
4,1469757526,1469757529,3
1,1469757530,1469757536,6
4,1469757532,1469757536,4
4,1469757536,1469757539,3
4,1469757540,1469757546,6
1,1469757543,1469757558,15
4,1469757546,1469757549,3
14,1469757557,1469757565,8
1,1469757575,1469757592,17
4,1469757591,1469757608,17
1,1469757606,1469757608,2
1,1469757614,1469757620,6
14,1469757620,1469757628,8
1,1469757631,1469757638,7
4,1469757639,1469757642,3
10,1469757641,1469757642,1
4,1469757642,1469757650,8
1,1469757644,1469757649,5
4,1469757650,1469757653,3
4,1469757653,1469757656,3
1,1469757654,1469757660,6
14,1469757659,1469757667,8
1,1469757674,1469757687,13
4,1469757687,1469757697,10
1,1469757693,1469757696,3
1,1469757700,1469757706,6
14,1469757704,1469757712,8
1,1469757713,1469757716,3
1,1469757724,1469757726,2
1,1469757758,1469757762,4
1,1469757766,1469757767,1
1,1469757771,1469757793,22
10,1469757795,1469757797,2
4,1469757799,1469757906,107
1,1469757801,1469757803,2
1,1469757808,1469757813,5
1,1469757819,1469757821,2
1,1469757824,1469757833,9
1,1469757842,1469757846,4
1,1469757872,1469757885,13
1,1469757892,1469757896,4
4,1469757907,1469757910,3
4,1469757910,1469757914,4
4,1469757915,1469757919,4
4,1469757919,1469757925,6
10,1469757920,1469757925,5
4,1469757926,1469757928,2
10,1469757926,1469757928,2
4,1469757930,1469757933,3
4,1469757933,1469757936,3
10,1469757935,1469757936,1
4,1469757937,1469757939,2
4,1469757947,1469757954,7
1,1469757949,1469757951,2
4,1469757965,1469757967,2
10,1469757967,1469757972,5
1,1469757972,1469757977,5
4,1469757977,1469757980,3
4,1469757980,1469757982,2
4,1469757982,1469757985,3
4,1469757985,1469757988,3
10,1469757987,1469757988,1
4,1469757988,1469757992,4
10,1469757990,1469757992,2
4,1469757992,1469757996,4
4,1469757996,1469757998,2
4,1469757998,1469758000,2
4,1469758002,1469758063,61
1,1469758008,1469758014,6
14,1469758014,1469758021,7
1,1469758035,1469758062,27
4,1469758063,1469758070,7
4,1469758071,1469758074,3
4,1469758074,1469758077,3
4,1469758077,1469758089,12
10,1469758080,1469758086,6
4,1469758091,1469758098,7
1,1469758094,1469758098,4
4,1469758099,1469758103,4
10,1469758102,1469758103,1
4,1469758104,1469758106,2
4,1469758106,1469758109,3
4,1469758109,1469758112,3
10,1469758110,1469758112,2
4,1469758112,1469758114,2
10,1469758112,1469758114,2
10,1469758115,1469758117,2
4,1469758117,1469758129,12
1,1469758123,1469758138,15
1,1469758142,1469758155,13
4,1469758157,1469758171,14
1,1469758159,1469758163,4
1,1469758168,1469758169,1
4,1469758171,1469758186,15
10,1469758172,1469758174,2
1,1469758176,1469758186,10
4,1469758189,1469758193,4
10,1469758191,1469758193,2
4,1469758193,1469758197,4
4,1469758197,1469758200,3
4,1469758201,1469758203,2
4,1469758205,1469758209,4
1,1469758206,1469758209,3
1,1469758214,1469758220,6
14,1469758220,1469758227,7
1,1469758232,1469758236,4
1,1469758240,1469758252,12
14,1469758249,1469758361,112
11,1469758251,1469758257,6
4,1469758252,1469758254,2
4,1469758255,1469758258,3
11,1469758257,1469758263,6
1,1469758258,1469758294,36
11,1469758263,1469758267,4
11,1469758267,1469758283,16
11,1469758283,1469758287,4
4,1469758283,1469758361,78
11,1469758287,1469758289,2
11,1469758289,1469758360,71
1,1469758301,1469758303,2
1,1469758316,1469758330,14
1,1469758341,1469758363,22
5,1469758359,1469758360,1
4,1469758365,1469759389,1024
1,1469758372,1469758380,8
14,1469758379,1469758387,8
1,1469758388,1469758394,6
1,1469758397,1469758402,5
1,1469758406,1469758419,13
1,1469758426,1469758442,16
14,1469758442,1469758466,24
1,1469758468,1469758474,6
14,1469758474,1469758478,4
1,1469758479,1469758485,6
14,1469758485,1469758573,88
1,1469758576,1469758579,3
14,1469758579,1469758584,5
1,1469758587,1469758591,4
14,1469758591,1469758615,24
1,1469758618,1469758622,4
14,1469758622,1469758677,55
1,1469758648,1469758659,11
1,1469758678,1469758682,4
1,1469759370,1469759459,89
4,1469759399,1469759409,10
4,1469759420,1469759429,9
4,1469759439,1469759447,8
4,1469759455,1469759486,31
1,1469759479,1469759527,48
4,1469759495,1469759504,9
4,1469759516,1469759540,24
1,1469759538,1469759548,10
4,1469759547,1469759553,6
1,1469759552,1469759565,13
4,1469759560,1469759566,6
1,1469759570,1469759574,4
4,1469759571,1469759589,18
1,1469759583,1469759594,11
4,1469759596,1469759600,4
1,1469759600,1469759612,12
4,1469759608,1469759615,7
1,1469759617,1469759620,3
4,1469759620,1469759635,15
1,1469759625,1469759626,1
1,1469759636,1469759640,4
4,1469759640,1469759644,4
1,1469759645,1469759655,10
1,1469759744,1469759746,2
1,1469761472,1469761477,5
5,1469761475,1469761477,2
1,1469794027,1469794029,2
1,1469794075,1469794077,2
1,1469794081,1469794082,1
1,1469794088,1469794098,10
1,1469794111,1469794121,10
6,1469794121,1469794122,1
1,1469794131,1469794141,10
4,1469794132,1469794134,2
4,1469794141,1469794149,8
1,1469794145,1469794148,3
4,1469794149,1469794162,13
10,1469794157,1469794162,5
4,1469794162,1469794169,7
1,1469794164,1469794173,9
4,1469794174,1469794223,49
10,1469794176,1469794178,2
1,1469794183,1469794221,38
5,1469794215,1469794216,1
1,1469794233,1469794235,2
1,1469794328,1469794329,1
1,1469796388,1469796390,2
1,1469796540,1469796547,7
5,1469796543,1469796547,4
11,1469796547,1469796784,237
4,1469796553,1469796556,3
4,1469796556,1469796568,12
4,1469796570,1469796576,6
1,1469796571,1469796573,2
4,1469796577,1469796579,2
4,1469796580,1469796582,2
4,1469796582,1469796584,2
4,1469796585,1469796587,2
4,1469796587,1469796589,2
4,1469796589,1469796591,2
4,1469796592,1469796594,2
4,1469796594,1469796596,2
4,1469796596,1469796599,3
4,1469796599,1469796601,2
4,1469796601,1469796604,3
4,1469796604,1469796606,2
4,1469796606,1469796608,2
4,1469796609,1469796611,2
4,1469796611,1469796613,2
4,1469796613,1469796615,2
4,1469796616,1469796618,2
4,1469796618,1469796620,2
4,1469796620,1469796622,2
4,1469796622,1469796624,2
4,1469796625,1469796627,2
4,1469796627,1469796629,2
4,1469796629,1469796631,2
4,1469796631,1469796633,2
4,1469796634,1469796636,2
4,1469796636,1469796638,2
4,1469796638,1469796640,2
4,1469796641,1469796643,2
4,1469796643,1469796645,2
4,1469796645,1469796647,2
4,1469796648,1469796650,2
4,1469796650,1469796652,2
4,1469796652,1469796654,2
4,1469796655,1469796657,2
4,1469796657,1469796659,2
4,1469796659,1469796661,2
4,1469796661,1469796663,2
4,1469796664,1469796666,2
4,1469796666,1469796668,2
4,1469796668,1469796670,2
4,1469796671,1469796673,2
4,1469796673,1469796675,2
4,1469796676,1469796678,2
4,1469796678,1469796680,2
4,1469796681,1469796683,2
4,1469796683,1469796685,2
4,1469796685,1469796687,2
4,1469796687,1469796689,2
4,1469796690,1469796692,2
4,1469796692,1469796694,2
4,1469796694,1469796696,2
4,1469796696,1469796698,2
4,1469796699,1469796701,2
4,1469796701,1469796703,2
4,1469796703,1469796705,2
4,1469796705,1469796707,2
4,1469796708,1469796710,2
4,1469796710,1469796712,2
4,1469796712,1469796714,2
4,1469796714,1469796716,2
4,1469796717,1469796719,2
4,1469796719,1469796721,2
4,1469796721,1469796723,2
4,1469796723,1469796725,2
4,1469796726,1469796728,2
4,1469796728,1469796730,2
4,1469796730,1469796732,2
4,1469796733,1469796735,2
4,1469796735,1469796737,2
4,1469796737,1469796739,2
4,1469796739,1469796741,2
4,1469796742,1469796744,2
4,1469796744,1469796746,2
4,1469796746,1469796748,2
4,1469796748,1469796751,3
4,1469796751,1469796753,2
4,1469796753,1469796755,2
4,1469796755,1469796757,2
4,1469796758,1469796760,2
4,1469796760,1469796762,2
4,1469796762,1469796764,2
4,1469796764,1469796766,2
4,1469796767,1469796769,2
4,1469796769,1469796771,2
4,1469796771,1469796773,2
4,1469796773,1469796775,2
4,1469796776,1469796778,2
4,1469796778,1469796780,2
4,1469796780,1469796783,3
4,1469796783,1469796785,2
11,1469796784,1469796790,6
1,1469796785,1469796790,5
11,1469796790,1469796835,45
4,1469796790,1469796792,2
4,1469796793,1469796795,2
4,1469796795,1469796797,2
4,1469796797,1469796799,2
4,1469796800,1469796802,2
4,1469796802,1469796804,2
4,1469796804,1469796806,2
4,1469796807,1469796809,2
4,1469796809,1469796811,2
4,1469796811,1469796813,2
4,1469796814,1469796816,2
4,1469796816,1469796818,2
4,1469796818,1469796820,2
4,1469796820,1469796823,3
4,1469796823,1469796825,2
4,1469796825,1469796827,2
4,1469796828,1469796830,2
4,1469796830,1469796832,2
1,1469796832,1469796836,4
4,1469796832,1469796834,2
4,1469796836,1469796997,161
1,1469796957,1469796971,14
1,1469796974,1469797001,27
5,1469796994,1469796998,4
11,1469796998,1469797039,41
4,1469796999,1469797008,9
4,1469797008,1469797030,22
4,1469797030,1469797032,2
4,1469797033,1469797035,2
4,1469797035,1469797037,2
4,1469797037,1469797043,6
11,1469797039,1469797212,173
1,1469797039,1469797056,17
1,1469797064,1469797068,4
1,1469797083,1469797110,27
1,1469797115,1469797119,4
1,1469797125,1469797136,11
1,1469797168,1469797171,3
1,1469797184,1469797206,22
1,1469797210,1469797212,2
11,1469797212,1469797220,8
4,1469797212,1469797214,2
4,1469797214,1469797216,2
4,1469797217,1469797219,2
4,1469797219,1469797240,21
11,1469797220,1469797240,20
1,1469797220,1469797251,31
11,1469797240,1469797251,11
11,1469797251,1469797255,4
4,1469797252,1469797254,2
4,1469797255,1469797308,53
11,1469797255,1469797258,3
1,1469797257,1469797261,4
11,1469797258,1469797261,3
11,1469797261,1469797308,47
1,1469797272,1469797285,13
1,1469797306,1469797321,15
11,1469797308,1469797509,201
1,1469797394,1469797397,3
1,1469797400,1469797406,6
1,1469797426,1469797431,5
1,1469797507,1469797510,3
4,1469797510,1469797603,93
1,1469797558,1469797581,23
1,1469797599,1469797605,6
4,1469797603,1469797606,3
4,1469797608,1469797615,7
1,1469797611,1469797623,12
4,1469797616,1469797622,6
4,1469797624,1469797627,3
1,1469797628,1469797631,3
4,1469797631,1469797634,3
10,1469797633,1469797634,1
10,1469797634,1469797637,3
1,1469797635,1469797637,2
4,1469797638,1469797642,4
4,1469797642,1469797736,94
1,1469797646,1469797672,26
14,1469797652,1469797661,9
1,1469797677,1469797680,3
1,1469797683,1469797697,14
1,1469797705,1469797715,10
1,1469797724,1469797738,14
4,1469797736,1469797738,2
4,1469797739,1469797743,4
1,1469797741,1469797787,46
4,1469797744,1469797755,11
4,1469797759,1469797773,14
4,1469797783,1469797787,4
4,1469797788,1469797825,37
1,1469797793,1469797798,5
1,1469797806,1469797824,18
4,1469797825,1469797827,2
10,1469797829,1469797830,1
4,1469797830,1469797832,2
10,1469797830,1469797832,2
4,1469797832,1469797836,4
1,1469797835,1469797843,8
4,1469797837,1469797840,3
10,1469797838,1469797839,1
4,1469797844,1469797879,35
1,1469797853,1469797857,4
1,1469797872,1469797881,9
4,1469797882,1469797885,3
4,1469797885,1469797888,3
4,1469797888,1469797891,3
4,1469797891,1469797896,5
4,1469797896,1469797899,3
4,1469797899,1469797901,2
4,1469797901,1469797903,2
4,1469797903,1469797906,3
4,1469797906,1469797909,3
4,1469797909,1469797911,2
4,1469797911,1469797913,2
4,1469797913,1469797915,2
4,1469797915,1469797919,4
1,1469797918,1469797919,1
4,1469797919,1469797925,6
1,1469797922,1469797928,6
4,1469797929,1469797932,3
4,1469797932,1469797936,4
10,1469797933,1469797934,1
4,1469797936,1469797939,3
4,1469797940,1469797942,2
4,1469797942,1469797944,2
4,1469797946,1469797949,3
4,1469797949,1469797954,5
1,1469797951,1469797956,5
4,1469797954,1469797957,3
4,1469797957,1469797963,6
4,1469797963,1469797968,5
1,1469797964,1469797968,4
1,1469797977,1469797980,3
4,1469797981,1469797985,4
4,1469797985,1469797988,3
4,1469797988,1469797991,3
4,1469797991,1469797995,4
10,1469797993,1469797995,2
4,1469797998,1469798001,3
4,1469798001,1469798004,3
4,1469798004,1469798006,2
4,1469798007,1469798010,3
4,1469798010,1469798016,6
4,1469798016,1469798023,7
4,1469798023,1469798027,4
4,1469798027,1469798030,3
4,1469798031,1469798033,2
4,1469798034,1469798036,2
10,1469798036,1469798044,8
4,1469798045,1469798048,3
10,1469798046,1469798048,2
4,1469798048,1469798061,13
4,1469798061,1469798066,5
10,1469798062,1469798063,1
1,1469798064,1469798067,3
4,1469798068,1469798071,3
4,1469798071,1469798073,2
4,1469798073,1469798076,3
4,1469798078,1469798080,2
4,1469798081,1469798083,2
4,1469798083,1469798085,2
4,1469798086,1469798088,2
4,1469798088,1469798094,6
4,1469798094,1469798139,45
1,1469798096,1469798099,3
14,1469798099,1469798107,8
1,1469798122,1469798135,13
14,1469798135,1469798177,42
11,1469798138,1469798144,6
4,1469798139,1469798141,2
4,1469798142,1469798149,7
11,1469798144,1469798177,33
1,1469798147,1469798155,8
1,1469798167,1469798181,14
4,1469798170,1469798178,8
5,1469798175,1469798177,2
4,1469798182,1469798185,3
10,1469798183,1469798185,2
4,1469798185,1469798188,3
4,1469798189,1469798192,3
1,1469798190,1469798191,1
4,1469798192,1469798217,25
1,1469798197,1469798202,5
14,1469798202,1469798210,8
1,1469798212,1469798217,5
4,1469798219,1469798238,19
10,1469798220,1469798227,7
1,1469798226,1469798232,6
14,1469798229,1469798328,99
11,1469798237,1469798243,6
4,1469798239,1469798241,2
1,1469798239,1469798250,11
4,1469798241,1469798246,5
11,1469798243,1469798328,85
1,1469798268,1469798287,19
1,1469798302,1469798305,3
1,1469798326,1469798334,8
5,1469798326,1469798328,2
4,1469798328,1469798336,8
4,1469798336,1469798338,2
4,1469798338,1469798343,5
10,1469798339,1469798343,4
4,1469798343,1469798358,15
10,1469798343,1469798344,1
10,1469798345,1469798350,5
1,1469798350,1469798352,2
1,1469798360,1469798364,4
4,1469798365,1469798374,9
1,1469798368,1469798373,5
4,1469798375,1469798377,2
4,1469798377,1469798380,3
10,1469798379,1469798380,1
4,1469798383,1469798390,7
1,1469798386,1469798388,2
4,1469798395,1469798400,5
4,1469798400,1469798433,33
1,1469798411,1469798416,5
10,1469798417,1469798419,2
10,1469798420,1469798430,10
4,1469798434,1469798436,2
4,1469798436,1469798481,45
1,1469798475,1469798480,5
4,1469798481,1469798516,35
10,1469798482,1469798483,1
1,1469798492,1469798498,6
1,1469798510,1469798515,5
4,1469798517,1469798519,2
10,1469798518,1469798519,1
4,1469798519,1469798522,3
4,1469798522,1469798525,3
10,1469798523,1469798524,1
4,1469798525,1469798527,2
4,1469798527,1469798529,2
4,1469798529,1469798532,3
4,1469798532,1469798536,4
4,1469798537,1469798541,4
4,1469798543,1469798545,2
4,1469798546,1469798549,3
10,1469798547,1469798549,2
4,1469798551,1469798554,3
4,1469798554,1469798558,4
4,1469798558,1469798560,2
4,1469798560,1469798562,2
4,1469798565,1469798571,6
4,1469798572,1469798575,3
4,1469798575,1469798578,3
4,1469798582,1469798585,3
4,1469798585,1469798601,16
1,1469798593,1469798599,6
4,1469798601,1469798604,3
4,1469798605,1469798610,5
4,1469798611,1469798633,22
1,1469798642,1469798649,7
4,1469798649,1469798651,2
10,1469798650,1469798652,2
4,1469798651,1469798654,3
1,1469798654,1469798656,2
4,1469798657,1469798817,160
10,1469798658,1469798659,1
1,1469798807,1469798808,1
1,1469798813,1469798815,2
4,1469798817,1469798828,11
4,1469798829,1469798837,8
1,1469798832,1469798837,5
4,1469798837,1469798840,3
4,1469798840,1469798843,3
4,1469798843,1469798847,4
10,1469798844,1469798846,2
1,1469798845,1469798846,1
1,1469798850,1469798861,11
4,1469798855,1469798863,8
4,1469798863,1469798868,5
10,1469798864,1469798865,1
4,1469798868,1469798872,4
10,1469798875,1469798879,4
4,1469798879,1469798882,3
4,1469798882,1469798886,4
10,1469798884,1469798886,2
10,1469798889,1469798890,1
4,1469798891,1469798895,4
10,1469798893,1469798894,1
4,1469798895,1469798897,2
10,1469798896,1469798897,1
4,1469798897,1469798901,4
10,1469798899,1469798901,2
4,1469798901,1469798903,2
4,1469798903,1469798906,3
10,1469798904,1469798906,2
4,1469798907,1469798921,14
1,1469798915,1469798919,4
4,1469798921,1469798924,3
4,1469798924,1469798926,2
4,1469798929,1469798935,6
4,1469798935,1469798966,31
1,1469798946,1469798965,19
1,1469798971,1469798976,5
14,1469798975,1469798995,20
1,1469798997,1469799000,3
1,1469799007,1469799020,13
14,1469799020,1469799053,33
11,1469799023,1469799029,6
1,1469799023,1469799034,11
4,1469799024,1469799026,2
4,1469799027,1469799029,2
11,1469799029,1469799031,2
11,1469799033,1469799034,1
11,1469799035,1469799053,18
1,1469799049,1469799053,4
5,1469799051,1469799053,2
4,1469799054,1469799095,41
1,1469799061,1469799063,2
1,1469799068,1469799069,1
1,1469799084,1469799093,9
4,1469799095,1469799103,8
4,1469799103,1469799194,91
1,1469799111,1469799113,2
1,1469799129,1469799131,2
1,1469799136,1469799140,4
1,1469799156,1469799157,1
1,1469799160,1469799162,2
1,1469799166,1469799167,1
1,1469799186,1469799187,1
4,1469799194,1469799198,4
10,1469799197,1469799198,1
4,1469799198,1469799201,3
10,1469799198,1469799201,3
1,1469799199,1469799201,2
4,1469799203,1469799207,4
4,1469799207,1469799213,6
4,1469799213,1469799219,6
10,1469799213,1469799215,2
4,1469799219,1469799222,3
4,1469799222,1469799227,5
4,1469799227,1469799230,3
4,1469799230,1469799239,9
4,1469799242,1469799248,6
4,1469799248,1469799251,3
4,1469799251,1469799253,2
4,1469799253,1469799259,6
10,1469799256,1469799257,1
4,1469799259,1469799266,7
10,1469799261,1469799262,1
4,1469799266,1469799270,4
10,1469799266,1469799267,1
4,1469799271,1469799274,3
4,1469799274,1469799282,8
10,1469799275,1469799282,7
4,1469799282,1469799287,5
4,1469799291,1469799293,2
4,1469799293,1469799310,17
4,1469799312,1469799314,2
4,1469799314,1469799316,2
10,1469799315,1469799316,1
4,1469799319,1469799322,3
4,1469799323,1469799325,2
10,1469799323,1469799325,2
4,1469799327,1469799331,4
4,1469799332,1469799334,2
4,1469799334,1469799340,6
4,1469799340,1469799346,6
4,1469799346,1469799349,3
4,1469799349,1469799360,11
4,1469799361,1469799364,3
4,1469799364,1469799366,2
4,1469799366,1469799369,3
4,1469799369,1469799371,2
4,1469799371,1469799374,3
4,1469799376,1469799378,2
4,1469799378,1469799380,2
4,1469799380,1469799402,22
1,1469799398,1469799401,3
4,1469799402,1469799405,3
10,1469799403,1469799405,2
4,1469799405,1469799408,3
10,1469799406,1469799408,2
4,1469799408,1469799411,3
4,1469799411,1469799414,3
4,1469799415,1469799419,4
4,1469799420,1469799426,6
1,1469799423,1469799424,1
4,1469799426,1469799557,131
1,1469799431,1469799435,4
14,1469799435,1469799442,7
1,1469799444,1469799448,4
1,1469799459,1469799465,6
1,1469799469,1469799474,5
1,1469799480,1469799481,1
1,1469799502,1469799537,35
1,1469799541,1469799544,3
1,1469799550,1469799562,12
4,1469799561,1469799565,4
1,1469799565,1469799572,7
4,1469799567,1469799569,2
4,1469799569,1469799574,5
4,1469799578,1469799580,2
4,1469799580,1469799582,2
4,1469799582,1469799584,2
4,1469799585,1469799587,2
4,1469799588,1469799590,2
4,1469799590,1469799592,2
4,1469799593,1469799595,2
1,1469799598,1469799605,7
1,1469799609,1469799614,5
4,1469799614,1469799618,4
10,1469799615,1469799618,3
4,1469799618,1469799621,3
1,1469799625,1469799626,1
4,1469799627,1469799629,2
4,1469799629,1469799631,2
4,1469799632,1469799634,2
4,1469799634,1469799647,13
1,1469799637,1469799649,12
4,1469799650,1469799652,2
4,1469799654,1469799656,2
4,1469799656,1469799661,5
4,1469799661,1469799663,2
4,1469799664,1469799667,3
4,1469799667,1469799670,3
4,1469799670,1469799673,3
4,1469799673,1469799675,2
4,1469799675,1469799682,7
1,1469799676,1469799678,2
4,1469799682,1469799694,12
1,1469799688,1469799708,20
4,1469799702,1469799735,33
14,1469799707,1469799715,8
1,1469799715,1469799731,16
14,1469799731,1469799787,56
11,1469799734,1469799740,6
4,1469799736,1469799738,2
4,1469799738,1469799769,31
11,1469799740,1469799745,5
1,1469799740,1469799755,15
11,1469799745,1469799748,3
11,1469799750,1469799769,19
1,1469799766,1469799769,3
11,1469799769,1469799787,18
1,1469799782,1469799790,8
5,1469799785,1469799787,2
4,1469799787,1469799791,4
4,1469799791,1469799795,4
1,1469799794,1469799798,4
4,1469799798,1469799800,2
4,1469799800,1469799803,3
4,1469799803,1469799825,22
1,1469799805,1469799807,2
14,1469799807,1469799814,7
1,1469799815,1469799822,7
14,1469799822,1469799860,38
11,1469799824,1469799830,6
1,1469799825,1469799836,11
4,1469799826,1469799828,2
4,1469799828,1469799831,3
11,1469799830,1469799832,2
11,1469799834,1469799836,2
11,1469799836,1469799841,5
11,1469799841,1469799859,18
1,1469799855,1469799868,13
5,1469799858,1469799859,1
4,1469799860,1469799862,2
4,1469799865,1469800017,152
14,1469799868,1469799876,8
1,1469799880,1469799884,4
14,1469799883,1469799886,3
1,1469799887,1469799896,9
14,1469799895,1469799899,4
1,1469799900,1469799903,3
1,1469799912,1469799914,2
1,1469799926,1469799930,4
1,1469799997,1469800013,16
14,1469800013,1469800121,108
11,1469800016,1469800022,6
1,1469800017,1469800018,1
4,1469800018,1469800020,2
4,1469800020,1469800047,27
11,1469800022,1469800046,24
1,1469800031,1469800050,19
11,1469800046,1469800121,75
1,1469800073,1469800074,1
1,1469800097,1469800138,41
5,1469800119,1469800121,2
4,1469800121,1469800151,30
1,1469800144,1469800150,6
4,1469800151,1469800153,2
4,1469800153,1469800158,5
1,1469800156,1469800158,2
4,1469800159,1469800161,2
4,1469800161,1469800164,3
4,1469800164,1469800202,38
1,1469800185,1469800191,6
1,1469800200,1469800224,24
4,1469800202,1469800206,4
4,1469800210,1469800215,5
4,1469800217,1469800221,4
4,1469800221,1469800225,4
10,1469800222,1469800224,2
4,1469800226,1469800228,2
4,1469800229,1469800235,6
4,1469800236,1469800238,2
4,1469800238,1469800240,2
4,1469800240,1469800243,3
4,1469800243,1469800247,4
4,1469800247,1469800249,2
4,1469800249,1469800251,2
4,1469800251,1469800254,3
1,1469800255,1469800256,1
4,1469800257,1469800259,2
4,1469800260,1469800262,2
4,1469800262,1469800265,3
4,1469800266,1469800268,2
4,1469800272,1469800275,3
4,1469800275,1469800280,5
4,1469800280,1469800283,3
1,1469800281,1469800293,12
4,1469800286,1469800294,8
4,1469800295,1469800297,2
4,1469800297,1469800299,2
4,1469800301,1469800303,2
4,1469800304,1469800306,2
4,1469800306,1469800308,2
4,1469800308,1469800310,2
4,1469800310,1469800314,4
4,1469800314,1469800318,4
10,1469800316,1469800318,2
4,1469800318,1469800321,3
4,1469800321,1469800323,2
4,1469800323,1469800326,3
10,1469800324,1469800326,2
4,1469800326,1469800329,3
4,1469800329,1469800333,4
4,1469800333,1469800336,3
4,1469800337,1469800339,2
1,1469800341,1469800343,2
4,1469800344,1469800350,6
4,1469800352,1469800355,3
4,1469800355,1469800358,3
1,1469800356,1469800357,1
4,1469800358,1469800361,3
4,1469800361,1469800367,6
1,1469800362,1469800364,2
4,1469800367,1469800369,2
4,1469800371,1469800373,2
4,1469800374,1469800379,5
1,1469800375,1469800378,3
10,1469800375,1469800376,1
4,1469800379,1469800382,3
4,1469800382,1469800386,4
4,1469800386,1469800396,10
1,1469800394,1469800400,6
4,1469800396,1469800424,28
14,1469800400,1469800410,10
1,1469800411,1469800414,3
1,1469800422,1469800428,6
4,1469800425,1469800444,19
14,1469800428,1469800437,9
1,1469800437,1469800447,10
4,1469800444,1469800448,4
4,1469800448,1469800450,2
4,1469800451,1469800453,2
1,1469800461,1469800483,22
4,1469800462,1469800466,4
4,1469800466,1469800474,8
4,1469800476,1469800478,2
4,1469800479,1469800482,3
1,1469800531,1469800538,7
4,1469800535,1469800539,4
4,1469800539,1469800546,7
10,1469800541,1469800546,5
1,1469800544,1469800577,33
4,1469800567,1469800663,96
14,1469800577,1469800587,10
1,1469800596,1469800597,1
1,1469800607,1469800634,27
1,1469800641,1469800649,8
1,1469800654,1469800659,5
14,1469800659,1469800897,238
11,1469800662,1469800668,6
1,1469800662,1469800664,2
4,1469800664,1469800666,2
4,1469800666,1469800669,3
11,1469800668,1469800679,11
1,1469800671,1469800681,10
11,1469800679,1469800686,7
4,1469800680,1469800686,6
1,1469800684,1469800686,2
11,1469800686,1469800690,4
1,1469800690,1469800704,14
11,1469800690,1469800696,6
11,1469800696,1469800703,7
11,1469800704,1469800897,193
1,1469800714,1469800718,4
1,1469800732,1469800743,11
1,1469800886,1469800889,3
4,1469800889,1469800897,8
1,1469800893,1469800897,4
5,1469800895,1469800897,2
4,1469800900,1469800904,4
4,1469800905,1469800907,2
4,1469800907,1469800910,3
10,1469800908,1469800909,1
1,1469800908,1469800920,12
4,1469800911,1469800919,8
4,1469800922,1469800924,2
4,1469800924,1469800927,3
1,1469800925,1469800926,1
4,1469800928,1469800931,3
4,1469800931,1469800933,2
4,1469800933,1469800935,2
4,1469800936,1469800938,2
4,1469800939,1469800941,2
4,1469800941,1469800944,3
4,1469800945,1469800951,6
1,1469800947,1469800952,5
4,1469800951,1469800953,2
4,1469800953,1469800955,2
4,1469800956,1469800962,6
4,1469800963,1469800965,2
4,1469800965,1469800967,2
4,1469800967,1469800969,2
4,1469800970,1469800973,3
4,1469800974,1469800977,3
4,1469800979,1469800984,5
1,1469800980,1469800982,2
4,1469800984,1469800987,3
4,1469800989,1469800996,7
1,1469800991,1469800992,1
4,1469800996,1469801002,6
4,1469801002,1469801047,45
1,1469801012,1469801021,9
1,1469801043,1469801056,13
4,1469801049,1469801056,7
4,1469801056,1469801060,4
4,1469801061,1469801067,6
4,1469801067,1469801072,5
1,1469801069,1469801081,12
4,1469801072,1469801075,3
4,1469801075,1469801087,12
1,1469801087,1469801090,3
4,1469801088,1469801098,10
1,1469801095,1469801101,6
4,1469801101,1469801104,3
4,1469801104,1469801111,7
10,1469801105,1469801106,1
1,1469801108,1469801113,5
4,1469801113,1469801115,2
4,1469801115,1469801118,3
10,1469801116,1469801118,2
4,1469801118,1469801125,7
1,1469801120,1469801124,4
4,1469801125,1469801127,2
1,1469801129,1469801133,4
4,1469801131,1469801134,3
4,1469801134,1469801153,19
10,1469801135,1469801151,16
1,1469801150,1469801152,2
4,1469801153,1469801167,14
10,1469801155,1469801157,2
1,1469801177,1469801184,7
4,1469801185,1469801187,2
4,1469801187,1469801189,2
4,1469801190,1469801205,15
1,1469801193,1469801202,9
10,1469801204,1469801205,1
4,1469801205,1469801211,6
4,1469801213,1469801215,2
10,1469801214,1469801215,1
10,1469801216,1469801218,2
4,1469801218,1469801221,3
10,1469801220,1469801221,1
4,1469801221,1469801223,2
4,1469801224,1469801226,2
4,1469801226,1469801228,2
4,1469801238,1469801244,6
4,1469801244,1469801247,3
4,1469801247,1469801249,2
4,1469801249,1469801252,3
10,1469801251,1469801252,1
4,1469801252,1469801254,2
4,1469801254,1469801256,2
4,1469801268,1469801270,2
4,1469801271,1469801273,2
4,1469801273,1469801275,2
4,1469801275,1469801287,12
4,1469801289,1469801291,2
4,1469801291,1469801293,2
4,1469801293,1469801295,2
4,1469801295,1469801297,2
4,1469801297,1469801300,3
4,1469801301,1469801304,3
4,1469801305,1469801307,2
4,1469801307,1469801316,9
4,1469801316,1469801319,3
4,1469801319,1469801322,3
10,1469801320,1469801322,2
4,1469801322,1469801325,3
1,1469801323,1469801324,1
4,1469801325,1469801329,4
4,1469801330,1469801332,2
4,1469801332,1469801350,18
1,1469801347,1469801349,2
4,1469801350,1469801365,15
4,1469801366,1469801370,4
10,1469801368,1469801369,1
4,1469801370,1469801372,2
4,1469801373,1469801378,5
4,1469801378,1469801382,4
10,1469801379,1469801381,2
4,1469801382,1469801385,3
4,1469801386,1469801388,2
4,1469801392,1469801394,2
10,1469801393,1469801394,1
4,1469801397,1469801407,10
1,1469801403,1469801409,6
4,1469801408,1469801410,2
4,1469801410,1469801415,5
4,1469801415,1469801426,11
1,1469801424,1469801431,7
4,1469801426,1469801432,6
10,1469801427,1469801429,2
4,1469801432,1469801462,30
1,1469801453,1469801458,5
4,1469801462,1469801467,5
4,1469801467,1469801473,6
4,1469801473,1469801491,18
1,1469801485,1469801495,10
4,1469801498,1469801500,2
4,1469801500,1469801502,2
10,1469801501,1469801502,1
4,1469801502,1469801506,4
10,1469801502,1469801506,4
4,1469801506,1469801508,2
4,1469801508,1469801514,6
4,1469801514,1469801516,2
4,1469801516,1469801520,4
4,1469801520,1469801525,5
4,1469801525,1469801530,5
4,1469801535,1469801538,3
10,1469801536,1469801537,1
4,1469801539,1469801547,8
4,1469801547,1469801554,7
1,1469801560,1469801563,3
4,1469801564,1469801576,12
4,1469801576,1469801580,4
4,1469801580,1469801583,3
4,1469801583,1469801589,6
1,1469801586,1469801588,2
4,1469801589,1469801594,5
10,1469801590,1469801592,2
1,1469801591,1469801594,3
4,1469801597,1469801599,2
4,1469801599,1469801601,2
4,1469801602,1469801605,3
4,1469801606,1469801612,6
1,1469801607,1469801611,4
4,1469801612,1469801615,3
4,1469801629,1469801633,4
4,1469801634,1469801637,3
4,1469801637,1469801640,3
4,1469801641,1469801644,3
4,1469801646,1469801650,4
4,1469801656,1469801658,2
4,1469801658,1469801660,2
4,1469801660,1469801663,3
4,1469801663,1469801665,2
10,1469801663,1469801665,2
4,1469801665,1469801668,3
10,1469801665,1469801667,2
4,1469801669,1469801674,5
1,1469801672,1469801674,2
4,1469801674,1469801681,7
10,1469801676,1469801677,1
4,1469801681,1469801734,53
1,1469801685,1469801688,3
14,1469801687,1469801699,12
1,1469801700,1469801712,12
1,1469801719,1469801729,10
14,1469801729,1469801830,101
11,1469801732,1469801739,7
1,1469801734,1469801767,33
4,1469801734,1469801736,2
11,1469801739,1469801743,4
11,1469801743,1469801752,9
11,1469801752,1469801779,27
1,1469801777,1469801796,19
11,1469801779,1469801781,2
4,1469801780,1469801784,4
11,1469801787,1469801796,9
11,1469801796,1469801813,17
1,1469801800,1469801801,1
1,1469801812,1469801814,2
11,1469801814,1469801818,4
11,1469801818,1469801830,12
1,1469801823,1469801833,10
5,1469801828,1469801830,2
4,1469801830,1469801835,5
4,1469801835,1469801837,2
4,1469801837,1469801839,2
4,1469801841,1469801843,2
4,1469801843,1469801850,7
1,1469801848,1469801853,5
4,1469801850,1469801922,72
14,1469801853,1469801860,7
1,1469801864,1469801875,11
14,1469801875,1469801884,9
1,1469801887,1469801896,9
1,1469801904,1469801932,28
4,1469801933,1469801943,10
1,1469801937,1469801962,25
4,1469801946,1469801952,6
4,1469801952,1469801957,5
4,1469801960,1469801974,14
1,1469801966,1469801973,7
4,1469801974,1469801983,9
10,1469801975,1469801977,2
1,1469801977,1469801982,5
10,1469801981,1469801983,2
4,1469801983,1469801987,4
4,1469801987,1469801993,6
10,1469801989,1469801990,1
4,1469801993,1469802032,39
1,1469801996,1469802010,14
1,1469802024,1469802031,7
4,1469802032,1469802034,2
4,1469802035,1469802038,3
4,1469802039,1469802041,2
4,1469802041,1469802043,2
10,1469802042,1469802043,1
4,1469802043,1469802046,3
4,1469802046,1469802048,2
4,1469802048,1469802050,2
4,1469802050,1469802053,3
4,1469802054,1469802056,2
4,1469802058,1469802061,3
4,1469802061,1469802064,3
4,1469802064,1469802066,2
4,1469802067,1469802071,4
4,1469802071,1469802078,7
1,1469802074,1469802096,22
4,1469802097,1469802103,6
4,1469802103,1469802105,2
10,1469802104,1469802105,1
4,1469802106,1469802108,2
4,1469802109,1469802113,4
1,1469802121,1469802133,12
4,1469802123,1469802155,32
14,1469802133,1469802146,13
1,1469802148,1469802154,6
4,1469802156,1469802158,2
4,1469802158,1469802163,5
10,1469802159,1469802160,1
1,1469802161,1469802168,7
4,1469802163,1469802166,3
4,1469802168,1469802171,3
4,1469802171,1469802173,2
4,1469802173,1469802176,3
4,1469802178,1469802181,3
4,1469802181,1469802194,13
1,1469802185,1469802198,13
4,1469802195,1469802198,3
4,1469802199,1469802204,5
1,1469802202,1469802203,1
4,1469802209,1469802275,66
1,1469802211,1469802215,4
14,1469802215,1469802223,8
1,1469802224,1469802228,4
1,1469802245,1469802275,30
4,1469802275,1469802281,6
1,1469802279,1469802280,1
4,1469802281,1469802284,3
4,1469802286,1469802289,3
4,1469802292,1469802309,17
1,1469802303,1469802316,13
4,1469802310,1469802315,5
4,1469802317,1469802325,8
4,1469802326,1469802329,3
4,1469802329,1469802471,142
1,1469802338,1469802343,5
14,1469802341,1469802350,9
1,1469802349,1469802353,4
14,1469802353,1469802357,4
1,1469802357,1469802366,9
14,1469802364,1469802374,10
1,1469802372,1469802380,8
1,1469802401,1469802405,4
1,1469802417,1469802418,1
1,1469802428,1469802435,7
1,1469802449,1469802467,18
14,1469802467,1469802522,55
11,1469802469,1469802476,7
4,1469802471,1469802473,2
4,1469802474,1469802476,2
11,1469802476,1469802497,21
1,1469802477,1469802483,6
1,1469802495,1469802499,4
11,1469802497,1469802499,2
4,1469802497,1469802500,3
11,1469802500,1469802522,22
4,1469802501,1469802523,22
1,1469802502,1469802523,21
5,1469802520,1469802522,2
1,1469802526,1469802544,18
1,1469802549,1469802560,11
4,1469802561,1469802587,26
1,1469802567,1469802573,6
4,1469802588,1469802604,16
1,1469802589,1469802597,8
1,1469802602,1469802612,10
4,1469802604,1469802608,4
4,1469802608,1469802612,4
4,1469802620,1469802630,10
1,1469802623,1469802629,6
4,1469802630,1469802639,9
1,1469802633,1469802641,8
4,1469802642,1469802646,4
1,1469802645,1469802668,23
4,1469802647,1469802650,3
4,1469802651,1469802656,5
4,1469802657,1469802664,7
4,1469802669,1469802673,4
1,1469802673,1469802681,8
1,1469802685,1469802690,5
1,1469802697,1469802704,7
1,1469802709,1469802711,2
4,1469802713,1469802716,3
4,1469802718,1469802720,2
4,1469802721,1469802727,6
4,1469802727,1469802732,5
1,1469802729,1469802739,10
4,1469802734,1469802759,25
1,1469802742,1469802758,16
1,1469802761,1469802766,5
14,1469802766,1469802777,11
1,1469802781,1469802785,4
1,1469802821,1469802830,9
1,1469802835,1469802839,4
1,1469802842,1469802851,9
1,1469802859,1469802890,31
1,1469802894,1469802908,14
1,1469802915,1469802926,11
1,1469802930,1469802941,11
14,1469802941,1469802970,29
11,1469802943,1469802950,7
1,1469802945,1469802949,4
4,1469802946,1469802948,2
4,1469802948,1469802951,3
11,1469802950,1469802955,5
1,1469802952,1469802955,3
11,1469802955,1469802959,4
1,1469802959,1469802973,14
4,1469802960,1469802971,11
11,1469802960,1469802970,10
14,1469802973,1469802978,5
1,1469802982,1469802993,11
14,1469802986,1469802989,3
1,1469802996,1469803016,20
1,1469803025,1469803072,47
4,1469803046,1469803052,6
4,1469803052,1469803056,4
4,1469803060,1469803065,5
4,1469803070,1469803072,2
4,1469803074,1469803079,5
1,1469803078,1469803099,21
4,1469803096,1469803099,3
1,1469803106,1469803139,33
4,1469803113,1469803118,5
4,1469803120,1469803123,3
4,1469803123,1469803130,7
4,1469803132,1469803134,2
4,1469803136,1469803140,4
1,1469803143,1469803144,1
4,1469803145,1469803167,22
1,1469803149,1469803153,4
14,1469803153,1469803162,9
1,1469803164,1469803188,24
4,1469803167,1469803176,9
4,1469803178,1469803183,5
4,1469803183,1469803228,45
14,1469803186,1469803196,10
1,1469803197,1469803201,4
1,1469803206,1469803222,16
1,1469803225,1469803227,2
4,1469803228,1469803231,3
10,1469803230,1469803231,1
4,1469803231,1469803234,3
4,1469803234,1469803237,3
4,1469803237,1469803239,2
4,1469803239,1469803241,2
4,1469803241,1469803244,3
4,1469803244,1469803246,2
4,1469803247,1469803250,3
4,1469803251,1469803253,2
10,1469803252,1469803254,2
4,1469803254,1469803256,2
4,1469803257,1469803264,7
1,1469803261,1469803264,3
4,1469803265,1469803267,2
1,1469803278,1469803282,4
4,1469803283,1469803285,2
10,1469803284,1469803285,1
4,1469803286,1469803290,4
10,1469803289,1469803290,1
4,1469803290,1469803292,2
4,1469803292,1469803295,3
4,1469803295,1469803299,4
1,1469803297,1469803298,1
4,1469803300,1469803302,2
1,1469803306,1469803311,5
4,1469803307,1469803311,4
4,1469803312,1469803370,58
1,1469803314,1469803320,6
14,1469803320,1469803328,8
1,1469803330,1469803332,2
1,1469803340,1469803345,5
1,1469803360,1469803366,6
14,1469803366,1469803398,32
11,1469803368,1469803375,7
1,1469803369,1469803372,3
4,1469803370,1469803373,3
11,1469803375,1469803398,23
4,1469803375,1469803399,24
1,1469803375,1469803388,13
1,1469803394,1469803399,5
5,1469803396,1469803398,2
4,1469803401,1469803404,3
4,1469803404,1469803408,4
1,1469803405,1469803408,3
4,1469803409,1469803454,45
10,1469803410,1469803412,2
1,1469803411,1469803418,7
14,1469803418,1469803426,8
1,1469803427,1469803435,8
1,1469803447,1469803453,6
14,1469803450,1469803479,29
11,1469803452,1469803458,6
4,1469803454,1469803456,2
11,1469803458,1469803479,21
4,1469803459,1469803479,20
1,1469803460,1469803462,2
1,1469803474,1469803496,22
5,1469803477,1469803479,2
4,1469803503,1469803505,2
4,1469803506,1469803584,78
1,1469803511,1469803527,16
14,1469803526,1469803543,17
1,1469803540,1469803560,20
1,1469803571,1469803585,14
4,1469803584,1469803586,2
4,1469803586,1469803591,5
10,1469803588,1469803591,3
4,1469803591,1469803593,2
4,1469803593,1469803599,6
1,1469803596,1469803597,1
4,1469803599,1469803602,3
4,1469803602,1469803606,4
4,1469803606,1469803608,2
4,1469803609,1469803611,2
4,1469803611,1469803614,3
4,1469803614,1469803619,5
10,1469803615,1469803619,4
4,1469803619,1469803694,75
1,1469803632,1469803648,16
1,1469803652,1469803672,20
5,1469803671,1469803684,13
1,1469803687,1469803696,9
4,1469803697,1469803699,2
4,1469803699,1469803703,4
10,1469803700,1469803701,1
10,1469803701,1469803703,2
4,1469803703,1469803706,3
4,1469803712,1469803740,28
1,1469803720,1469803726,6
1,1469803729,1469803740,11
4,1469803741,1469803743,2
4,1469803743,1469803745,2
10,1469803746,1469803748,2
4,1469803748,1469803754,6
1,1469803751,1469803753,2
4,1469803761,1469803766,5
4,1469803766,1469803775,9
4,1469803777,1469803779,2
4,1469803779,1469803785,6
4,1469803785,1469803790,5
1,1469803787,1469803789,2
4,1469803790,1469803792,2
4,1469803792,1469803795,3
1,1469803794,1469803801,7
4,1469803795,1469803797,2
4,1469803798,1469803802,4
4,1469803802,1469803805,3
4,1469803805,1469803808,3
1,1469803810,1469803812,2
4,1469803813,1469803817,4
10,1469803814,1469803816,2
4,1469803819,1469803826,7
1,1469803821,1469803832,11
4,1469803826,1469803829,3
4,1469803829,1469803832,3
4,1469803833,1469803840,7
1,1469803838,1469803855,17
14,1469803855,1469803869,14
1,1469803870,1469803879,9
4,1469803886,1469803888,2
4,1469803891,1469803920,29
10,1469803893,1469803898,5
4,1469803920,1469803924,4
4,1469803924,1469803956,32
10,1469803925,1469803927,2
1,1469803927,1469803930,3
14,1469803933,1469803941,8
1,1469803941,1469803949,8
1,1469803953,1469803956,3
4,1469803957,1469803960,3
10,1469803957,1469803958,1
4,1469803960,1469803963,3
10,1469803960,1469803963,3
4,1469803964,1469803967,3
10,1469803964,1469803965,1
4,1469803967,1469803972,5
4,1469803972,1469803975,3
4,1469803977,1469803981,4
4,1469803981,1469803983,2
10,1469803982,1469803983,1
4,1469803984,1469803988,4
10,1469803990,1469803991,1
4,1469803991,1469803995,4
4,1469803995,1469803999,4
4,1469803999,1469804001,2
10,1469804000,1469804001,1
4,1469804001,1469804004,3
10,1469804002,1469804003,1
10,1469804003,1469804004,1
4,1469804004,1469804007,3
4,1469804008,1469804010,2
4,1469804011,1469804014,3
10,1469804013,1469804014,1
4,1469804014,1469804019,5
10,1469804016,1469804019,3
4,1469804019,1469804021,2
4,1469804021,1469804034,13
1,1469804029,1469804034,5
4,1469804035,1469804038,3
10,1469804037,1469804038,1
4,1469804038,1469804041,3
10,1469804038,1469804040,2
4,1469804043,1469804046,3
4,1469804046,1469804049,3
10,1469804048,1469804049,1
4,1469804051,1469804053,2
4,1469804053,1469804055,2
4,1469804055,1469804059,4
10,1469804057,1469804059,2
4,1469804059,1469804062,3
4,1469804062,1469804068,6
4,1469804068,1469804072,4
4,1469804072,1469804077,5
1,1469804075,1469804076,1
4,1469804077,1469804079,2
4,1469804079,1469804082,3
4,1469804083,1469804085,2
4,1469804085,1469804087,2
4,1469804090,1469804097,7
4,1469804097,1469804129,32
1,1469804097,1469804102,5
14,1469804102,1469804109,7
1,1469804105,1469804114,9
14,1469804114,1469804119,5
1,1469804124,1469804129,5
4,1469804130,1469804132,2
4,1469804132,1469804134,2
4,1469804135,1469804138,3
10,1469804137,1469804138,1
4,1469804138,1469804142,4
10,1469804141,1469804142,1
4,1469804142,1469804145,3
4,1469804146,1469804148,2
4,1469804150,1469804153,3
1,1469804156,1469804162,6
4,1469804156,1469804192,36
14,1469804162,1469804172,10
1,1469804172,1469804173,1
1,1469804180,1469804191,11
4,1469804194,1469804197,3
10,1469804196,1469804197,1
4,1469804197,1469804200,3
4,1469804200,1469804205,5
1,1469804202,1469804204,2
1,1469804215,1469804220,5
14,1469804220,1469804228,8
1,1469804227,1469804232,5
1,1469804235,1469804253,18
1,1469804256,1469804261,5
1,1469804264,1469804267,3
4,1469804264,1469804329,65
1,1469804270,1469804284,14
14,1469804283,1469804296,13
1,1469804293,1469804299,6
1,1469804303,1469804309,6
1,1469804313,1469804315,2
1,1469804321,1469804327,6
4,1469804329,1469804359,30
1,1469804331,1469804335,4
14,1469804333,1469804342,9
1,1469804339,1469804343,4
1,1469804347,1469804353,6
4,1469804359,1469804515,156
1,1469804367,1469804376,9
1,1469804380,1469804383,3
1,1469804387,1469804397,10
1,1469804401,1469804414,13
14,1469804411,1469804451,40
1,1469804422,1469804424,2
1,1469804431,1469804444,13
1,1469804448,1469804452,4
1,1469804459,1469804461,2
1,1469804465,1469804473,8
1,1469804476,1469804497,21
1,1469804510,1469804512,2
4,1469804515,1469804519,4
1,1469804519,1469804524,5
4,1469804519,1469804622,103
14,1469804524,1469804534,10
1,1469804536,1469804545,9
14,1469804543,1469804569,26
1,1469804553,1469804554,1
1,1469804567,1469804576,9
1,1469804580,1469804605,25
1,1469804614,1469804621,7
4,1469804622,1469804625,3
10,1469804624,1469804625,1
4,1469804625,1469804630,5
4,1469804631,1469804634,3
4,1469804634,1469804637,3
4,1469804637,1469804640,3
4,1469804640,1469804643,3
4,1469804643,1469804648,5
1,1469804647,1469804651,4
10,1469804649,1469804651,2
4,1469804652,1469804664,12
4,1469804665,1469804667,2
4,1469804668,1469804670,2
4,1469804670,1469804676,6
4,1469804676,1469804680,4
4,1469804680,1469804684,4
1,1469804683,1469804684,1
4,1469804686,1469804690,4
4,1469804690,1469804702,12
1,1469804700,1469804701,1
4,1469804702,1469804704,2
4,1469804705,1469804707,2
4,1469804707,1469804710,3
4,1469804710,1469804712,2
4,1469804713,1469804715,2
4,1469804715,1469804717,2
4,1469804717,1469804721,4
4,1469804722,1469804724,2
4,1469804726,1469804728,2
4,1469804730,1469804735,5
4,1469804735,1469804739,4
4,1469804739,1469804745,6
1,1469804744,1469804747,3
4,1469804745,1469804748,3
4,1469804749,1469804752,3
4,1469804752,1469804755,3
4,1469804755,1469804757,2
4,1469804757,1469804760,3
4,1469804761,1469804764,3
4,1469804764,1469804767,3
4,1469804767,1469804771,4
1,1469804769,1469804771,2
4,1469804772,1469804775,3
4,1469804775,1469804781,6
1,1469804779,1469804780,1
4,1469804793,1469804800,7
1,1469804795,1469804798,3
4,1469804800,1469804802,2
4,1469804802,1469804814,12
1,1469804805,1469804813,8
4,1469804814,1469804816,2
4,1469804816,1469804819,3
4,1469804819,1469804822,3
10,1469804821,1469804822,1
4,1469804823,1469804830,7
10,1469804823,1469804825,2
1,1469804827,1469804829,2
4,1469804830,1469804832,2
4,1469804832,1469804836,4
1,1469804837,1469804844,7
4,1469804839,1469804844,5
4,1469804845,1469804851,6
1,1469804848,1469804854,6
4,1469804852,1469804855,3
4,1469804856,1469804860,4
1,1469804858,1469804867,9
4,1469804861,1469804864,3
4,1469804868,1469804871,3
4,1469804871,1469804873,2
1,1469804875,1469804877,2
4,1469804879,1469804885,6
1,1469804881,1469804906,25
4,1469804888,1469804892,4
4,1469804892,1469804895,3
4,1469804903,1469804907,4
4,1469804907,1469804910,3
4,1469804910,1469804912,2
4,1469804912,1469804916,4
10,1469804913,1469804914,1
4,1469804916,1469804918,2
10,1469804917,1469804918,1
4,1469804918,1469804930,12
1,1469804926,1469804931,5
4,1469804933,1469804939,6
1,1469804936,1469804938,2
4,1469804939,1469804946,7
1,1469804943,1469804945,2
4,1469804947,1469804951,4
4,1469804951,1469804953,2
4,1469804954,1469804961,7
1,1469804962,1469804979,17
4,1469804966,1469804968,2
4,1469804980,1469804986,6
1,1469804985,1469804991,6
4,1469804986,1469804990,4
1,1469804998,1469805001,3
14,1469805001,1469805011,10
1,1469805015,1469805021,6
4,1469805019,1469805022,3
4,1469805022,1469805025,3
4,1469805025,1469805078,53
1,1469805030,1469805049,19
1,1469805052,1469805070,18
1,1469805075,1469805081,6
4,1469805078,1469805082,4
4,1469805082,1469805086,4
1,1469805088,1469805091,3
1,1469805098,1469805103,5
1,1469805106,1469805119,13
14,1469805117,1469805227,110
11,1469805130,1469805137,7
4,1469805132,1469805134,2
4,1469805134,1469805137,3
11,1469805137,1469805227,90
1,1469805142,1469805148,6
1,1469805153,1469805156,3
1,1469805159,1469805167,8
1,1469805179,1469805180,1
1,1469805183,1469805186,3
1,1469805200,1469805206,6
1,1469805223,1469805234,11
4,1469805227,1469805268,41
1,1469805241,1469805253,12
1,1469805262,1469805271,9
4,1469805268,1469805272,4
4,1469805272,1469805298,26
1,1469805275,1469805296,21
4,1469805298,1469805315,17
4,1469805315,1469805348,33
10,1469805316,1469805317,1
10,1469805322,1469805325,3
1,1469805328,1469805347,19
4,1469805349,1469805352,3
4,1469805352,1469805356,4
1,1469805354,1469805358,4
4,1469805357,1469805359,2
4,1469805359,1469805369,10
1,1469805362,1469805368,6
4,1469805369,1469805404,35
1,1469805372,1469805394,22
1,1469805398,1469805446,48
4,1469805413,1469805420,7
4,1469805423,1469805426,3
4,1469805446,1469805460,14
10,1469805447,1469805449,2
1,1469805453,1469805460,7
4,1469805461,1469805464,3
4,1469805464,1469805466,2
4,1469805467,1469805478,11
1,1469805474,1469805478,4
4,1469805479,1469805481,2
4,1469805481,1469805548,67
1,1469805482,1469805488,6
1,1469805492,1469805505,13
1,1469805510,1469805513,3
1,1469805520,1469805524,4
1,1469805538,1469805546,8
1,1469805553,1469805564,11
4,1469805565,1469805567,2
4,1469805567,1469805569,2
4,1469805569,1469805572,3
10,1469805570,1469805572,2
4,1469805572,1469805575,3
1,1469805578,1469805601,23
4,1469805578,1469805602,24
4,1469805602,1469805604,2
10,1469805603,1469805604,1
4,1469805604,1469805613,9
10,1469805606,1469805607,1
1,1469805609,1469805612,3
4,1469805616,1469805652,36
1,1469805617,1469805653,36
1,1469805657,1469805666,9
1,1469805670,1469805674,4
1,1469805679,1469805683,4
4,1469805685,1469805692,7
1,1469805686,1469805689,3
1,1469805692,1469805697,5
4,1469805693,1469806110,417
1,1469805779,1469805783,4
1,1469805793,1469805797,4
1,1469805821,1469805824,3
1,1469806071,1469806076,5
14,1469806076,1469806105,29
1,1469806093,1469806109,16
4,1469806110,1469806168,58
1,1469806113,1469806131,18
14,1469806129,1469806138,9
1,1469806139,1469806157,18
1,1469806161,1469806165,4
4,1469806169,1469806172,3
4,1469806172,1469806217,45
1,1469806177,1469806182,5
14,1469806181,1469806190,9
1,1469806191,1469806198,7
1,1469806205,1469806210,5
1,1469806213,1469806220,7
4,1469806217,1469806221,4
4,1469806221,1469806223,2
4,1469806223,1469806226,3
10,1469806224,1469806225,1
4,1469806228,1469806233,5
4,1469806233,1469806237,4
10,1469806234,1469806237,3
10,1469806237,1469806239,2
4,1469806239,1469806246,7
1,1469806243,1469806244,1
4,1469806246,1469806251,5
1,1469806247,1469806250,3
4,1469806253,1469806258,5
1,1469806253,1469806263,10
4,1469806260,1469806264,4
4,1469806265,1469806268,3
10,1469806266,1469806267,1
1,1469806266,1469806268,2
4,1469806269,1469806274,5
1,1469806275,1469806279,4
14,1469806279,1469806289,10
1,1469806290,1469806292,2
1,1469806329,1469806331,2
1,1469806350,1469806377,27
4,1469806361,1469806371,10
4,1469806371,1469806379,8
4,1469806379,1469806383,4
1,1469806381,1469806383,2
4,1469806383,1469806388,5
4,1469806389,1469806392,3
1,1469806390,1469806403,13
4,1469806392,1469806396,4
10,1469806393,1469806395,2
4,1469806396,1469806400,4
10,1469806400,1469806402,2
4,1469806403,1469806406,3
1,1469806409,1469806422,13
4,1469806414,1469806421,7
1,1469806443,1469806448,5
14,1469806447,1469806457,10
1,1469806457,1469806472,15
1,1469806475,1469806477,2
4,1469806484,1469806488,4
1,1469806485,1469806487,2
4,1469806488,1469806491,3
10,1469806490,1469806491,1
4,1469806492,1469806503,11
1,1469806494,1469806497,3
10,1469806499,1469806503,4
1,1469806505,1469806511,6
10,1469806514,1469806516,2
4,1469806517,1469806521,4
4,1469806521,1469806524,3
4,1469806524,1469806527,3
4,1469806527,1469806542,15
1,1469806531,1469806534,3
1,1469806539,1469806541,2
1,1469806569,1469806571,2
4,1469806578,1469806582,4
10,1469806582,1469806583,1
4,1469806590,1469806594,4
1,1469806598,1469806599,1
4,1469806600,1469806605,5
1,1469806603,1469806611,8
1,1469806614,1469806616,2
1,1469806628,1469806634,6
4,1469806635,1469806639,4
4,1469806639,1469806641,2
10,1469806639,1469806640,1
4,1469806641,1469806647,6
1,1469806645,1469806646,1
4,1469806647,1469806650,3
4,1469806654,1469806669,15
4,1469806670,1469806673,3
4,1469806673,1469806675,2
4,1469806676,1469806689,13
1,1469806691,1469806695,4
4,1469806695,1469806697,2
4,1469806698,1469806700,2
4,1469806700,1469806715,15
1,1469806704,1469806707,3
1,1469806710,1469806714,4
4,1469806716,1469806721,5
4,1469806721,1469806725,4
4,1469806726,1469806733,7
4,1469806733,1469806736,3
4,1469806742,1469806746,4
4,1469806746,1469806861,115
1,1469806749,1469806754,5
14,1469806754,1469806762,8
1,1469806764,1469806771,7
1,1469806780,1469806784,4
1,1469806792,1469806801,9
1,1469806805,1469806817,12
1,1469806824,1469806828,4
1,1469806833,1469806835,2
1,1469806840,1469806847,7
1,1469806856,1469806860,4
4,1469806861,1469806864,3
10,1469806862,1469806864,2
4,1469806864,1469806869,5
4,1469806872,1469806878,6
4,1469806878,1469806880,2
4,1469806880,1469806882,2
4,1469806882,1469806886,4
4,1469806886,1469806888,2
4,1469806888,1469806890,2
4,1469806891,1469806893,2
4,1469806894,1469806897,3
4,1469806897,1469806899,2
4,1469806899,1469806901,2
4,1469806901,1469806914,13
10,1469806902,1469806903,1
10,1469806904,1469806912,8
4,1469806914,1469806917,3
10,1469806916,1469806917,1
4,1469806917,1469806919,2
4,1469806919,1469806931,12
1,1469806926,1469806929,3
4,1469806931,1469806933,2
10,1469806932,1469806933,1
4,1469806933,1469806939,6
4,1469806939,1469806941,2
4,1469806941,1469806944,3
10,1469806943,1469806944,1
4,1469806944,1469806948,4
10,1469806945,1469806948,3
4,1469806948,1469806950,2
4,1469806950,1469806952,2
1,1469806957,1469806962,5
14,1469806961,1469806969,8
1,1469806976,1469806985,9
1,1469806989,1469806992,3
4,1469806993,1469807020,27
10,1469806995,1469806997,2
1,1469806997,1469807000,3
14,1469807000,1469807007,7
1,1469807008,1469807019,11
4,1469807020,1469807073,53
10,1469807021,1469807023,2
1,1469807023,1469807026,3
14,1469807026,1469807033,7
1,1469807034,1469807038,4
14,1469807037,1469807041,4
1,1469807043,1469807048,5
1,1469807053,1469807058,5
1,1469807068,1469807071,3
4,1469807073,1469807075,2
4,1469807084,1469807093,9
1,1469807088,1469807092,4
4,1469807093,1469807095,2
4,1469807096,1469807099,3
1,1469807098,1469807104,6
4,1469807103,1469807105,2
10,1469807106,1469807107,1
4,1469807108,1469807112,4
4,1469807113,1469807115,2
4,1469807116,1469807118,2
10,1469807117,1469807118,1
4,1469807119,1469807121,2
4,1469807122,1469807125,3
10,1469807124,1469807126,2
4,1469807126,1469807128,2
10,1469807129,1469807131,2
4,1469807131,1469807134,3
4,1469807134,1469807137,3
4,1469807140,1469807142,2
1,1469807141,1469807145,4
4,1469807143,1469807145,2
10,1469807143,1469807145,2
4,1469807146,1469807148,2
1,1469807148,1469807175,27
4,1469807150,1469807158,8
10,1469807152,1469807154,2
4,1469807160,1469807163,3
4,1469807166,1469807177,11
10,1469807167,1469807169,2
4,1469807177,1469807179,2
1,1469807181,1469807182,1
4,1469807182,1469807184,2
4,1469807184,1469807186,2
4,1469807187,1469807189,2
10,1469807187,1469807188,1
10,1469807190,1469807192,2
4,1469807191,1469807196,5
10,1469807193,1469807196,3
4,1469807196,1469807201,5
10,1469807199,1469807201,2
4,1469807203,1469807208,5
4,1469807208,1469807212,4
1,1469807210,1469807212,2
4,1469807213,1469807218,5
4,1469807219,1469807274,55
1,1469807226,1469807230,4
14,1469807230,1469807239,9
1,1469807242,1469807251,9
1,1469807256,1469807260,4
1,1469807268,1469807280,12
4,1469807278,1469807282,4
4,1469807284,1469807293,9
1,1469807291,1469807293,2
4,1469807294,1469807296,2
4,1469807299,1469807349,50
1,1469807305,1469807308,3
14,1469807308,1469807317,9
1,1469807325,1469807326,1
14,1469807326,1469807330,4
1,1469807332,1469807344,12
14,1469807344,1469807395,51
11,1469807347,1469807353,6
4,1469807349,1469807352,3
11,1469807353,1469807395,42
4,1469807354,1469807395,41
1,1469807355,1469807356,1
1,1469807362,1469807364,2
1,1469807367,1469807369,2
1,1469807390,1469807399,9
5,1469807393,1469807395,2
1,1469807404,1469807413,9
4,1469807406,1469807410,4
4,1469807412,1469807416,4
1,1469807417,1469807420,3
14,1469807420,1469807428,8
1,1469807429,1469807440,11
14,1469807431,1469807435,4
14,1469807440,1469807470,30
1,1469807458,1469807465,7
1,1469807469,1469807472,3
1,1469807476,1469807477,1
1,1469807482,1469807485,3
1,1469807490,1469807492,2
1,1469807496,1469807502,6
4,1469807504,1469807507,3
4,1469807507,1469807509,2
10,1469807508,1469807510,2
4,1469807509,1469807513,4
4,1469807515,1469808413,898
1,1469807519,1469807523,4
14,1469807523,1469807540,17
1,1469807539,1469807549,10
14,1469807546,1469807577,31
1,1469807554,1469807558,4
1,1469807564,1469807568,4
1,1469807573,1469807578,5
1,1469807582,1469807587,5
1,1469807592,1469807603,11
1,1469807729,1469807746,17
14,1469807746,1469807773,27
1,1469807758,1469807760,2
1,1469807774,1469807792,18
14,1469807779,1469807785,6
14,1469807789,1469807920,131
1,1469807809,1469807817,8
1,1469807839,1469807842,3
1,1469807921,1469807938,17
14,1469807925,1469807932,7
14,1469807937,1469807979,42
1,1469807969,1469807973,4
1,1469807979,1469807988,9
14,1469807984,1469808044,60
1,1469808043,1469808056,13
1,1469808406,1469808410,4
5,1469808410,1469808413,3
1,1470336496,1470336500,4
1,1470336551,1470336564,13
1,1470336771,1470336803,32
1,1470336975,1470337002,27
1,1470340215,1470340219,4
1,1470358863,1470358867,4
1,1470411207,1470411210,3
1,1470411214,1470411218,4
1,1470411400,1470411407,7
1,1470823393,1470823401,8
1,1470823406,1470823419,13
6,1470823419,1470823423,4
1,1470823425,1470823436,11
1,1470823439,1470823443,4
1,1470823446,1470823448,2
4,1470823480,1470823483,3
1,1470823507,1470823509,2
1,1470823514,1470823518,4
1,1470823522,1470823543,21
5,1470823543,1470823551,8
1,1470823552,1470823567,15
4,1470823554,1470823564,10
4,1470823568,1470823571,3
4,1470823571,1470823578,7
4,1470823578,1470823581,3
4,1470823582,1470823584,2
4,1470823584,1470823586,2
4,1470823588,1470823590,2
4,1470823590,1470823593,3
4,1470823593,1470823599,6
4,1470823600,1470823602,2
4,1470823602,1470823604,2
4,1470823605,1470823610,5
4,1470823611,1470823615,4
4,1470823615,1470823617,2
4,1470823617,1470823620,3
4,1470823621,1470823623,2
4,1470823625,1470823628,3
4,1470823628,1470823631,3
4,1470823633,1470823637,4
4,1470823637,1470823641,4
4,1470823641,1470823643,2
4,1470823643,1470823647,4
4,1470823647,1470823650,3
4,1470823650,1470823663,13
1,1470823653,1470823664,11
4,1470823665,1470823667,2
4,1470823667,1470823688,21
1,1470823668,1470823679,11
1,1470823682,1470823687,5
4,1470823688,1470823694,6
4,1470823694,1470823697,3
4,1470823700,1470823702,2
4,1470823703,1470823707,4
4,1470823708,1470823710,2
4,1470823710,1470823712,2
4,1470823712,1470823714,2
4,1470823715,1470823719,4
10,1470823717,1470823719,2
4,1470823719,1470823724,5
4,1470823724,1470823726,2
4,1470823726,1470823730,4
1,1470823736,1470823737,1
4,1470823738,1470823740,2
4,1470823740,1470823743,3
4,1470823743,1470823745,2
4,1470823745,1470823747,2
10,1470823745,1470823747,2
4,1470823747,1470823749,2
4,1470823750,1470823754,4
1,1470823751,1470823756,5
4,1470823757,1470823760,3
4,1470823760,1470823764,4
4,1470823765,1470823767,2
4,1470823767,1470823769,2
4,1470823769,1470823771,2
4,1470823771,1470823774,3
4,1470823774,1470823776,2
4,1470823776,1470823780,4
4,1470823780,1470823782,2
1,1470823780,1470823781,1
4,1470823783,1470823791,8
4,1470823791,1470823794,3
4,1470823794,1470823796,2
4,1470823796,1470823801,5
4,1470823801,1470823805,4
4,1470823805,1470823808,3
4,1470823808,1470823812,4
1,1470823810,1470823812,2
4,1470823813,1470823815,2
4,1470823815,1470823817,2
4,1470823817,1470823834,17
1,1470823824,1470823837,13
7,1470823825,1470823827,2
7,1470823825,1470823827,2
7,1470823825,1470823827,2
7,1470823825,1470823827,2
4,1470823834,1470823838,4
4,1470823838,1470823841,3
4,1470823841,1470823843,2
4,1470823844,1470823847,3
4,1470823847,1470823852,5
1,1470823853,1470823855,2
4,1470823855,1470823858,3
4,1470823858,1470823860,2
4,1470823860,1470823865,5
4,1470823865,1470823868,3
4,1470823868,1470823871,3
4,1470823873,1470823884,11
1,1470823876,1470823877,1
4,1470823884,1470823893,9
1,1470823887,1470823889,2
4,1470823893,1470823896,3
4,1470823897,1470823899,2
4,1470823901,1470823906,5
1,1470823904,1470823920,16
4,1470823906,1470823911,5
4,1470823914,1470823916,2
4,1470823920,1470823923,3
4,1470823923,1470823929,6
4,1470823929,1470823932,3
10,1470823930,1470823932,2
4,1470823932,1470823935,3
4,1470823935,1470823938,3
4,1470823938,1470823949,11
1,1470823939,1470823943,4
4,1470823949,1470823954,5
4,1470823956,1470823959,3
4,1470823959,1470823961,2
4,1470823962,1470823965,3
4,1470823965,1470823968,3
4,1470823968,1470823971,3
4,1470823971,1470823975,4
1,1470823972,1470823974,2
4,1470823975,1470823978,3
4,1470823978,1470823981,3
4,1470823981,1470823983,2
4,1470823987,1470823989,2
4,1470823989,1470823992,3
4,1470823993,1470823995,2
4,1470823995,1470823999,4
1,1470823996,1470823998,2
4,1470823999,1470824002,3
4,1470824004,1470824009,5
1,1470824007,1470824008,1
4,1470824009,1470824012,3
10,1470824010,1470824012,2
4,1470824012,1470824022,10
1,1470824014,1470824015,1
4,1470824022,1470824030,8
1,1470824026,1470824029,3
4,1470824031,1470824038,7
1,1470824032,1470824034,2
4,1470824039,1470824042,3
4,1470824043,1470824045,2
4,1470824047,1470824051,4
1,1470824052,1470824055,3
4,1470824057,1470824060,3
1,1470824063,1470824065,2
4,1470824066,1470824069,3
4,1470824069,1470824074,5
1,1470824072,1470824090,18
4,1470824077,1470824082,5
4,1470824085,1470824087,2
4,1470824089,1470824091,2
4,1470824091,1470824095,4
1,1470824093,1470824095,2
4,1470824095,1470824097,2
4,1470824097,1470824101,4
4,1470824101,1470824104,3
4,1470824104,1470824106,2
4,1470824107,1470824109,2
4,1470824109,1470824112,3
4,1470824112,1470824115,3
4,1470824115,1470824120,5
4,1470824120,1470824123,3
10,1470824121,1470824123,2
10,1470824123,1470824124,1
4,1470824124,1470824127,3
4,1470824127,1470824289,162
1,1470824150,1470824178,28
1,1470824274,1470824280,6
4,1470824290,1470824292,2
4,1470824292,1470824295,3
4,1470824296,1470824299,3
1,1470824300,1470824304,4
4,1470824305,1470824309,4
4,1470824311,1470824316,5
4,1470824316,1470824318,2
4,1470824328,1470824330,2
4,1470824331,1470824334,3
4,1470824334,1470824338,4
4,1470824338,1470824343,5
4,1470824344,1470824354,10
4,1470824354,1470824357,3
1,1470824355,1470824360,5
4,1470824357,1470824361,4
4,1470824361,1470824364,3
4,1470824365,1470824367,2
4,1470824367,1470824370,3
4,1470824370,1470824373,3
1,1470824371,1470824372,1
4,1470824373,1470824377,4
4,1470824378,1470824380,2
4,1470824381,1470824383,2
4,1470824383,1470824386,3
4,1470824386,1470824390,4
4,1470824390,1470824392,2
4,1470824393,1470824396,3
4,1470824401,1470824403,2
10,1470824402,1470824403,1
4,1470824403,1470824405,2
4,1470824406,1470824413,7
1,1470824408,1470824411,3
4,1470824413,1470824415,2
4,1470824415,1470824417,2
4,1470824417,1470824419,2
10,1470824417,1470824418,1
4,1470824419,1470824425,6
10,1470824426,1470824428,2
4,1470824427,1470824429,2
4,1470824430,1470824434,4
10,1470824430,1470824433,3
4,1470824434,1470824436,2
4,1470824436,1470824440,4
4,1470824444,1470824447,3
4,1470824448,1470824456,8
4,1470824461,1470824463,2
10,1470824461,1470824463,2
4,1470824464,1470824466,2
4,1470824466,1470824468,2
4,1470824468,1470824471,3
4,1470824471,1470824474,3
4,1470824475,1470824482,7
4,1470824482,1470824484,2
4,1470824488,1470824492,4
4,1470824492,1470824495,3
1,1470824499,1470824508,9
4,1470824509,1470824511,2
10,1470824509,1470824510,1
4,1470824511,1470824514,3
4,1470824514,1470824516,2
4,1470824516,1470824519,3
4,1470824519,1470824521,2
4,1470824522,1470824525,3
4,1470824525,1470824531,6
10,1470824526,1470824527,1
4,1470824531,1470824535,4
1,1470824533,1470824535,2
4,1470824536,1470824548,12
1,1470824539,1470824548,9
4,1470824551,1470824560,9
1,1470824552,1470824562,10
4,1470824563,1470824566,3
4,1470824567,1470824570,3
1,1470824568,1470824569,1
4,1470824570,1470824574,4
4,1470824574,1470824576,2
10,1470824575,1470824576,1
10,1470824577,1470824583,6
1,1470824580,1470824584,4
4,1470824585,1470824589,4
10,1470824587,1470824589,2
4,1470824590,1470824708,118
10,1470824590,1470824591,1
1,1470824593,1470824602,9
1,1470824612,1470824660,48
5,1470824618,1470824619,1
1,1470824670,1470824691,21
1,1470824695,1470824705,10
1,1470824709,1470824711,2
4,1470824712,1470824714,2
4,1470824714,1470824716,2
4,1470824716,1470824724,8
4,1470824724,1470824733,9
1,1470824725,1470824732,7
10,1470824733,1470824734,1
4,1470824734,1470824737,3
1,1470824736,1470824737,1
4,1470824738,1470824742,4
4,1470824742,1470824760,18
10,1470824745,1470824748,3
1,1470824746,1470824787,41
4,1470824760,1470824764,4
4,1470824770,1470824773,3
4,1470824777,1470824781,4
4,1470824781,1470824784,3
4,1470824784,1470824787,3
4,1470824787,1470824793,6
1,1470824790,1470824817,27
4,1470824799,1470824801,2
4,1470824804,1470824806,2
4,1470824811,1470824814,3
4,1470824817,1470824820,3
4,1470824820,1470824835,15
1,1470824821,1470824822,1
1,1470824830,1470824834,4
4,1470824835,1470824838,3
4,1470824838,1470824848,10
10,1470824838,1470824841,3
1,1470824840,1470824845,5
10,1470824846,1470824848,2
4,1470824849,1470824851,2
4,1470824851,1470824868,17
10,1470824851,1470824859,8
1,1470824858,1470824860,2
1,1470824865,1470824869,4
4,1470824870,1470824873,3
1,1470824873,1470824896,23
5,1470824884,1470824905,21
1,1470824902,1470824914,12
5,1470824914,1470824921,7
1,1470824917,1470824926,9
4,1470824928,1470825009,81
1,1470824930,1470824938,8
1,1470824944,1470824948,4
1,1470824952,1470824954,2
1,1470825024,1470825044,20
1,1470825048,1470825054,6
1,1470825059,1470825091,32
1,1470825152,1470825156,4
4,1470825157,1470825230,73
1,1470825159,1470825162,3
1,1470825165,1470825170,5
1,1470825177,1470825180,3
1,1470825227,1470825229,2
4,1470825230,1470825233,3
4,1470825236,1470825239,3
4,1470825240,1470825246,6
1,1470825241,1470825248,7
4,1470825247,1470825252,5
4,1470825252,1470825257,5
1,1470825253,1470825258,5
4,1470825259,1470825261,2
1,1470825262,1470825267,5
4,1470825266,1470825286,20
1,1470825286,1470825287,1
4,1470825288,1470825291,3
1,1470825292,1470825298,6
4,1470825295,1470825299,4
4,1470825299,1470825302,3
4,1470825302,1470825305,3
4,1470825305,1470825310,5
1,1470825307,1470825309,2
4,1470825311,1470825314,3
10,1470825312,1470825314,2
4,1470825314,1470825317,3
10,1470825315,1470825317,2
10,1470825317,1470825318,1
4,1470825318,1470825321,3
4,1470825321,1470825327,6
10,1470825322,1470825327,5
4,1470825327,1470825329,2
4,1470825329,1470825332,3
4,1470825332,1470825334,2
4,1470825335,1470825337,2
4,1470825339,1470825342,3
4,1470825342,1470825345,3
4,1470825345,1470825347,2
4,1470825347,1470825349,2
4,1470825351,1470825354,3
1,1470825356,1470825357,1
4,1470825362,1470825366,4
4,1470825366,1470825381,15
1,1470825369,1470825370,1
4,1470825384,1470825386,2
10,1470825384,1470825385,1
4,1470825387,1470825390,3
10,1470825390,1470825392,2
4,1470825391,1470825394,3
10,1470825392,1470825393,1
4,1470825394,1470825400,6
10,1470825395,1470825400,5
4,1470825400,1470825402,2
4,1470825402,1470825411,9
1,1470825407,1470825424,17
4,1470825412,1470825452,40
1,1470825444,1470825450,6
4,1470825453,1470825456,3
1,1470825454,1470825455,1
4,1470825457,1470825491,34
1,1470825461,1470825464,3
1,1470825483,1470825513,30
4,1470825497,1470825503,6
1,1470825528,1470825531,3
1,1470825536,1470825537,1
4,1470825538,1470825540,2
4,1470825540,1470825542,2
4,1470825543,1470825547,4
10,1470825543,1470825545,2
4,1470825547,1470825552,5
4,1470825553,1470825556,3
4,1470825556,1470825565,9
4,1470825565,1470825569,4
4,1470825572,1470825624,52
1,1470825572,1470825576,4
1,1470825621,1470825623,2
4,1470825624,1470825627,3
4,1470825628,1470825632,4
1,1470825629,1470825631,2
4,1470825632,1470825635,3
10,1470825634,1470825635,1
4,1470825635,1470825667,32
1,1470825665,1470825670,5
1,1470825673,1470825675,2
4,1470825676,1470825678,2
1,1470825679,1470825681,2
4,1470825681,1470825683,2
1,1470825684,1470825685,1
4,1470825686,1470825688,2
4,1470825693,1470825733,40
1,1470825726,1470825743,17
4,1470825733,1470825735,2
4,1470825735,1470825741,6
4,1470825741,1470825743,2
4,1470825744,1470825746,2
4,1470825746,1470825754,8
1,1470825748,1470825753,5
4,1470825754,1470825758,4
4,1470825762,1470825764,2
4,1470825764,1470825767,3
10,1470825765,1470825766,1
1,1470825765,1470825766,1
4,1470825768,1470825771,3
1,1470825770,1470825773,3
4,1470825774,1470825777,3
4,1470825778,1470825780,2
4,1470825780,1470825782,2
4,1470825782,1470825786,4
4,1470825788,1470825791,3
4,1470825791,1470825795,4
1,1470825792,1470825793,1
4,1470825796,1470825798,2
1,1470825798,1470825815,17
4,1470825804,1470825816,12
4,1470825818,1470825821,3
4,1470825823,1470825826,3
4,1470825826,1470825828,2
4,1470825829,1470825832,3
4,1470825832,1470825835,3
4,1470825835,1470825838,3
4,1470825839,1470825841,2
4,1470825841,1470825843,2
4,1470825844,1470825846,2
4,1470825846,1470825848,2
4,1470825848,1470825852,4
4,1470825852,1470825872,20
1,1470825854,1470825857,3
1,1470825862,1470825872,10
4,1470825873,1470825884,11
1,1470825876,1470825887,11
4,1470825886,1470825888,2
4,1470825888,1470825891,3
4,1470825891,1470825893,2
4,1470825893,1470825897,4
1,1470825896,1470825902,6
4,1470825898,1470825903,5
4,1470825903,1470825912,9
1,1470825905,1470825927,22
4,1470825917,1470825920,3
4,1470825920,1470825928,8
4,1470825928,1470825931,3
4,1470825931,1470825933,2
4,1470825933,1470825936,3
4,1470825937,1470825946,9
1,1470825941,1470825945,4
4,1470825948,1470825952,4
4,1470825953,1470825961,8
1,1470825954,1470825966,12
4,1470825968,1470825973,5
1,1470825970,1470825975,5
4,1470825974,1470825998,24
1,1470825980,1470825986,6
1,1470825991,1470825997,6
4,1470826000,1470826144,144
1,1470826002,1470826005,3
1,1470826123,1470826129,6
1,1470826135,1470826143,8
4,1470826146,1470826148,2
4,1470826148,1470826151,3
10,1470826149,1470826151,2
4,1470826151,1470826154,3
4,1470826154,1470826157,3
4,1470826157,1470826162,5
1,1470826158,1470826169,11
4,1470826168,1470826171,3
4,1470826171,1470826173,2
1,1470826178,1470826180,2
4,1470826181,1470826200,19
1,1470826187,1470826200,13
4,1470826200,1470826202,2
4,1470826202,1470826205,3
4,1470826205,1470826211,6
1,1470826206,1470826209,3
4,1470826211,1470826214,3
4,1470826214,1470826216,2
4,1470826220,1470826231,11
4,1470826231,1470826233,2
4,1470826253,1470826255,2
4,1470826255,1470826264,9
4,1470826264,1470826267,3
4,1470826267,1470826273,6
10,1470826269,1470826270,1
4,1470826274,1470826277,3
4,1470826277,1470826279,2
4,1470826279,1470826293,14
4,1470826295,1470826299,4
4,1470826299,1470826304,5
4,1470826304,1470826306,2
4,1470826306,1470826310,4
4,1470826310,1470826315,5
1,1470826313,1470826314,1
4,1470826315,1470826331,16
4,1470826331,1470826338,7
1,1470826335,1470826340,5
4,1470826338,1470826341,3
4,1470826341,1470826343,2
4,1470826343,1470826346,3
1,1470826344,1470826346,2
4,1470826346,1470826354,8
1,1470826351,1470826353,2
4,1470826354,1470826363,9
1,1470826358,1470826362,4
4,1470826363,1470826368,5
1,1470826366,1470826367,1
4,1470826368,1470826375,7
1,1470826373,1470826379,6
10,1470826375,1470826377,2
10,1470826381,1470826382,1
4,1470826383,1470826386,3
1,1470826384,1470826385,1
4,1470826386,1470826395,9
1,1470826390,1470826394,4
4,1470826395,1470826400,5
4,1470826400,1470826402,2
4,1470826402,1470826404,2
4,1470826404,1470826406,2
4,1470826406,1470826415,9
1,1470826407,1470826438,31
4,1470826420,1470826423,3
4,1470826426,1470826431,5
4,1470826436,1470826454,18
1,1470826447,1470826452,5
4,1470826454,1470826456,2
4,1470826457,1470826459,2
4,1470826460,1470826465,5
1,1470826462,1470826468,6
4,1470826469,1470826474,5
1,1470826471,1470826484,13
4,1470826479,1470826483,4
1,1470826489,1470826490,1
4,1470826491,1470826493,2
4,1470826493,1470826501,8
1,1470826497,1470826499,2
4,1470826501,1470826505,4
4,1470826505,1470826507,2
4,1470826507,1470826512,5
4,1470826512,1470826515,3
4,1470826515,1470826518,3
4,1470826519,1470826526,7
4,1470826526,1470826528,2
4,1470826529,1470826531,2
4,1470826534,1470826537,3
1,1470826539,1470826540,1
4,1470826542,1470826547,5
1,1470826544,1470826546,2
4,1470826547,1470826551,4
4,1470826552,1470826558,6
4,1470826561,1470826563,2
4,1470826563,1470826572,9
4,1470826572,1470826575,3
4,1470826575,1470826578,3
4,1470826578,1470826584,6
4,1470826584,1470826586,2
4,1470826586,1470826604,18
4,1470826604,1470826606,2
4,1470826606,1470826612,6
1,1470826610,1470826614,4
10,1470826612,1470826614,2
4,1470826615,1470826619,4
4,1470826620,1470826623,3
1,1470826621,1470826626,5
4,1470826623,1470826626,3
4,1470826626,1470826630,4
4,1470826630,1470826643,13
1,1470826639,1470826641,2
1,1470826653,1470826656,3
4,1470826657,1470826660,3
4,1470826660,1470826662,2
10,1470826660,1470826661,1
1,1470826661,1470826675,14
4,1470826662,1470826675,13
4,1470826675,1470826677,2
4,1470826678,1470826680,2
4,1470826680,1470826682,2
4,1470826682,1470826685,3
4,1470826685,1470826687,2
4,1470826688,1470826695,7
10,1470826690,1470826691,1
4,1470826696,1470826699,3
4,1470826699,1470826710,11
1,1470826701,1470826710,9
4,1470826711,1470826717,6
1,1470826721,1470826724,3
4,1470826725,1470826728,3
4,1470826728,1470826734,6
1,1470826730,1470826733,3
4,1470826734,1470826737,3
4,1470826737,1470826739,2
4,1470826739,1470826744,5
4,1470826744,1470826746,2
4,1470826750,1470826752,2
4,1470826753,1470826762,9
1,1470826754,1470826761,7
4,1470826762,1470826778,16
1,1470826773,1470826778,5
4,1470826779,1470826781,2
1,1470826782,1470826783,1
4,1470826784,1470826808,24
1,1470826790,1470826807,17
4,1470826808,1470826810,2
10,1470826810,1470826812,2
4,1470826812,1470826816,4
4,1470826816,1470826819,3
4,1470826819,1470826821,2
4,1470826821,1470826845,24
1,1470826846,1470826857,11
4,1470826850,1470826854,4
4,1470826858,1470826862,4
4,1470826862,1470826871,9
1,1470826869,1470826871,2
4,1470826872,1470826875,3
4,1470826875,1470826881,6
1,1470826878,1470826880,2
4,1470826881,1470826886,5
1,1470826884,1470826885,1
4,1470826886,1470826890,4
10,1470826886,1470826888,2
1,1470826888,1470826889,1
4,1470826890,1470826894,4
4,1470826895,1470826904,9
1,1470826901,1470826911,10
4,1470826904,1470826911,7
4,1470826912,1470826916,4
1,1470826914,1470826915,1
4,1470826916,1470826918,2
4,1470826919,1470826967,48
1,1470826924,1470826930,6
1,1470826959,1470826961,2
4,1470826968,1470826970,2
10,1470826970,1470826972,2
4,1470826974,1470826976,2
4,1470826976,1470826978,2
4,1470826979,1470826983,4
4,1470826983,1470826985,2
4,1470826987,1470826990,3
4,1470826990,1470826992,2
4,1470826992,1470826995,3
4,1470826995,1470826998,3
1,1470827000,1470827006,6
4,1470827002,1470827007,5
4,1470827007,1470827033,26
1,1470827012,1470827015,3
1,1470827028,1470827051,23
4,1470827035,1470827039,4
4,1470827039,1470827046,7
4,1470827053,1470827055,2
4,1470827056,1470827058,2
4,1470827058,1470827061,3
4,1470827061,1470827066,5
1,1470827065,1470827069,4
4,1470827069,1470827074,5
4,1470827074,1470827119,45
1,1470827074,1470827085,11
1,1470827112,1470827137,25
4,1470827120,1470827138,18
4,1470827138,1470827188,50
1,1470827143,1470827149,6
1,1470827184,1470827187,3
4,1470827188,1470827191,3
1,1470827192,1470827193,1
4,1470827198,1470827201,3
1,1470827198,1470827208,10
4,1470827203,1470827209,6
4,1470827211,1470827214,3
1,1470827218,1470827227,9
4,1470827227,1470827263,36
1,1470827230,1470827233,3
1,1470827256,1470827265,9
4,1470827266,1470827269,3
4,1470827269,1470827381,112
1,1470827273,1470827277,4
4,1470827381,1470827387,6
1,1470827382,1470827385,3
4,1470827388,1470827390,2
1,1470827392,1470827393,1
4,1470827394,1470827396,2
4,1470827396,1470827424,28
1,1470827401,1470827403,2
1,1470827415,1470827426,11
4,1470827424,1470827427,3
4,1470827427,1470827429,2
4,1470827429,1470827434,5
1,1470827430,1470827432,2
4,1470827434,1470827438,4
1,1470827439,1470827441,2
4,1470827442,1470843078,15636
1,1470827444,1470827453,9
1,1470827466,1470827467,1
1,1470843037,1470843047,10
1,1470843055,1470843065,10
1,1470843073,1470843074,1
1,1470843082,1470843084,2
4,1470843085,1470843087,2
4,1470843088,1470843090,2
4,1470843090,1470843092,2
4,1470843093,1470843096,3
4,1470843096,1470843100,4
4,1470843100,1470843102,2
10,1470843100,1470843101,1
4,1470843102,1470843105,3
10,1470843104,1470843105,1
4,1470843105,1470843109,4
4,1470843122,1470843125,3
1,1470843123,1470843125,2
4,1470843126,1470843129,3
4,1470843132,1470843134,2
4,1470843134,1470843137,3
4,1470843143,1470843149,6
1,1470843145,1470843146,1
1,1470843149,1470843171,22
4,1470843152,1470843155,3
4,1470843155,1470843158,3
4,1470843169,1470843173,4
4,1470843173,1470843181,8
1,1470843179,1470843180,1
4,1470843181,1470843196,15
4,1470843197,1470843205,8
1,1470843200,1470843204,4
4,1470843205,1470843214,9
1,1470843208,1470843211,3
4,1470843214,1470843217,3
4,1470843217,1470843220,3
4,1470843220,1470843224,4
4,1470843225,1470843227,2
4,1470843227,1470843240,13
1,1470843236,1470843238,2
4,1470843241,1470843244,3
4,1470843245,1470843248,3
4,1470843248,1470843250,2
4,1470843251,1470843254,3
4,1470843254,1470843256,2
4,1470843257,1470843259,2
4,1470843259,1470843262,3
4,1470843262,1470843265,3
4,1470843266,1470843270,4
4,1470843273,1470843277,4
4,1470843277,1470843281,4
4,1470843281,1470843290,9
1,1470843284,1470843286,2
4,1470843290,1470843292,2
4,1470843292,1470843295,3
4,1470843295,1470843297,2
1,1470843303,1470843304,1
4,1470843305,1470843308,3
4,1470843308,1470843316,8
4,1470843316,1470843319,3
4,1470843319,1470843322,3
4,1470843322,1470843324,2
1,1470843325,1470843327,2
4,1470843328,1470843354,26
10,1470843330,1470843331,1
1,1470843331,1470843335,4
1,1470843345,1470843360,15
4,1470843354,1470843415,61
1,1470843409,1470843414,5
4,1470843415,1470843426,11
1,1470843421,1470843432,11
4,1470843426,1470843428,2
4,1470843429,1470843432,3
4,1470843432,1470843436,4
10,1470843433,1470843434,1
4,1470843436,1470843439,3
1,1470843440,1470843441,1
4,1470843443,1470843452,9
4,1470843452,1470843476,24
1,1470843474,1470843475,1
4,1470843477,1470843488,11
10,1470843478,1470843486,8
4,1470843489,1470843491,2
4,1470843491,1470843494,3
10,1470843494,1470843495,1
4,1470843495,1470843497,2
4,1470843497,1470843502,5
4,1470843502,1470843505,3
4,1470843506,1470843514,8
4,1470843515,1470843519,4
4,1470843519,1470843522,3
4,1470843523,1470843525,2
4,1470843525,1470843529,4
4,1470843529,1470843531,2
4,1470843531,1470843534,3
4,1470843534,1470843537,3
4,1470843538,1470843540,2
4,1470843540,1470843544,4
4,1470843544,1470843546,2
4,1470843546,1470843549,3
4,1470843549,1470843551,2
4,1470843551,1470843555,4
4,1470843555,1470843558,3
4,1470843559,1470843562,3
4,1470843562,1470843564,2
10,1470843563,1470843564,1
4,1470843564,1470843581,17
4,1470843581,1470843584,3
4,1470843585,1470843591,6
4,1470843592,1470843595,3
10,1470843593,1470843594,1
4,1470843595,1470843599,4
10,1470843595,1470843596,1
4,1470843601,1470843603,2
4,1470843603,1470843606,3
4,1470843607,1470843616,9
1,1470843611,1470843615,4
4,1470843617,1470843619,2
4,1470843619,1470843621,2
4,1470843621,1470843624,3
4,1470843624,1470843626,2
4,1470843626,1470843628,2
4,1470843628,1470843634,6
1,1470843632,1470843633,1
4,1470843634,1470843642,8
1,1470843637,1470843642,5
4,1470843643,1470843646,3
10,1470843643,1470843644,1
4,1470843646,1470843650,4
4,1470843651,1470843655,4
4,1470843655,1470843658,3
4,1470843658,1470843661,3
4,1470843661,1470843665,4
1,1470843666,1470843680,14
4,1470843682,1470843696,14
1,1470843685,1470843695,10
4,1470843696,1470843703,7
4,1470843707,1470843710,3
4,1470843713,1470843715,2
4,1470843717,1470843720,3
10,1470843718,1470843720,2
4,1470843720,1470843723,3
4,1470843723,1470843734,11
4,1470843737,1470843740,3
4,1470843740,1470843742,2
4,1470843745,1470843748,3
4,1470843748,1470843750,2
4,1470843751,1470843753,2
4,1470843754,1470843756,2
4,1470843761,1470843763,2
4,1470843763,1470843766,3
4,1470843772,1470843774,2
4,1470843774,1470843778,4
4,1470843782,1470843784,2
4,1470843784,1470843791,7
4,1470843791,1470843794,3
4,1470843794,1470843797,3
4,1470843799,1470843801,2
4,1470843801,1470843803,2
4,1470843813,1470843817,4
1,1470843815,1470843817,2
4,1470843817,1470843821,4
1,1470843821,1470843826,5
4,1470843827,1470843830,3
4,1470843831,1470843833,2
4,1470843837,1470843840,3
4,1470843840,1470843842,2
4,1470843842,1470843935,93
1,1470843847,1470843849,2
1,1470843853,1470843858,5
1,1470843893,1470843895,2
1,1470843912,1470843916,4
1,1470843929,1470843944,15
1,1470843964,1470843973,9
4,1470843973,1470843977,4
10,1470843974,1470843977,3
4,1470843977,1470844067,90
1,1470843980,1470843984,4
1,1470844049,1470844073,24
4,1470844068,1470844070,2
4,1470844074,1470844080,6
10,1470844075,1470844077,2
1,1470844082,1470844084,2
4,1470844086,1470844089,3
4,1470844089,1470844092,3
4,1470844092,1470844094,2
4,1470844095,1470844100,5
4,1470844100,1470844105,5
4,1470844106,1470844109,3
4,1470844109,1470844111,2
4,1470844114,1470844120,6
4,1470844121,1470844128,7
1,1470844126,1470844127,1
4,1470844128,1470844132,4
4,1470844133,1470844137,4
10,1470844134,1470844136,2
4,1470844137,1470844143,6
1,1470844144,1470844151,7
1,1470844167,1470844170,3
4,1470844171,1470844174,3
10,1470844171,1470844173,2
10,1470844173,1470844174,1
1,1470844175,1470844182,7
1,1470844219,1470844234,15
4,1470844235,1470844238,3
4,1470844238,1470844240,2
4,1470844240,1470844244,4
4,1470844244,1470844247,3
4,1470844247,1470844250,3
4,1470844251,1470844256,5
4,1470844256,1470844261,5
4,1470844261,1470844265,4
4,1470844265,1470844268,3
4,1470844268,1470844270,2
4,1470844271,1470844273,2
4,1470844273,1470844277,4
4,1470844298,1470844301,3
4,1470844301,1470844305,4
4,1470844308,1470844310,2
4,1470844311,1470844313,2
4,1470844313,1470844316,3
10,1470844314,1470844316,2
4,1470844317,1470844332,15
1,1470844320,1470844329,9
10,1470844330,1470844332,2
4,1470844334,1470844339,5
4,1470844340,1470844349,9
10,1470844341,1470844343,2
1,1470844346,1470844347,1
4,1470844350,1470844367,17
1,1470844359,1470844366,7
10,1470844367,1470844369,2
4,1470844369,1470844371,2
10,1470844371,1470844372,1
4,1470844372,1470844377,5
4,1470844377,1470844381,4
4,1470844381,1470844384,3
1,1470844382,1470844386,4
4,1470844387,1470844394,7
1,1470844390,1470844393,3
4,1470844394,1470844399,5
1,1470844398,1470844403,5
4,1470844399,1470844449,50
1,1470844446,1470844463,17
4,1470844460,1470844463,3
4,1470844464,1470844467,3
1,1470844466,1470844499,33
4,1470844487,1470844493,6
4,1470844496,1470844500,4
1,1470844505,1470844506,1
1,1470844516,1470844518,2
1,1470844551,1470844559,8
4,1470844558,1470844560,2
4,1470844562,1470844565,3
4,1470844565,1470844567,2
4,1470844567,1470844570,3
1,1470844573,1470844583,10
4,1470844573,1470844642,69
1,1470844640,1470844642,2
4,1470844643,1470844646,3
1,1470844645,1470844650,5
4,1470844646,1470844649,3
4,1470844651,1470844668,17
1,1470844655,1470844667,12
4,1470844668,1470844671,3
4,1470844675,1470844679,4
1,1470844676,1470844682,6
4,1470844679,1470844721,42
1,1470844694,1470844750,56
4,1470844721,1470844737,16
4,1470844737,1470844747,10
4,1470844750,1470844762,12
1,1470844760,1470844783,23
4,1470844766,1470844772,6
4,1470844772,1470844777,5
4,1470844777,1470844784,7
4,1470844786,1470844789,3
4,1470844789,1470844791,2
4,1470844791,1470844793,2
4,1470844794,1470844843,49
10,1470844794,1470844795,1
1,1470844831,1470844842,11
4,1470844844,1470844846,2
4,1470844846,1470844853,7
4,1470844853,1470844857,4
4,1470844857,1470844863,6
4,1470844863,1470844865,2
4,1470844865,1470844871,6
1,1470844867,1470844871,4
4,1470844871,1470844874,3
10,1470844873,1470844874,1
4,1470844874,1470844876,2
4,1470844877,1470844889,12
1,1470844879,1470844881,2
1,1470844885,1470844887,2
4,1470844890,1470844893,3
4,1470844893,1470844895,2
10,1470844894,1470844895,1
4,1470844895,1470844901,6
4,1470844901,1470844903,2
4,1470844903,1470844906,3
4,1470844909,1470844911,2
4,1470844912,1470844914,2
4,1470844915,1470844918,3
4,1470844918,1470844921,3
4,1470844921,1470844923,2
10,1470844922,1470844923,1
1,1470844950,1470844952,2
4,1470844959,1470844965,6
4,1470844965,1470844969,4
1,1470844966,1470844973,7
4,1470844969,1470844975,6
4,1470844975,1470844978,3
1,1470844990,1470845007,17
4,1470844994,1470845001,7
4,1470845003,1470845007,4
4,1470845007,1470845011,4
1,1470845024,1470845026,2
4,1470845029,1470845052,23
1,1470845034,1470845037,3
1,1470845046,1470845060,14
4,1470845055,1470845058,3
4,1470845060,1470845083,23
1,1470845075,1470845077,2
4,1470845083,1470845094,11
4,1470845094,1470845119,25
1,1470845110,1470845130,20
4,1470845122,1470845128,6
1,1470845134,1470845166,32
4,1470845136,1470845145,9
4,1470845147,1470845149,2
4,1470845152,1470845160,8
4,1470845162,1470845164,2
4,1470845168,1470845170,2
1,1470845171,1470845180,9
4,1470845176,1470845178,2
4,1470845180,1470845188,8
1,1470845184,1470845189,5
4,1470845192,1470845202,10
1,1470845195,1470845202,7
4,1470845203,1470845205,2
4,1470845205,1470845207,2
4,1470845207,1470845209,2
4,1470845209,1470845213,4
4,1470845213,1470845215,2
4,1470845215,1470845217,2
4,1470845218,1470845221,3
4,1470845221,1470845227,6
1,1470845225,1470845226,1
4,1470845227,1470845231,4
10,1470845229,1470845231,2
4,1470845231,1470845243,12
1,1470845237,1470845242,5
4,1470845243,1470845246,3
1,1470845247,1470845251,4
4,1470845251,1470845253,2
4,1470845253,1470845256,3
4,1470845256,1470845258,2
4,1470845259,1470845265,6
1,1470845260,1470845264,4
4,1470845265,1470845287,22
1,1470845279,1470845280,1
1,1470845290,1470845299,9
4,1470845293,1470845307,14
1,1470845303,1470845306,3
4,1470845308,1470845310,2
4,1470845310,1470845322,12
1,1470845312,1470845320,8
4,1470845325,1470845330,5
4,1470845330,1470845335,5
1,1470845331,1470845338,7
4,1470845336,1470845338,2
4,1470845342,1470845345,3
4,1470845345,1470845350,5
1,1470845348,1470845349,1
4,1470845350,1470845352,2
1,1470845356,1470845364,8
4,1470845357,1470845364,7
4,1470845365,1470845376,11
1,1470845367,1470845389,22
4,1470845377,1470845382,5
4,1470845383,1470845390,7
4,1470845390,1470845396,6
1,1470845394,1470845426,32
4,1470845401,1470845404,3
4,1470845405,1470845408,3
4,1470845409,1470845411,2
4,1470845413,1470845427,14
4,1470845427,1470845431,4
1,1470845429,1470845430,1
4,1470845431,1470845449,18
1,1470845435,1470845440,5
1,1470845443,1470845448,5
4,1470845450,1470845452,2
4,1470845452,1470845465,13
4,1470845465,1470845467,2
4,1470845467,1470845471,4
4,1470845471,1470845474,3
4,1470845475,1470845477,2
4,1470845477,1470845480,3
4,1470845480,1470845482,2
1,1470845486,1470845488,2
4,1470845489,1470845560,71
1,1470845495,1470845498,3
1,1470845546,1470845549,3
1,1470845558,1470845559,1
4,1470845560,1470845562,2
10,1470845563,1470845564,1
1,1470845563,1470845568,5
4,1470845567,1470845578,11
1,1470845572,1470845583,11
4,1470845582,1470845584,2
4,1470845585,1470845587,2
4,1470845587,1470845594,7
1,1470845588,1470845599,11
4,1470845598,1470845601,3
4,1470845602,1470845607,5
1,1470845603,1470845623,20
4,1470845610,1470845615,5
4,1470845618,1470845621,3
4,1470845623,1470845626,3
1,1470845627,1470845636,9
4,1470845642,1470845700,58
1,1470845646,1470845648,2
1,1470845654,1470845657,3
1,1470845660,1470845663,3
1,1470845695,1470845699,4
4,1470845700,1470845727,27
1,1470845704,1470845708,4
1,1470845725,1470845729,4
1,1470845750,1470845759,9
4,1470845757,1470845760,3
4,1470845760,1470845769,9
1,1470845765,1470845768,3
4,1470845770,1470845788,18
1,1470845775,1470845780,5
1,1470845783,1470845787,4
4,1470845788,1470845798,10
1,1470845792,1470845795,3
4,1470845798,1470845800,2
1,1470845804,1470845806,2
4,1470845806,1470845812,6
1,1470845813,1470845815,2
4,1470845816,1470845824,8
10,1470845818,1470845824,6
4,1470845826,1470845832,6
1,1470845827,1470845833,6
4,1470845834,1470845841,7
1,1470845838,1470845840,2
4,1470845841,1470845846,5
1,1470845844,1470845845,1
4,1470845846,1470845850,4
1,1470845848,1470845850,2
4,1470845850,1470845853,3
4,1470845853,1470845863,10
1,1470845858,1470845869,11
4,1470845868,1470845870,2
4,1470845870,1470845875,5
4,1470845876,1470845878,2
4,1470845878,1470845880,2
10,1470845880,1470845882,2
4,1470845883,1470845894,11
1,1470845891,1470845896,5
4,1470845894,1470845897,3
4,1470845897,1470845899,2
4,1470845899,1470845902,3
1,1470845902,1470845907,5
4,1470845905,1470845907,2
4,1470845908,1470845911,3
4,1470845911,1470845917,6
1,1470845911,1470845928,17
4,1470845922,1470845929,7
1,1470845934,1470845951,17
4,1470845949,1470845952,3
4,1470845953,1470845955,2
4,1470845955,1470845964,9
1,1470845959,1470845963,4
1,1470845966,1470845971,5
4,1470845970,1470845977,7
1,1470845992,1470845996,4
4,1470846007,1470846016,9
1,1470846008,1470846016,8
4,1470846017,1470846022,5
1,1470846019,1470846021,2
4,1470846023,1470846025,2
4,1470846025,1470846033,8
1,1470846026,1470846032,6
4,1470846033,1470846035,2
4,1470846035,1470846038,3
1,1470846042,1470846071,29
4,1470846045,1470846053,8
4,1470846053,1470846056,3
4,1470846060,1470846063,3
4,1470846063,1470846069,6
4,1470846072,1470846074,2
4,1470846074,1470846076,2
4,1470846076,1470846082,6
1,1470846078,1470846085,7
4,1470846086,1470846088,2
4,1470846088,1470846093,5
1,1470846089,1470846092,3
4,1470846093,1470846096,3
1,1470846099,1470846100,1
4,1470846099,1470846105,6
1,1470846103,1470846105,2
4,1470846106,1470846109,3
4,1470846110,1470846114,4
1,1470846111,1470846138,27
4,1470846114,1470846121,7
4,1470846126,1470846133,7
4,1470846135,1470846139,4
10,1470846136,1470846137,1
4,1470846139,1470846149,10
10,1470846140,1470846141,1
1,1470846141,1470846151,10
4,1470846149,1470846153,4
4,1470846153,1470846157,4
1,1470846157,1470846180,23
4,1470846157,1470846173,16
1,1470846187,1470846193,6
4,1470846191,1470846194,3
4,1470846194,1470846208,14
10,1470846195,1470846208,13
4,1470846212,1470846218,6
1,1470846216,1470846238,22
4,1470846218,1470846224,6
4,1470846233,1470846237,4
4,1470846237,1470846239,2
4,1470846239,1470846241,2
4,1470846241,1470846245,4
4,1470846245,1470846251,6
1,1470846248,1470846254,6
4,1470846255,1470846257,2
4,1470846257,1470846267,10
1,1470846263,1470846267,4
4,1470846268,1470846280,12
1,1470846271,1470846291,20
4,1470846285,1470846325,40
1,1470846317,1470846350,33
4,1470846329,1470846334,5
4,1470846334,1470846340,6
4,1470846343,1470846346,3
4,1470846347,1470846350,3
4,1470846350,1470846359,9
1,1470846353,1470846356,3
4,1470846359,1470846364,5
1,1470846359,1470846364,5
4,1470846364,1470846367,3
1,1470846376,1470846381,5
1,1470846429,1470846439,10
4,1470846438,1470846490,52
1,1470846444,1470846448,4
1,1470846485,1470846488,3
4,1470846491,1470846580,89
1,1470846496,1470846501,5
1,1470846505,1470846509,4
1,1470846575,1470846579,4
4,1470846580,1470846587,7
1,1470846593,1470846595,2
1,1470846617,1470846619,2
1,1470846639,1470846648,9
4,1470846649,1470846657,8
1,1470846653,1470846656,3
4,1470846657,1470846659,2
4,1470846661,1470846670,9
1,1470846664,1470846669,5
4,1470846670,1470846673,3
4,1470846673,1470846675,2
4,1470846675,1470846677,2
4,1470846677,1470846680,3
4,1470846681,1470846683,2
4,1470846683,1470846685,2
4,1470846685,1470846767,82
10,1470846687,1470846709,22
1,1470846689,1470846749,60
1,1470846760,1470846766,6
1,1470846781,1470846805,24
1,1470846808,1470846816,8
1,1470846828,1470846830,2
1,1470846836,1470846853,17
1,1470846881,1470846888,7
1,1470846894,1470846910,16
1,1470846916,1470846922,6
1,1470846925,1470846933,8
1,1470846973,1470846977,4
4,1470846978,1470846980,2
4,1470846980,1470846982,2
4,1470846983,1470847008,25
1,1470846986,1470847007,21
4,1470847008,1470847012,4
4,1470847012,1470847346,334
1,1470847013,1470847024,11
1,1470847342,1470847345,3
4,1470847348,1470847350,2
10,1470847349,1470847350,1
4,1470847350,1470847354,4
4,1470847354,1470847358,4
4,1470847359,1470847362,3
1,1470847360,1470847361,1
4,1470847362,1470847382,20
4,1470847383,1470847389,6
4,1470847389,1470847391,2
4,1470847391,1470847393,2
4,1470847393,1470847395,2
4,1470847395,1470847399,4
4,1470847402,1470847404,2
4,1470847405,1470847411,6
1,1470847409,1470847411,2
4,1470847412,1470847416,4
4,1470847416,1470847418,2
4,1470847418,1470847421,3
4,1470847421,1470847423,2
1,1470847426,1470847434,8
1,1470847685,1470847686,1
4,1470847690,1470847820,130
1,1470847697,1470847703,6
1,1470847761,1470847774,13
1,1470847781,1470847788,7
1,1470847791,1470847794,3
1,1470847801,1470847819,18
4,1470847820,1470847827,7
4,1470847827,1470847954,127
1,1470847827,1470847836,9
1,1470847865,1470847871,6
1,1470847875,1470847905,30
1,1470847933,1470847960,27
4,1470847961,1470862650,14689
10,1470847963,1470847965,2
1,1470847964,1470847966,2
1,1470850737,1470850739,2
1,1470862632,1470862634,2
1,1470862640,1470862643,3
1,1470862647,1470862649,2
4,1470862650,1470862654,4
4,1470862654,1470862656,2
4,1470862656,1470862659,3
4,1470862659,1470862661,2
4,1470862661,1470862664,3
4,1470862664,1470862666,2
4,1470862666,1470862669,3
4,1470862669,1470862673,4
1,1470862671,1470862672,1
4,1470862673,1470862676,3
4,1470862676,1470862678,2
4,1470862678,1470862683,5
4,1470862683,1470862686,3
4,1470862686,1470862688,2
4,1470862689,1470862691,2
4,1470862693,1470862695,2
4,1470862695,1470862698,3
4,1470862698,1470862704,6
1,1470862701,1470862702,1
4,1470862704,1470862712,8
1,1470862706,1470862713,7
4,1470862714,1470862756,42
1,1470862724,1470862752,28
4,1470862756,1470862761,5
1,1470862757,1470862761,4
4,1470862761,1470862763,2
4,1470862766,1470862768,2
4,1470862768,1470862816,48
1,1470862773,1470862783,10
14,1470862777,1470862788,11
1,1470862790,1470862794,4
1,1470862798,1470862805,7
1,1470862810,1470862856,46
4,1470862845,1470862857,12
4,1470862857,1470862863,6
10,1470862859,1470862860,1
4,1470862863,1470862871,8
10,1470862864,1470862870,6
1,1470862865,1470862870,5
4,1470862871,1470862873,2
4,1470862873,1470862878,5
4,1470862878,1470862880,2
4,1470862880,1470862886,6
10,1470862881,1470862883,2
4,1470862886,1470862889,3
10,1470862888,1470862889,1
10,1470862889,1470862891,2
4,1470862891,1470862894,3
4,1470862894,1470862899,5
1,1470862894,1470862898,4
4,1470862899,1470862907,8
10,1470862902,1470862905,3
4,1470862910,1470862915,5
4,1470862916,1470862926,10
4,1470862926,1470862931,5
4,1470862931,1470862973,42
1,1470862932,1470862944,12
14,1470862935,1470862946,11
1,1470862947,1470862952,5
1,1470862958,1470862970,12
14,1470862970,1470862998,28
11,1470862973,1470862981,8
1,1470862974,1470862977,3
4,1470862976,1470862978,2
4,1470862979,1470862982,3
11,1470862981,1470862998,17
1,1470862984,1470862990,6
1,1470862993,1470863002,9
5,1470862996,1470862998,2
4,1470862998,1470863003,5
4,1470863003,1470863005,2
4,1470863006,1470863009,3
4,1470863009,1470863015,6
4,1470863015,1470863026,11
4,1470863029,1470863031,2
4,1470863031,1470863040,9
1,1470863032,1470863042,10
4,1470863044,1470863048,4
4,1470863048,1470863059,11
4,1470863059,1470863063,4
4,1470863063,1470863070,7
1,1470863065,1470863071,6
10,1470863065,1470863066,1
4,1470863072,1470863074,2
10,1470863073,1470863074,1
4,1470863075,1470863077,2
4,1470863077,1470863080,3
4,1470863080,1470863083,3
4,1470863083,1470863085,2
4,1470863085,1470863090,5
1,1470863087,1470863089,2
4,1470863090,1470863093,3
4,1470863093,1470863104,11
10,1470863093,1470863094,1
4,1470863104,1470863106,2
4,1470863106,1470863108,2
1,1470863110,1470863111,1
4,1470863112,1470863114,2
4,1470863117,1470863121,4
4,1470863121,1470863124,3
10,1470863123,1470863124,1
4,1470863125,1470863132,7
1,1470863131,1470863137,6
4,1470863132,1470863198,66
14,1470863137,1470863146,9
1,1470863144,1470863151,7
14,1470863151,1470863154,3
1,1470863155,1470863158,3
1,1470863162,1470863171,9
1,1470863179,1470863183,4
1,1470863188,1470863191,3
1,1470863196,1470863197,1
4,1470863199,1470863210,11
10,1470863200,1470863208,8
4,1470863211,1470863227,16
4,1470863229,1470863231,2
4,1470863232,1470863236,4
4,1470863236,1470863242,6
1,1470863237,1470863241,4
4,1470863242,1470863245,3
4,1470863245,1470863248,3
4,1470863248,1470863252,4
4,1470863253,1470863256,3
4,1470863256,1470863258,2
4,1470863258,1470863263,5
4,1470863264,1470863299,35
1,1470863269,1470863274,5
14,1470863273,1470863286,13
1,1470863293,1470863296,3
4,1470863299,1470863321,22
1,1470863301,1470863305,4
1,1470863309,1470863311,2
1,1470863315,1470863318,3
1,1470863323,1470863338,15
1,1470863418,1470863427,9
1,1470863502,1470863515,13
4,1470863512,1470863690,178
1,1470863547,1470863552,5
1,1470863610,1470863614,4
1,1470863641,1470863647,6
1,1470863661,1470863667,6
1,1470863671,1470863676,5
1,1470863680,1470863694,14
4,1470863690,1470863704,14
4,1470863706,1470863713,7
1,1470863709,1470863712,3
4,1470863713,1470863725,12
1,1470863717,1470863728,11
4,1470863725,1470863732,7
10,1470863732,1470863733,1
1,1470863733,1470863734,1
4,1470863734,1470863737,3
10,1470863735,1470863737,2
1,1470863739,1470863743,4
4,1470863741,1470863744,3
4,1470863744,1470863748,4
4,1470863748,1470863750,2
4,1470863750,1470863752,2
4,1470863752,1470863754,2
4,1470863754,1470863756,2
1,1470863759,1470863760,1
4,1470863761,1470863765,4
4,1470863765,1470863770,5
10,1470863767,1470863769,2
1,1470863768,1470863769,1
4,1470863770,1470863779,9
10,1470863771,1470863772,1
4,1470863779,1470863789,10
10,1470863779,1470863789,10
1,1470863790,1470863797,7
4,1470863792,1470863798,6
10,1470863793,1470863794,1
4,1470863799,1470863801,2
4,1470863801,1470863805,4
1,1470863803,1470863833,30
4,1470863809,1470863817,8
4,1470863826,1470863828,2
4,1470863829,1470863833,4
1,1470863839,1470863846,7
1,1470863865,1470863880,15
4,1470863868,1470863970,102
1,1470863922,1470863926,4
1,1470863955,1470863967,12
4,1470863971,1470863977,6
1,1470863980,1470863986,6
1,1470863989,1470863998,9
1,1470864008,1470864013,5
1,1470864049,1470864050,1
1,1470864117,1470864127,10
4,1470864128,1470864131,3
10,1470864129,1470864131,2
4,1470864133,1470864135,2
4,1470864136,1470864141,5
10,1470864138,1470864139,1
1,1470864144,1470864146,2
4,1470864147,1470864150,3
4,1470864150,1470864153,3
10,1470864152,1470864153,1
4,1470864154,1470864157,3
4,1470864158,1470864162,4
10,1470864160,1470864162,2
4,1470864163,1470864166,3
10,1470864165,1470864166,1
4,1470864168,1470864171,3
10,1470864170,1470864171,1
4,1470864173,1470864178,5
4,1470864181,1470864184,3
4,1470864184,1470864191,7
10,1470864184,1470864186,2
4,1470864192,1470864194,2
4,1470864194,1470864197,3
10,1470864195,1470864197,2
4,1470864197,1470864202,5
4,1470864202,1470864205,3
4,1470864205,1470864207,2
4,1470864207,1470864210,3
4,1470864211,1470864213,2
4,1470864213,1470864221,8
4,1470864221,1470864223,2
4,1470864224,1470864229,5
4,1470864232,1470864240,8
4,1470864240,1470864244,4
4,1470864244,1470864246,2
4,1470864247,1470864250,3
4,1470864251,1470864253,2
4,1470864253,1470864256,3
4,1470864257,1470864261,4
1,1470864258,1470864281,23
4,1470864262,1470864268,6
4,1470864272,1470864276,4
4,1470864277,1470864279,2
4,1470864282,1470864354,72
1,1470864308,1470864312,4
4,1470864355,1470864359,4
1,1470864361,1470864364,3
1,1470864371,1470864374,3
4,1470864422,1470864430,8
1,1470864424,1470864432,8
4,1470864433,1470864438,5
4,1470864438,1470864440,2
4,1470864440,1470864443,3
4,1470864443,1470864451,8
4,1470864462,1470864466,4
10,1470864463,1470864465,2
4,1470864466,1470864469,3
4,1470864469,1470864471,2
4,1470864472,1470864475,3
10,1470864473,1470864475,2
4,1470864475,1470864478,3
4,1470864483,1470864485,2
4,1470864485,1470864489,4
4,1470864489,1470864493,4
4,1470864493,1470864495,2
4,1470864496,1470864505,9
1,1470864499,1470864517,18
1,1470864525,1470864538,13
4,1470864537,1470864541,4
4,1470864547,1470864614,67
1,1470864551,1470864559,8
1,1470864611,1470864616,5
4,1470864614,1470864616,2
4,1470864619,1470864624,5
1,1470864619,1470864623,4
4,1470864624,1470864629,5
10,1470864626,1470864627,1
4,1470864640,1470864643,3
10,1470864643,1470864648,5
4,1470864648,1470864652,4
10,1470864649,1470864650,1
4,1470864665,1470864670,5
4,1470864670,1470864672,2
4,1470864673,1470864676,3
4,1470864676,1470864680,4
4,1470864682,1470864684,2
4,1470864684,1470864703,19
4,1470864703,1470864707,4
1,1470864704,1470864706,2
4,1470864707,1470864712,5
1,1470864710,1470864712,2
4,1470864713,1470864724,11
1,1470864719,1470864723,4
4,1470864724,1470864727,3
4,1470864730,1470864736,6
4,1470864736,1470864741,5
1,1470864738,1470864741,3
4,1470864741,1470864743,2
4,1470864744,1470864746,2
4,1470864746,1470864748,2
4,1470864749,1470864755,6
4,1470864758,1470864761,3
4,1470864761,1470864763,2
4,1470864764,1470864771,7
4,1470864771,1470864773,2
4,1470864773,1470864776,3
4,1470864776,1470864781,5
4,1470864781,1470864794,13
10,1470864783,1470864785,2
1,1470864787,1470864795,8
4,1470864796,1470864798,2
4,1470864799,1470864801,2
1,1470864803,1470864812,9
4,1470864813,1470864815,2
4,1470864817,1470864823,6
4,1470864824,1470864826,2
10,1470864824,1470864826,2
4,1470864826,1470864828,2
4,1470864828,1470864831,3
4,1470864831,1470864837,6
4,1470864837,1470864840,3
10,1470864838,1470864840,2
4,1470864845,1470864850,5
4,1470864851,1470864853,2
4,1470864853,1470864857,4
4,1470864857,1470864864,7
4,1470864864,1470864866,2
4,1470864866,1470864872,6
4,1470864873,1470864875,2
4,1470864875,1470864877,2
4,1470864877,1470864883,6
4,1470864883,1470864890,7
4,1470864890,1470864893,3
4,1470864893,1470864896,3
1,1470864899,1470864903,4
4,1470864905,1470864908,3
4,1470864908,1470864910,2
4,1470864910,1470864914,4
4,1470864915,1470864917,2
4,1470864918,1470864921,3
4,1470864921,1470864941,20
1,1470864932,1470864940,8
4,1470864941,1470864999,58
1,1470864948,1470864951,3
4,1470864999,1470865002,3
4,1470865002,1470865005,3
10,1470865002,1470865004,2
4,1470865006,1470865034,28
1,1470865015,1470865029,14
11,1470865035,1470865037,2
11,1470865037,1470865044,7
1,1470865037,1470865056,19
4,1470865038,1470865044,6
11,1470865044,1470865045,1
11,1470865050,1470865074,24
1,1470865071,1470865077,6
5,1470865073,1470865074,1
4,1470865075,1470865085,10
1,1470865081,1470865087,6
4,1470865085,1470865089,4
1,1470865090,1470865105,15
4,1470865092,1470865096,4
4,1470865099,1470865103,4
4,1470865103,1470865109,6
4,1470865109,1470865187,78
1,1470865110,1470865112,2
4,1470865187,1470865191,4
1,1470865196,1470865214,18
4,1470865215,1470865219,4
4,1470865220,1470865226,6
1,1470865221,1470865225,4
1,1470865231,1470865232,1
1,1470865237,1470865242,5
1,1470865364,1470865372,8
1,1470865376,1470865385,9
1,1470865389,1470865401,12
1,1470865423,1470865430,7
1,1470865434,1470865443,9
4,1470865438,1470865444,6
4,1470865444,1470865449,5
10,1470865446,1470865448,2
1,1470865446,1470865448,2
4,1470865449,1470865458,9
1,1470865453,1470865457,4
1,1470865463,1470865475,12
14,1470865470,1470865481,11
1,1470865481,1470865490,9
1,1470865502,1470865519,17
1,1470865522,1470865546,24
14,1470865546,1470865710,164
11,1470865548,1470865555,7
4,1470865550,1470865552,2
4,1470865552,1470865556,4
11,1470865555,1470865561,6
1,1470865557,1470865562,5
11,1470865562,1470865576,14
1,1470865566,1470865579,13
11,1470865577,1470865710,133
4,1470865577,1470865710,133
1,1470865582,1470865588,6
1,1470865597,1470865601,4
1,1470865607,1470865625,18
1,1470865628,1470865636,8
1,1470865639,1470865643,4
1,1470865657,1470865671,14
1,1470865701,1470865725,24
5,1470865708,1470865710,2
1,1470865749,1470865752,3
4,1470865754,1470865757,3
4,1470865757,1470865759,2
4,1470865759,1470865762,3
4,1470865762,1470865811,49
1,1470865769,1470865774,5
14,1470865772,1470865785,13
1,1470865777,1470865789,12
1,1470865809,1470865812,3
4,1470865811,1470865813,2
4,1470865813,1470865816,3
4,1470865818,1470865847,29
1,1470865820,1470865822,2
1,1470865829,1470865846,17
4,1470865848,1470865862,14
1,1470865853,1470865861,8
4,1470865863,1470865865,2
4,1470865866,1470865868,2
4,1470865868,1470865969,101
1,1470865870,1470865877,7
14,1470865875,1470865886,11
1,1470865887,1470865890,3
1,1470865920,1470865927,7
1,1470865959,1470865968,9
4,1470865969,1470865971,2
4,1470865972,1470865976,4
1,1470865977,1470865984,7
4,1470865986,1470866030,44
1,1470865988,1470865990,2
1,1470866023,1470866029,6
4,1470866031,1470866042,11
1,1470866037,1470866046,9
4,1470866047,1470866049,2
4,1470866049,1470866053,4
4,1470866054,1470866059,5
1,1470866056,1470866060,4
4,1470866060,1470866062,2
4,1470866063,1470866070,7
1,1470866066,1470866074,8
4,1470866073,1470866075,2
4,1470866076,1470866078,2
4,1470866078,1470866085,7
1,1470866081,1470866093,12
4,1470866092,1470866142,50
1,1470866097,1470866101,4
14,1470866101,1470866110,9
1,1470866116,1470866129,13
1,1470866135,1470866144,9
14,1470866138,1470866245,107
11,1470866140,1470866147,7
4,1470866142,1470866144,2
4,1470866144,1470866156,12
11,1470866147,1470866155,8
1,1470866147,1470866191,44
11,1470866155,1470866159,4
11,1470866160,1470866171,11
11,1470866171,1470866173,2
4,1470866171,1470866243,72
11,1470866174,1470866179,5
11,1470866179,1470866182,3
11,1470866182,1470866188,6
11,1470866188,1470866240,52
1,1470866196,1470866199,3
1,1470866214,1470866217,3
1,1470866237,1470866272,35
11,1470866240,1470866243,3
11,1470866243,1470866245,2
5,1470866244,1470866245,1
4,1470866245,1470903300,37055
1,1470866287,1470866290,3
1,1470866298,1470866299,1
1,1470903257,1470903269,12
1,1470903277,1470903302,25
4,1470903301,1470903303,2
4,1470903304,1470903649,345
1,1470903305,1470903315,10
1,1470903323,1470903327,4
14,1470903327,1470903384,57
1,1470903342,1470903346,4
1,1470903359,1470903366,7
1,1470903372,1470903379,7
1,1470903384,1470903393,9
5,1470903386,1470903389,3
1,1470903398,1470903401,3
1,1470903425,1470903438,13
1,1470903453,1470903455,2
14,1470903455,1470903502,47
1,1470903509,1470903523,14
1,1470903544,1470903549,5
1,1470903564,1470903566,2
1,1470903645,1470903648,3
4,1470903649,1470903652,3
4,1470903652,1470903669,17
4,1470903669,1470903671,2
4,1470903672,1470903677,5
1,1470903675,1470903676,1
4,1470903678,1470903680,2
4,1470903680,1470903682,2
4,1470903682,1470903684,2
4,1470903684,1470903687,3
4,1470903687,1470903692,5
1,1470903694,1470903702,8
14,1470903702,1470903712,10
1,1470903717,1470903723,6
1,1470903726,1470903728,2
4,1470903730,1470903732,2
4,1470903733,1470903764,31
1,1470903739,1470903743,4
14,1470903743,1470903751,8
1,1470903752,1470903762,10
4,1470903764,1470903766,2
4,1470903766,1470903768,2
4,1470903768,1470903772,4
4,1470903773,1470903775,2
4,1470903775,1470903777,2
4,1470903777,1470903782,5
1,1470903780,1470903786,6
4,1470903787,1470903789,2
4,1470903789,1470903791,2
4,1470903791,1470903833,42
1,1470903801,1470903804,3
1,1470903808,1470903812,4
1,1470903816,1470903820,4
1,1470903828,1470903836,8
4,1470903833,1470903837,4
4,1470903837,1470903839,2
4,1470903839,1470903847,8
1,1470903841,1470903849,8
4,1470903847,1470903859,12
1,1470903855,1470903859,4
4,1470903860,1470903863,3
4,1470903864,1470903877,13
1,1470903871,1470903877,6
4,1470903878,1470903905,27
1,1470903885,1470903898,13
1,1470903910,1470903917,7
4,1470903910,1470904150,240
1,1470903925,1470903928,3
1,1470903939,1470903943,4
1,1470903948,1470903956,8
14,1470903956,1470904010,54
1,1470903977,1470903988,11
1,1470904015,1470904021,6
14,1470904020,1470904048,28
1,1470904050,1470904054,4
1,1470904110,1470904121,11
1,1470904126,1470904134,8
1,1470904143,1470904150,7
4,1470904154,1470904270,116
1,1470904219,1470904221,2
1,1470904260,1470904264,4
4,1470904270,1470904285,15
10,1470904273,1470904285,12
1,1470904281,1470904283,2
4,1470904288,1470904290,2
4,1470904290,1470904294,4
4,1470904294,1470904297,3
4,1470904298,1470904301,3
4,1470904301,1470904303,2
4,1470904306,1470904308,2
4,1470904309,1470904322,13
1,1470904327,1470904329,2
4,1470904329,1470904333,4
4,1470904333,1470904336,3
10,1470904334,1470904336,2
4,1470904336,1470904360,24
1,1470904341,1470904343,2
1,1470904347,1470904351,4
1,1470904357,1470904359,2
4,1470904360,1470904362,2
4,1470904363,1470904369,6
10,1470904365,1470904369,4
4,1470904371,1470904373,2
4,1470904374,1470904377,3
4,1470904380,1470904386,6
1,1470904382,1470904389,7
4,1470904386,1470904390,4
4,1470904391,1470904393,2
4,1470904393,1470904398,5
1,1470904394,1470904415,21
4,1470904401,1470904404,3
4,1470904407,1470904410,3
4,1470904413,1470904419,6
4,1470904419,1470904426,7
4,1470904426,1470904435,9
10,1470904427,1470904431,4
1,1470904432,1470904447,15
4,1470904438,1470904441,3
4,1470904443,1470904445,2
4,1470904445,1470904447,2
4,1470904448,1470904455,7
1,1470904451,1470904454,3
1,1470904462,1470904464,2
1,1470904478,1470904482,4
1,1470904487,1470904492,5
1,1470904498,1470904508,10
4,1470904509,1470904514,5
4,1470904514,1470904516,2
4,1470904517,1470904520,3
10,1470904519,1470904520,1
4,1470904520,1470904522,2
4,1470904522,1470904525,3
4,1470904525,1470904529,4
1,1470904527,1470904528,1
4,1470904529,1470904533,4
4,1470904533,1470904565,32
1,1470904546,1470904548,2
1,1470904557,1470904564,7
4,1470904565,1470904568,3
4,1470904568,1470904570,2
10,1470904569,1470904570,1
4,1470904570,1470904572,2
4,1470904572,1470904575,3
4,1470904575,1470904578,3
4,1470904578,1470904580,2
4,1470904580,1470904584,4
10,1470904581,1470904584,3
4,1470904584,1470904587,3
1,1470904592,1470904596,4
1,1470904601,1470904641,40
4,1470904634,1470904637,3
4,1470904637,1470904641,4
10,1470904639,1470904640,1
4,1470904641,1470904647,6
10,1470904643,1470904645,2
1,1470904644,1470904657,13
4,1470904653,1470904656,3
4,1470904656,1470904690,34
1,1470904671,1470904697,26
4,1470904690,1470904693,3
4,1470904694,1470904713,19
10,1470904694,1470904696,2
1,1470904704,1470904716,12
4,1470904713,1470904716,3
4,1470904716,1470904749,33
1,1470904733,1470904735,2
1,1470904738,1470904752,14
4,1470904749,1470904752,3
4,1470904752,1470904783,31
1,1470904758,1470904761,3
1,1470904774,1470904785,11
4,1470904783,1470904786,3
4,1470904786,1470904805,19
10,1470904786,1470904790,4
1,1470904789,1470904808,19
4,1470904805,1470904809,4
4,1470904809,1470904813,4
4,1470904813,1470904815,2
4,1470904815,1470904853,38
1,1470904816,1470904822,6
10,1470904817,1470904818,1
1,1470904842,1470904855,13
4,1470904853,1470904856,3
4,1470904856,1470904858,2
1,1470904862,1470904877,15
4,1470904875,1470904878,3
4,1470904878,1470904990,112
10,1470904878,1470904879,1
1,1470904885,1470904898,13
1,1470904986,1470905005,19
4,1470904990,1470904994,4
4,1470904994,1470904998,4
10,1470904995,1470904996,1
4,1470905003,1470905007,4
1,1470905015,1470905028,13
1,1470905082,1470905106,24
1,1470905110,1470905119,9
1,1470905143,1470905172,29
1,1470905219,1470905221,2
1,1470905452,1470905458,6
1,1470905464,1470905481,17
14,1470905480,1470905527,47
1,1470905489,1470905493,4
1,1470905503,1470905509,6
4,1470905514,1470905518,4
1,1470905516,1470905517,1
4,1470905518,1470905523,5
1,1470905521,1470905543,22
4,1470905523,1470905528,5
4,1470905528,1470905536,8
10,1470905529,1470905530,1
4,1470905536,1470905542,6
4,1470905542,1470905552,10
1,1470905547,1470905551,4
4,1470905552,1470905554,2
4,1470905554,1470905560,6
4,1470905561,1470905567,6
4,1470905569,1470905574,5
4,1470905574,1470905577,3
4,1470905577,1470905584,7
10,1470905580,1470905581,1
4,1470905584,1470905592,8
1,1470905590,1470905591,1
4,1470905592,1470905594,2
4,1470905594,1470905596,2
4,1470905596,1470905599,3
4,1470905601,1470905603,2
4,1470905604,1470905609,5
1,1470905607,1470905608,1
1,1470905613,1470905620,7
14,1470905620,1470905663,43
1,1470905645,1470905647,2
1,1470905652,1470905656,4
1,1470905664,1470905680,16
1,1470905693,1470905696,3
1,1470905705,1470905709,4
1,1470905721,1470905724,3
1,1470905740,1470905745,5
4,1470905746,1470905750,4
4,1470905750,1470905752,2
4,1470905752,1470905756,4
4,1470905756,1470905758,2
4,1470905758,1470905762,4
4,1470905762,1470905764,2
4,1470905764,1470905829,65
1,1470905773,1470905786,13
1,1470905791,1470905795,4
1,1470905801,1470905809,8
1,1470905820,1470905828,8
4,1470905829,1470905836,7
4,1470905837,1470905839,2
4,1470905839,1470905841,2
4,1470905842,1470905844,2
4,1470905844,1470905848,4
10,1470905845,1470905846,1
4,1470905848,1470905858,10
1,1470905853,1470905854,1
4,1470905858,1470905863,5
1,1470905858,1470905862,4
4,1470905863,1470905866,3
10,1470905864,1470905866,2
4,1470905866,1470905874,8
1,1470905870,1470905873,3
4,1470905874,1470905884,10
4,1470905884,1470905886,2
4,1470905887,1470905892,5
10,1470905889,1470905890,1
4,1470905894,1470905896,2
4,1470905896,1470905900,4
4,1470905901,1470905903,2
4,1470905903,1470905908,5
1,1470905905,1470905915,10
4,1470905908,1470905914,6
4,1470905917,1470905920,3
4,1470905921,1470905925,4
4,1470905928,1470905932,4
10,1470905930,1470905932,2
4,1470905933,1470905937,4
10,1470905933,1470905935,2
10,1470905935,1470905937,2
4,1470905937,1470905940,3
4,1470905940,1470905945,5
1,1470905943,1470905945,2
4,1470905945,1470905948,3
10,1470905946,1470905948,2
4,1470905948,1470905951,3
10,1470905948,1470905951,3
10,1470905951,1470905952,1
4,1470905952,1470905955,3
10,1470905954,1470905955,1
4,1470905956,1470905961,5
4,1470905961,1470905968,7
10,1470905962,1470905965,3
1,1470905965,1470905970,5
4,1470905968,1470905971,3
4,1470905971,1470905974,3
10,1470905973,1470905974,1
4,1470905974,1470905978,4
4,1470905979,1470905982,3
4,1470905984,1470905991,7
1,1470905984,1470905988,4
4,1470905991,1470906001,10
4,1470906001,1470906006,5
4,1470906006,1470906008,2
4,1470906008,1470906011,3
4,1470906011,1470906013,2
4,1470906014,1470906017,3
4,1470906017,1470906024,7
1,1470906022,1470906023,1
4,1470906024,1470906026,2
4,1470906026,1470906030,4
4,1470906030,1470906040,10
1,1470906038,1470906039,1
4,1470906040,1470906049,9
1,1470906046,1470906048,2
4,1470906049,1470906053,4
4,1470906053,1470906064,11
1,1470906060,1470906067,7
4,1470906068,1470906070,2
4,1470906070,1470906072,2
4,1470906072,1470906075,3
4,1470906075,1470906078,3
4,1470906078,1470906080,2
4,1470906080,1470906082,2
4,1470906082,1470906085,3
10,1470906084,1470906085,1
4,1470906085,1470906089,4
10,1470906087,1470906089,2
4,1470906089,1470906093,4
1,1470906091,1470906094,3
4,1470906097,1470906100,3
1,1470906097,1470906102,5
4,1470906100,1470906103,3
4,1470906104,1470906106,2
4,1470906107,1470906110,3
10,1470906107,1470906110,3
4,1470906110,1470906112,2
1,1470906118,1470906123,5
4,1470906120,1470906125,5
4,1470906125,1470906127,2
4,1470906127,1470906130,3
4,1470906130,1470906133,3
4,1470906133,1470906135,2
10,1470906135,1470906137,2
4,1470906147,1470906152,5
1,1470906154,1470906157,3
1,1470906167,1470906169,2
4,1470906170,1470906173,3
10,1470906172,1470906173,1
4,1470906174,1470906176,2
4,1470906176,1470906194,18
10,1470906178,1470906180,2
1,1470906179,1470906190,11
10,1470906185,1470906188,3
4,1470906194,1470906202,8
4,1470906203,1470906205,2
4,1470906206,1470906210,4
10,1470906222,1470906229,7
4,1470906229,1470906275,46
4,1470906276,1470906278,2
4,1470906278,1470906281,3
4,1470906281,1470906286,5
4,1470906289,1470906298,9
10,1470906290,1470906298,8
1,1470906300,1470906303,3
1,1470906308,1470906309,1
4,1470906310,1470906314,4
4,1470906322,1470906325,3
4,1470906325,1470906328,3
1,1470906329,1470906331,2
4,1470906331,1470906337,6
1,1470906337,1470906338,1
4,1470906341,1470906348,7
1,1470906344,1470906345,1
4,1470906348,1470906461,113
1,1470906351,1470906368,17
14,1470906367,1470906381,14
1,1470906384,1470906387,3
14,1470906387,1470906417,30
1,1470906426,1470906427,1
1,1470906431,1470906435,4
1,1470906438,1470906442,4
1,1470906445,1470906449,4
1,1470906453,1470906456,3
4,1470906461,1470906480,19
1,1470906461,1470906466,5
1,1470906472,1470906475,3
1,1470906480,1470906495,15
4,1470906480,1470906638,158
1,1470906573,1470906586,13
1,1470906591,1470906597,6
1,1470906616,1470906625,9
1,1470906633,1470906640,7
4,1470906638,1470906641,3
4,1470906644,1470906650,6
1,1470906646,1470906649,3
4,1470906655,1470906673,18
1,1470906663,1470906666,3
1,1470906671,1470906678,7
4,1470906678,1470906683,5
1,1470906681,1470906682,1
4,1470906685,1470906688,3
4,1470906688,1470906691,3
4,1470906699,1470906701,2
4,1470906701,1470906705,4
1,1470906706,1470906708,2
10,1470906706,1470906707,1
4,1470906709,1470906713,4
4,1470906713,1470906716,3
4,1470906717,1470906725,8
4,1470906725,1470906728,3
1,1470906726,1470906729,3
4,1470906728,1470906730,2
4,1470906730,1470906736,6
1,1470906733,1470906747,14
4,1470906740,1470906748,8
4,1470906750,1470906770,20
1,1470906754,1470906760,6
1,1470906763,1470906767,4
4,1470906770,1470906772,2
10,1470906770,1470906771,1
10,1470906772,1470906773,1
4,1470906772,1470906778,6
1,1470906775,1470906776,1
10,1470906777,1470906778,1
4,1470906778,1470906782,4
4,1470906782,1470906786,4
10,1470906785,1470906787,2
4,1470906787,1470906789,2
4,1470906789,1470906791,2
4,1470906799,1470906850,51
1,1470906803,1470906815,12
14,1470906807,1470906819,12
1,1470906821,1470906848,27
14,1470906826,1470906830,4
4,1470906850,1470906852,2
4,1470906852,1470906855,3
4,1470906855,1470906860,5
10,1470906856,1470906860,4
4,1470906861,1470906863,2
4,1470906863,1470906865,2
4,1470906865,1470906935,70
1,1470906870,1470906874,4
14,1470906873,1470906883,10
1,1470906891,1470906902,11
1,1470906906,1470906908,2
4,1470906936,1470906939,3
10,1470906937,1470906939,2
4,1470906940,1470906943,3
4,1470906944,1470906947,3
10,1470906944,1470906945,1
4,1470906948,1470906952,4
1,1470906949,1470906951,2
1,1470906957,1470906967,10
14,1470906961,1470906971,10
1,1470906972,1470906982,10
14,1470906982,1470907015,33
1,1470907017,1470907020,3
1,1470907024,1470907027,3
1,1470907030,1470907034,4
1,1470907095,1470907097,2
1,1470907102,1470907125,23
1,1470907219,1470907224,5
1,1470907726,1470907732,6
1,1470907737,1470907747,10
4,1470907749,1470907755,6
10,1470907751,1470907753,2
4,1470907755,1470907759,4
1,1470907756,1470907758,2
4,1470907759,1470907765,6
10,1470907760,1470907765,5
4,1470907765,1470907770,5
1,1470907766,1470907769,3
4,1470907770,1470907776,6
10,1470907771,1470907774,3
4,1470907776,1470907780,4
1,1470907778,1470907780,2
4,1470907781,1470907786,5
10,1470907782,1470907785,3
4,1470907787,1470907823,36
1,1470907799,1470907803,4
1,1470907806,1470907812,6
1,1470907816,1470907831,15
4,1470907827,1470907832,5
4,1470907832,1470907846,14
1,1470907837,1470907845,8
4,1470907846,1470907852,6
1,1470907848,1470907861,13
4,1470907853,1470907856,3
4,1470907860,1470907865,5
4,1470907865,1470907876,11
1,1470907871,1470907875,4
4,1470907878,1470907914,36
1,1470907884,1470907889,5
1,1470907896,1470907902,6
1,1470907907,1470907912,5
4,1470907914,1470907918,4
1,1470907915,1470907917,2
4,1470907918,1470907922,4
4,1470907922,1470907929,7
10,1470907924,1470907929,5
4,1470907930,1470907934,4
10,1470907931,1470907934,3
4,1470907934,1470907944,10
10,1470907935,1470907944,9
4,1470907945,1470907947,2
4,1470907948,1470907961,13
10,1470907949,1470907957,8
1,1470907958,1470907967,9
4,1470907968,1470907970,2
4,1470907971,1470907978,7
10,1470907973,1470907978,5
4,1470907979,1470907982,3
10,1470907980,1470907982,2
4,1470907983,1470907990,7
10,1470907984,1470907990,6
4,1470907991,1470907995,4
10,1470907992,1470907995,3
4,1470907996,1470907999,3
10,1470908000,1470908005,5
4,1470908005,1470908007,2
4,1470908007,1470908014,7
10,1470908007,1470908009,2
10,1470908009,1470908014,5
4,1470908016,1470908020,4
1,1470908017,1470908024,7
4,1470908020,1470908024,4
4,1470908025,1470908027,2
4,1470908027,1470908037,10
10,1470908028,1470908037,9
1,1470908030,1470908032,2
4,1470908038,1470908041,3
4,1470908042,1470908045,3
10,1470908044,1470908045,1
4,1470908046,1470908054,8
10,1470908048,1470908053,5
1,1470908048,1470908053,5
4,1470908054,1470908057,3
4,1470908057,1470908059,2
4,1470908060,1470908071,11
10,1470908060,1470908070,10
1,1470908063,1470908070,7
4,1470908071,1470908073,2
4,1470908073,1470908076,3
10,1470908075,1470908076,1
4,1470908077,1470908092,15
10,1470908079,1470908091,12
1,1470908079,1470908082,3
1,1470908088,1470908105,17
4,1470908093,1470908096,3
4,1470908096,1470908115,19
10,1470908099,1470908115,16
1,1470908109,1470908116,7
4,1470908117,1470908120,3
4,1470908131,1470908147,16
10,1470908132,1470908146,14
1,1470908133,1470908147,14
4,1470908148,1470908150,2
4,1470908150,1470908153,3
4,1470908154,1470908156,2
4,1470908157,1470908160,3
10,1470908159,1470908160,1
4,1470908161,1470908163,2
4,1470908164,1470908167,3
1,1470908170,1470908182,12
4,1470908178,1470908182,4
4,1470908182,1470908215,33
1,1470908210,1470908233,23
4,1470908218,1470908223,5
4,1470908223,1470908225,2
4,1470908226,1470908229,3
4,1470908231,1470908234,3
4,1470908234,1470908239,5
1,1470908237,1470908243,6
4,1470908244,1470908253,9
1,1470908248,1470908254,6
4,1470908255,1470908259,4
4,1470908261,1470908271,10
1,1470908267,1470908276,9
4,1470908272,1470908274,2
4,1470908276,1470908290,14
1,1470908280,1470908306,26
4,1470908292,1470908296,4
4,1470908300,1470908303,3
4,1470908304,1470908307,3
4,1470908307,1470908312,5
1,1470908310,1470908328,18
4,1470908317,1470908325,8
1,1470908333,1470908358,25
4,1470908346,1470908349,3
4,1470908349,1470908352,3
4,1470908352,1470908357,5
4,1470908357,1470908359,2
4,1470908359,1470908362,3
10,1470908361,1470908362,1
4,1470908362,1470908367,5
1,1470908364,1470908373,9
4,1470908368,1470908377,9
1,1470908390,1470908421,31
4,1470908394,1470908397,3
4,1470908399,1470908401,2
4,1470908411,1470908415,4
4,1470908417,1470908421,4
4,1470908423,1470908428,5
4,1470908428,1470908435,7
1,1470908428,1470908445,17
4,1470908439,1470908442,3
4,1470908442,1470908446,4
4,1470908446,1470908449,3
4,1470908449,1470908454,5
1,1470908451,1470908485,34
4,1470908456,1470908459,3
4,1470908460,1470908463,3
4,1470908466,1470908469,3
4,1470908470,1470908473,3
4,1470908475,1470908478,3
4,1470908480,1470908482,2
4,1470908483,1470908486,3
4,1470908488,1470908492,4
1,1470908489,1470908518,29
4,1470908495,1470908498,3
4,1470908499,1470908502,3
4,1470908504,1470908506,2
4,1470908508,1470908511,3
4,1470908513,1470908515,2
4,1470908517,1470908519,2
4,1470908519,1470908522,3
4,1470908524,1470908527,3
4,1470908528,1470908531,3
4,1470908532,1470908539,7
1,1470908538,1470908540,2
4,1470908541,1470908544,3
1,1470908555,1470908562,7
1,1470908571,1470908572,1
1,1470908578,1470908583,5
1,1470908776,1470908787,11
1,1470908857,1470908859,2
4,1470908858,1470908860,2
4,1470908860,1470908911,51
1,1470908891,1470908893,2
1,1470908908,1470908911,3
1,1470908918,1470908920,2
4,1470908921,1470908923,2
4,1470908923,1470908928,5
1,1470908924,1470908927,3
4,1470908928,1470908930,2
4,1470908931,1470908934,3
10,1470908931,1470908934,3
4,1470908936,1470908943,7
1,1470908950,1470908956,6
4,1470908955,1470908957,2
4,1470908958,1470908964,6
1,1470908971,1470908974,3
1,1470908985,1470908987,2
4,1470908987,1470908990,3
4,1470908990,1470909058,68
1,1470908997,1470909001,4
1,1470909053,1470909058,5
4,1470909059,1470909061,2
11,1470909059,1470909061,2
11,1470909061,1470909069,8
4,1470909062,1470909065,3
1,1470909062,1470909078,16
4,1470909066,1470909070,4
11,1470909070,1470909092,22
1,1470909090,1470909121,31
11,1470909097,1470909110,13
4,1470909111,1470909142,31
1,1470909126,1470909131,5
1,1470909140,1470909141,1
4,1470909142,1470909144,2
4,1470909145,1470909148,3
1,1470909146,1470909158,12
4,1470909149,1470909157,8
4,1470909159,1470909161,2
1,1470909168,1470909173,5
1,1470909199,1470909223,24
4,1470909202,1470909208,6
4,1470909214,1470909218,4
4,1470909221,1470909231,10
4,1470909232,1470909236,4
4,1470909244,1470909246,2
4,1470909246,1470909249,3
4,1470909253,1470909264,11
1,1470909254,1470909255,1
10,1470909258,1470909259,1
4,1470909264,1470909266,2
4,1470909267,1470909271,4
1,1470909268,1470909272,4
4,1470909273,1470909277,4
4,1470909277,1470909286,9
1,1470909278,1470909297,19
4,1470909286,1470909291,5
4,1470909298,1470909312,14
1,1470909302,1470909312,10
4,1470909312,1470909317,5
1,1470909315,1470909320,5
4,1470909318,1470909321,3
4,1470909322,1470909325,3
4,1470909326,1470909329,3
4,1470909329,1470909341,12
1,1470909336,1470909350,14
4,1470909343,1470909351,8
4,1470909359,1470909363,4
1,1470909360,1470909362,2
4,1470909363,1470909383,20
1,1470909369,1470909377,8
10,1470909382,1470909383,1
4,1470909383,1470909460,77
1,1470909388,1470909391,3
1,1470909454,1470909461,7
4,1470909460,1470909464,4
4,1470909464,1470909467,3
4,1470909467,1470909471,4
4,1470909473,1470909476,3
1,1470909474,1470909475,1
4,1470909476,1470909478,2
4,1470909479,1470909577,98
1,1470909483,1470909484,1
1,1470909509,1470909512,3
1,1470909569,1470909576,7
4,1470909577,1470909579,2
4,1470909579,1470909730,151
1,1470909584,1470909589,5
4,1470909730,1470909733,3
1,1470909731,1470909732,1
4,1470909733,1470909739,6
1,1470909735,1470909740,5
4,1470909741,1470909787,46
1,1470909762,1470909763,1
1,1470909767,1470909770,3
1,1470909779,1470909793,14
4,1470909787,1470909795,8
4,1470909795,1470909798,3
1,1470909801,1470909811,10
4,1470909807,1470909812,5
4,1470909812,1470909814,2
4,1470909814,1470909817,3
4,1470909817,1470909820,3
4,1470909820,1470909825,5
4,1470909825,1470909827,2
4,1470909827,1470909838,11
1,1470909834,1470909837,3
4,1470909838,1470909840,2
4,1470909840,1470909844,4
1,1470909848,1470909862,14
4,1470909863,1470909903,40
1,1470909873,1470909876,3
4,1470909903,1470909905,2
4,1470909907,1470909922,15
1,1470909911,1470909912,1
1,1470909918,1470909921,3
4,1470909923,1470915337,5414
1,1470909933,1470909935,2
1,1470909939,1470909961,22
1,1470910881,1470910883,2
1,1470912769,1470912783,14
1,1470913373,1470913376,3
1,1470913561,1470913569,8
1,1470913575,1470913578,3
1,1470913583,1470913585,2
1,1470913600,1470913607,7
1,1470913611,1470913617,6
1,1470913636,1470913652,16
1,1470913659,1470913662,3
1,1470913781,1470913789,8
1,1470913795,1470913803,8
1,1470913840,1470913845,5
1,1470913853,1470913860,7
1,1470913947,1470913954,7
1,1470914059,1470914066,7
1,1470914127,1470914150,23
1,1470914315,1470914321,6
1,1470914324,1470914326,2
1,1470914336,1470914340,4
1,1470914426,1470914444,18
1,1470914509,1470914519,10
1,1470914861,1470914869,8
1,1470914873,1470914885,12
1,1470915317,1470915336,19
4,1470915337,1470915345,8
10,1470915338,1470915343,5
1,1470915340,1470915344,4
4,1470915345,1470915347,2
4,1470915347,1470915350,3
4,1470915350,1470915353,3
10,1470915350,1470915353,3
4,1470915353,1470915355,2
4,1470915355,1470915359,4
4,1470915359,1470915361,2
4,1470915361,1470915364,3
4,1470915364,1470915369,5
4,1470915369,1470915371,2
4,1470915372,1470915378,6
10,1470915372,1470915378,6
4,1470915378,1470915384,6
4,1470915384,1470915416,32
1,1470915385,1470915396,11
14,1470915392,1470915404,12
1,1470915406,1470915415,9
4,1470915416,1470915422,6
10,1470915417,1470915422,5
4,1470915422,1470915480,58
1,1470915426,1470915433,7
1,1470915437,1470915446,9
14,1470915446,1470915466,20
1,1470915451,1470915458,7
1,1470915463,1470915480,17
4,1470915481,1470915483,2
4,1470915484,1470915487,3
4,1470915488,1470915491,3
4,1470915491,1470915496,5
10,1470915494,1470915496,2
4,1470915496,1470915500,4
4,1470915503,1470915506,3
4,1470915506,1470915511,5
4,1470915511,1470915543,32
1,1470915511,1470915545,34
14,1470915516,1470915525,9
14,1470915530,1470915534,4
4,1470915544,1470915548,4
4,1470915548,1470915570,22
1,1470915548,1470915583,35
4,1470915573,1470918022,2449
14,1470915583,1470915596,13
1,1470915598,1470915603,5
1,1470915991,1470915994,3
1,1470916002,1470916003,1
1,1470916016,1470916021,5
1,1470916024,1470916037,13
1,1470916045,1470916053,8
1,1470916061,1470916066,5
1,1470916081,1470916099,18
1,1470916127,1470916145,18
1,1470916339,1470916342,3
1,1470917181,1470917194,13
1,1470918012,1470918024,12
4,1470918022,1470918025,3
4,1470918027,1470918071,44
1,1470918032,1470918038,6
14,1470918038,1470918048,10
1,1470918047,1470918053,6
1,1470918058,1470918070,12
4,1470918071,1470918073,2
4,1470918074,1470918076,2
4,1470918081,1470918117,36
1,1470918083,1470918087,4
1,1470918096,1470918104,8
14,1470918101,1470918111,10
1,1470918112,1470918116,4
4,1470918118,1470918120,2
4,1470918120,1470918123,3
4,1470918123,1470918126,3
10,1470918125,1470918126,1
4,1470918126,1470918136,10
10,1470918126,1470918128,2
1,1470918129,1470918133,4
4,1470918136,1470918140,4
4,1470918142,1470918146,4
1,1470918143,1470918148,5
4,1470918149,1470918152,3
4,1470918152,1470918990,838
1,1470918161,1470918165,4
14,1470918165,1470918174,9
1,1470918177,1470918186,9
1,1470918190,1470918200,10
1,1470918242,1470918257,15
1,1470918646,1470918653,7
1,1470918666,1470918672,6
1,1470918973,1470918987,14
4,1470918990,1470919201,211
1,1470918992,1470918994,2
1,1470918998,1470919001,3
1,1470919015,1470919024,9
1,1470919046,1470919048,2
1,1470919052,1470919055,3
1,1470919186,1470919189,3
1,1470919194,1470919203,9
4,1470919201,1470919204,3
4,1470919204,1470919208,4
4,1470919208,1470919215,7
1,1470919211,1470919214,3
4,1470919215,1470919217,2
4,1470919217,1470919234,17
1,1470919230,1470919238,8
4,1470919236,1470919245,9
1,1470919242,1470919244,2
4,1470919246,1470919248,2
4,1470919248,1470919253,5
4,1470919253,1470919257,4
10,1470919255,1470919256,1
4,1470919257,1470919263,6
4,1470919263,1470919265,2
10,1470919263,1470919265,2
10,1470919265,1470919266,1
4,1470919266,1470919272,6
1,1470919269,1470919271,2
4,1470919272,1470919276,4
10,1470919274,1470919276,2
10,1470919276,1470919279,3
4,1470919279,1470919288,9
1,1470919281,1470919287,6
4,1470919288,1470919292,4
4,1470919292,1470919304,12
1,1470919293,1470919310,17
4,1470919311,1470919314,3
4,1470919314,1470919316,2
4,1470919316,1470919319,3
4,1470919319,1470919321,2
4,1470919322,1470919325,3
4,1470919326,1470919329,3
4,1470919329,1470919333,4
4,1470919333,1470919335,2
4,1470919335,1470919338,3
10,1470919336,1470919337,1
4,1470919338,1470919340,2
4,1470919341,1470919344,3
4,1470919344,1470919348,4
1,1470919346,1470919349,3
4,1470919350,1470919353,3
4,1470919353,1470919356,3
10,1470919356,1470919358,2
4,1470919358,1470919361,3
10,1470919359,1470919361,2
4,1470919361,1470919363,2
4,1470919365,1470919368,3
10,1470919365,1470919368,3
4,1470919371,1470919377,6
4,1470919377,1470919380,3
4,1470919380,1470919382,2
4,1470919382,1470919384,2
4,1470919384,1470919387,3
4,1470919389,1470919393,4
1,1470919391,1470919392,1
4,1470919393,1470919398,5
10,1470919395,1470919398,3
4,1470919399,1470919401,2
4,1470919402,1470919407,5
10,1470919404,1470919407,3
4,1470919407,1470919409,2
4,1470919410,1470919412,2
4,1470919412,1470919416,4
4,1470919416,1470919419,3
4,1470919420,1470919423,3
1,1470919421,1470919424,3
4,1470919427,1470920675,1248
1,1470919431,1470919433,2
1,1470919438,1470919439,1
1,1470919442,1470919444,2
1,1470919457,1470919459,2
1,1470919462,1470919464,2
1,1470920324,1470920328,4
1,1470920458,1470920475,17
1,1470920492,1470920496,4
1,1470920508,1470920512,4
1,1470920521,1470920523,2
1,1470920526,1470920529,3
1,1470920642,1470920660,18
1,1470920663,1470920685,22
4,1470920675,1470920678,3
4,1470920678,1470920682,4
4,1470920682,1470920687,5
4,1470920687,1470920693,6
4,1470920693,1470920700,7
4,1470920700,1470920702,2
4,1470920703,1470920707,4
4,1470920708,1470920714,6
1,1470920710,1470920730,20
4,1470920720,1470920732,12
4,1470920732,1470920736,4
4,1470920736,1470920739,3
1,1470920755,1470920772,17
4,1470920762,1470920764,2
4,1470920768,1470920772,4
4,1470920772,1470920783,11
4,1470920784,1470920787,3
10,1470920786,1470920787,1
4,1470920787,1470920790,3
4,1470920790,1470920792,2
4,1470920792,1470920797,5
4,1470920797,1470920799,2
4,1470920801,1470920805,4
4,1470920806,1470920808,2
4,1470920808,1470920810,2
4,1470920810,1470920815,5
4,1470920815,1470920818,3
4,1470920818,1470920822,4
4,1470920822,1470920825,3
4,1470920825,1470920827,2
4,1470920836,1470920838,2
4,1470920840,1470920846,6
1,1470920843,1470920845,2
4,1470920847,1470920850,3
4,1470920851,1470920855,4
4,1470920855,1470920857,2
10,1470920856,1470920857,1
4,1470920858,1470920861,3
4,1470920862,1470920864,2
1,1470920863,1470920864,1
4,1470920865,1470920867,2
4,1470920867,1470920869,2
1,1470920871,1470920873,2
4,1470920875,1470920877,2
4,1470920877,1470920879,2
4,1470920879,1470920882,3
4,1470920882,1470920890,8
1,1470920885,1470920892,7
4,1470920928,1470920935,7
4,1470920935,1470920939,4
4,1470920940,1470920946,6
1,1470920944,1470920946,2
4,1470920947,1470920950,3
10,1470920949,1470920950,1
4,1470920950,1470920954,4
4,1470920954,1470920957,3
4,1470920958,1470920961,3
4,1470920961,1470920966,5
10,1470920963,1470920964,1
4,1470920966,1470920968,2
4,1470920969,1470920971,2
4,1470920971,1470920974,3
4,1470920975,1470920979,4
4,1470920979,1470920982,3
1,1470920980,1470920982,2
4,1470920983,1470920986,3
4,1470920986,1470920988,2
1,1470920989,1470920993,4
4,1470920993,1470920997,4
4,1470920997,1470921001,4
4,1470921001,1470921009,8
1,1470921003,1470921013,10
4,1470921012,1470921014,2
4,1470921030,1470921032,2
4,1470921032,1470921037,5
1,1470921033,1470921036,3
4,1470921037,1470921040,3
4,1470921040,1470921043,3
4,1470921043,1470921046,3
4,1470921047,1470921049,2
4,1470921049,1470921052,3
4,1470921052,1470921054,2
1,1470921059,1470921060,1
4,1470921061,1470921068,7
4,1470921068,1470921072,4
4,1470921078,1470921080,2
4,1470921080,1470921083,3
4,1470921083,1470921090,7
4,1470921092,1470921095,3
1,1470921092,1470921094,2
4,1470921095,1470921102,7
4,1470921102,1470921104,2
4,1470921104,1470921108,4
4,1470921109,1470921114,5
1,1470921115,1470921116,1
4,1470921117,1470921120,3
4,1470921121,1470921124,3
10,1470921122,1470921125,3
4,1470921125,1470921128,3
10,1470921127,1470921128,1
1,1470921134,1470921137,3
4,1470921137,1470921139,2
4,1470921140,1470921142,2
4,1470921142,1470921145,3
4,1470921146,1470921151,5
1,1470921148,1470921150,2
4,1470921151,1470921159,8
1,1470921160,1470921175,15
4,1470921162,1470921165,3
4,1470921167,1470921171,4
4,1470921176,1470921183,7
1,1470921185,1470921205,20
1,1470921265,1470921287,22
4,1470921282,1470921288,6
4,1470921288,1470921295,7
10,1470921289,1470921290,1
1,1470921291,1470921310,19
4,1470921308,1470921311,3
4,1470921314,1470921322,8
1,1470921319,1470921321,2
4,1470921322,1470921333,11
1,1470921324,1470921326,2
1,1470921337,1470921343,6
4,1470921338,1470921404,66
1,1470921402,1470921406,4
4,1470921404,1470921410,6
4,1470921410,1470921413,3
4,1470921414,1470921422,8
1,1470921419,1470921457,38
4,1470921430,1470921439,9
4,1470921445,1470921449,4
4,1470921450,1470921455,5
4,1470921459,1470921518,59
1,1470921470,1470921475,5
1,1470921483,1470921487,4
4,1470921519,1470921521,2
4,1470921522,1470921530,8
1,1470921525,1470921538,13
4,1470921540,1470921542,2
1,1470921544,1470921549,5
4,1470921550,1470921552,2
1,1470921553,1470921556,3
4,1470921554,1470921557,3
4,1470921558,1470921561,3
1,1470921562,1470921568,6
4,1470921570,1470921573,3
4,1470921573,1470941016,19443
1,1470921578,1470921589,11
1,1470922599,1470922614,15
1,1470922626,1470922641,15
1,1470922650,1470922660,10
1,1470924405,1470924412,7
1,1470924425,1470924427,2
1,1470924430,1470924431,1
1,1470924435,1470924448,13
1,1470926554,1470926557,3
1,1470929352,1470929358,6
1,1470929362,1470929373,11
1,1470929641,1470929658,17
1,1470929676,1470929685,9
1,1470933166,1470933177,11
1,1470933182,1470933188,6
1,1470933202,1470933240,38
1,1470933244,1470933258,14
1,1470933262,1470933290,28
1,1470933382,1470933386,4
1,1470933390,1470933397,7
1,1470936781,1470936785,4
1,1470936788,1470936795,7
1,1470936837,1470936844,7
1,1470941007,1470941015,8
1,1470941020,1470941035,15
1,1470941850,1470941852,2
1,1470941885,1470941902,17
1,1470941914,1470941918,4
1,1470942253,1470942258,5
1,1470943063,1470943077,14
1,1470943083,1470943090,7
1,1470945446,1470945462,16
1,1470945474,1470945481,7
1,1470945484,1470945491,7
1,1470945498,1470945506,8
1,1470946654,1470946663,9
4,1470946664,1471006940,60276
1,1470946669,1470946685,16
1,1470946689,1470946697,8
1,1470947545,1470947570,25
1,1470947817,1470947829,12
1,1470948355,1470948362,7
1,1470958297,1470958317,20
1,1470958355,1470958360,5
1,1470958667,1470958676,9
1,1470958684,1470958686,2
1,1470958896,1470958908,12
1,1470959130,1470959140,10
1,1470959540,1470959552,12
1,1470959883,1470959905,22
1,1470960244,1470960260,16
1,1470960470,1470960480,10
1,1470960736,1470960748,12
1,1470960919,1470960926,7
1,1470961108,1470961122,14
1,1470961279,1470961287,8
1,1470961352,1470961361,9
1,1470961526,1470961535,9
1,1470961752,1470961770,18
1,1470961923,1470961936,13
1,1471005033,1471005053,20
1,1471005096,1471005102,6
1,1471005109,1471005110,1
1,1471005141,1471005150,9
1,1471005901,1471005912,11
1,1471006110,1471006119,9
1,1471006202,1471006211,9
1,1471006279,1471006282,3
1,1471006931,1471006939,8
4,1471006941,1471006944,3
4,1471006944,1471006947,3
4,1471006948,1471006955,7
10,1471006949,1471006950,1
1,1471006949,1471006979,30
4,1471006961,1471006965,4
4,1471006965,1471006969,4
4,1471006970,1471006974,4
4,1471006974,1471006979,5
4,1471006979,1471006983,4
4,1471006983,1471006985,2
1,1471006983,1471006985,2
1,1471006989,1471006990,1
4,1471006989,1471008820,1831
1,1471006994,1471007031,37
14,1471006998,1471007020,22
1,1471007039,1471007048,9
1,1471007102,1471007104,2
1,1471007225,1471007234,9
1,1471007305,1471007311,6
1,1471007489,1471007506,17
1,1471007783,1471007802,19
1,1471008810,1471008819,9
4,1471008820,1471008824,4
4,1471008826,1471009799,973
1,1471008829,1471008839,10
1,1471009165,1471009178,13
1,1471009274,1471009284,10
1,1471009607,1471009621,14
1,1471009784,1471009801,17
4,1471009802,1471009804,2
4,1471009804,1471009806,2
4,1471009806,1471009810,4
10,1471009808,1471009809,1
1,1471009808,1471009809,1
4,1471009810,1471009813,3
4,1471009814,1471009823,9
1,1471009816,1471009819,3
4,1471009823,1471009836,13
1,1471009829,1471009838,9
4,1471009840,1471009843,3
4,1471009843,1471009846,3
4,1471009846,1471009849,3
4,1471009849,1471009853,4
4,1471009853,1471009856,3
10,1471009853,1471009856,3
10,1471009857,1471009858,1
4,1471009858,1471009861,3
4,1471009861,1471009865,4
1,1471009861,1471009864,3
4,1471009865,1471009868,3
10,1471009869,1471009871,2
4,1471009871,1471009904,33
1,1471009877,1471009879,2
14,1471009880,1471009890,10
1,1471009893,1471009902,9
4,1471009904,1471009907,3
4,1471009908,1471013699,3791
10,1471009908,1471009909,1
1,1471009915,1471009924,9
14,1471009923,1471009932,9
1,1471009933,1471009939,6
1,1471009943,1471009950,7
1,1471009953,1471009963,10
1,1471010088,1471010095,7
1,1471010103,1471010116,13
1,1471011248,1471011257,9
1,1471011263,1471011265,2
1,1471011651,1471011668,17
1,1471013656,1471013679,23
1,1471013686,1471013706,20
4,1471013699,1471013702,3
4,1471013702,1471013708,6
4,1471013708,1471013712,4
1,1471013710,1471013716,6
4,1471013712,1471013718,6
4,1471013718,1471013723,5
1,1471013719,1471013722,3
4,1471013723,1471013726,3
4,1471013726,1471013728,2
1,1471013730,1471013770,40
4,1471013751,1471013754,3
4,1471013759,1471013761,2
4,1471013766,1471013771,5
4,1471013771,1471013777,6
1,1471013773,1471013776,3
4,1471013778,1471013781,3
10,1471013780,1471013781,1
1,1471013780,1471013796,16
4,1471013783,1471013788,5
4,1471013797,1471013799,2
10,1471013798,1471013799,1
4,1471013799,1471013810,11
1,1471013808,1471013810,2
1,1471013813,1471013822,9
4,1471013819,1471013823,4
4,1471013823,1471013829,6
1,1471013825,1471013827,2
10,1471013829,1471013830,1
4,1471013834,1471013842,8
1,1471013835,1471013841,6
4,1471013842,1471013844,2
1,1471013846,1471013856,10
4,1471013857,1471013870,13
1,1471013860,1471013889,29
10,1471013860,1471013865,5
4,1471013871,1471013882,11
4,1471013882,1471013890,8
1,1471013895,1471013897,2
4,1471013898,1471013900,2
4,1471013901,1471013903,2
4,1471013903,1471013908,5
4,1471013908,1471013919,11
10,1471013909,1471013913,4
1,1471013911,1471013919,8
4,1471013919,1471013922,3
4,1471013922,1471013925,3
4,1471013926,1471013929,3
4,1471013929,1471013931,2
4,1471013931,1471013935,4
1,1471013932,1471013933,1
4,1471013935,1471013949,14
4,1471013950,1471013980,30
4,1471013980,1471013982,2
4,1471013983,1471013986,3
4,1471013986,1471013988,2
4,1471013988,1471013991,3
4,1471013996,1471014000,4
1,1471013998,1471013999,1
4,1471014000,1471014002,2
4,1471014002,1471014005,3
4,1471014005,1471014007,2
4,1471014007,1471014009,2
4,1471014009,1471014012,3
4,1471014013,1471014017,4
10,1471014013,1471014014,1
1,1471014014,1471014015,1
4,1471014017,1471014022,5
1,1471014019,1471014027,8
4,1471014023,1471014026,3
4,1471014026,1471014029,3
4,1471014029,1471014043,14
1,1471014035,1471014045,10
4,1471014043,1471014045,2
4,1471014046,1471014048,2
4,1471014048,1471014053,5
10,1471014049,1471014050,1
4,1471014054,1471014056,2
4,1471014058,1471014065,7
4,1471014065,1471014112,47
1,1471014096,1471014113,17
4,1471014112,1471014114,2
4,1471014115,1471014120,5
10,1471014116,1471014118,2
10,1471014118,1471014120,2
4,1471014120,1471014141,21
1,1471014123,1471014141,18
4,1471014142,1471014402,260
1,1471014146,1471014147,1
1,1471014401,1471014407,6
4,1471014403,1471014410,7
4,1471014411,1471014413,2
4,1471014413,1471014425,12
1,1471014419,1471014424,5
4,1471014427,1471014429,2
4,1471014429,1471014431,2
10,1471014429,1471014430,1
4,1471014432,1471014434,2
10,1471014432,1471014434,2
4,1471014434,1471014438,4
4,1471014438,1471014440,2
4,1471014440,1471014444,4
4,1471014448,1471014451,3
10,1471014450,1471014451,1
4,1471014451,1471014454,3
10,1471014452,1471014454,2
4,1471014454,1471014457,3
4,1471014458,1471014460,2
4,1471014460,1471014463,3
4,1471014464,1471014466,2
4,1471014466,1471014468,2
4,1471014469,1471014471,2
4,1471014471,1471014474,3
4,1471014475,1471014478,3
4,1471014480,1471014482,2
4,1471014483,1471014485,2
4,1471014485,1471014488,3
4,1471014489,1471014492,3
4,1471014492,1471014498,6
1,1471014495,1471014498,3
4,1471014502,1471014506,4
10,1471014504,1471014506,2
4,1471014506,1471014511,5
4,1471014511,1471014513,2
4,1471014514,1471014516,2
4,1471014517,1471014520,3
10,1471014518,1471014520,2
4,1471014520,1471014522,2
4,1471014522,1471014527,5
1,1471014525,1471014527,2
4,1471014527,1471014539,12
1,1471014533,1471014538,5
4,1471014539,1471014551,12
1,1471014541,1471014561,20
4,1471014551,1471014554,3
4,1471014557,1471014562,5
10,1471014558,1471014559,1
1,1471014564,1471014633,69
4,1471014567,1471014572,5
10,1471014568,1471014570,2
4,1471014572,1471014576,4
4,1471014578,1471014582,4
4,1471014582,1471014587,5
4,1471014587,1471014592,5
4,1471014602,1471014604,2
4,1471014604,1471014609,5
10,1471014606,1471014607,1
4,1471014610,1471014613,3
4,1471014613,1471014618,5
4,1471014620,1471014624,4
4,1471014624,1471014629,5
4,1471014637,1471014644,7
1,1471014639,1471014648,9
4,1471014644,1471014647,3
10,1471014649,1471014653,4
4,1471014652,1471014657,5
1,1471014655,1471014656,1
4,1471014657,1471014659,2
1,1471014660,1471014669,9
4,1471014664,1471014670,6
4,1471014670,1471014677,7
1,1471014674,1471014681,7
4,1471014681,1471014683,2
10,1471014682,1471014683,1
4,1471014684,1471014689,5
10,1471014684,1471014689,5
4,1471014689,1471014692,3
4,1471014692,1471014694,2
4,1471014694,1471014696,2
4,1471014697,1471014700,3
4,1471014700,1471014704,4
1,1471014701,1471014712,11
1,1471014715,1471014722,7
1,1471014743,1471014754,11
1,1471014760,1471014761,1
4,1471014835,1471014852,17
1,1471014840,1471014843,3
4,1471014852,1471014859,7
1,1471014853,1471014858,5
4,1471014859,1471014868,9
1,1471014863,1471014867,4
4,1471014868,1471014872,4
4,1471014872,1471014879,7
10,1471014875,1471014876,1
1,1471014875,1471014878,3
4,1471014879,1471014882,3
4,1471014883,1471014886,3
1,1471014883,1471014885,2
4,1471014886,1471014888,2
4,1471014888,1471014891,3
10,1471014889,1471014891,2
4,1471014891,1471014899,8
10,1471014892,1471014893,1
1,1471014892,1471014897,5
4,1471014899,1471014902,3
10,1471014899,1471014901,2
4,1471014902,1471014908,6
1,1471014904,1471014912,8
4,1471014908,1471014913,5
4,1471014913,1471014916,3
4,1471014916,1471014919,3
1,1471014916,1471014918,2
4,1471014919,1471014922,3
4,1471014924,1471014927,3
10,1471014924,1471014926,2
4,1471014927,1471014930,3
10,1471014928,1471014930,2
4,1471014930,1471014933,3
1,1471014940,1471014966,26
4,1471014959,1471014961,2
4,1471014961,1471014970,9
4,1471014970,1471014979,9
1,1471014972,1471014988,16
4,1471014990,1471014998,8
1,1471014993,1471015003,10
4,1471014998,1471015001,3
4,1471015001,1471015018,17
1,1471015014,1471015025,11
4,1471015023,1471015036,13
1,1471015028,1471015035,7
4,1471015037,1471015041,4
4,1471015041,1471015128,87
1,1471015046,1471015053,7
1,1471015124,1471015127,3
4,1471015128,1471015130,2
4,1471015132,1471015137,5
1,1471015135,1471015136,1
4,1471015137,1471015158,21
1,1471015154,1471015160,6
4,1471015159,1471015161,2
4,1471015161,1471015169,8
4,1471015171,1471015176,5
1,1471015176,1471015179,3
4,1471015179,1471015288,109
1,1471015183,1471015188,5
1,1471015272,1471015276,4
1,1471015280,1471015297,17
4,1471015288,1471015293,5
4,1471015298,1471015301,3
4,1471015301,1471015305,4
1,1471015302,1471015313,11
4,1471015307,1471015313,6
4,1471015313,1471015315,2
4,1471015315,1471015318,3
4,1471015318,1471015321,3
4,1471015321,1471015340,19
1,1471015326,1471015339,13
4,1471015340,1471015352,12
1,1471015342,1471015345,3
4,1471015352,1471015395,43
1,1471015361,1471015363,2
1,1471015367,1471015372,5
1,1471015376,1471015468,92
4,1471015395,1471015400,5
4,1471015400,1471015404,4
4,1471015404,1471015415,11
4,1471015417,1471015422,5
4,1471015429,1471015432,3
4,1471015434,1471015445,11
4,1471015448,1471015451,3
4,1471015459,1471015463,4
10,1471015461,1471015462,1
4,1471015464,1471015469,5
10,1471015465,1471015467,2
4,1471015469,1471015471,2
4,1471015471,1471015478,7
1,1471015472,1471015527,55
10,1471015476,1471015477,1
4,1471015485,1471015489,4
4,1471015496,1471015501,5
4,1471015501,1471015506,5
4,1471015506,1471015511,5
4,1471015514,1471015520,6
4,1471015525,1471015536,11
1,1471015532,1471015542,10
4,1471015542,1471015545,3
4,1471015545,1471015547,2
4,1471015549,1471015553,4
1,1471015551,1471015559,8
4,1471015556,1471015560,4
4,1471015561,1471015564,3
4,1471015566,1471015571,5
4,1471015572,1471015576,4
1,1471015574,1471015575,1
4,1471015576,1471015578,2
4,1471015578,1471015581,3
1,1471015579,1471015580,1
4,1471015581,1471015584,3
4,1471015584,1471015586,2
4,1471015586,1471015589,3
4,1471015589,1471015596,7
1,1471015594,1471015603,9
4,1471015633,1471015635,2
4,1471015635,1471015638,3
4,1471015638,1471015640,2
4,1471015640,1471015644,4
4,1471015645,1471015648,3
4,1471015649,1471015655,6
4,1471015655,1471015657,2
4,1471015657,1471015659,2
1,1471015663,1471015671,8
1,1471015809,1471015817,8
1,1471015861,1471015868,7
1,1471015880,1471015882,2
1,1471015961,1471015972,11
1,1471015979,1471015981,2
1,1471015985,1471015987,2
1,1471027206,1471027222,16
1,1471027225,1471027229,4
4,1471027231,1471027235,4
10,1471027233,1471027235,2
4,1471027236,1471027239,3
10,1471027238,1471027239,1
4,1471027240,1471027242,2
10,1471027241,1471027242,1
4,1471027243,1471027246,3
10,1471027245,1471027246,1
4,1471027248,1471027254,6
10,1471027249,1471027254,5
4,1471027255,1471027258,3
4,1471027258,1471027261,3
4,1471027261,1471027264,3
4,1471027264,1471027272,8
10,1471027267,1471027272,5
4,1471027273,1471027276,3
4,1471027279,1471027295,16
1,1471027292,1471027295,3
4,1471027296,1471027299,3
4,1471027299,1471027302,3
10,1471027301,1471027302,1
4,1471027304,1471027311,7
1,1471027305,1471027316,11
4,1471027313,1471027317,4
4,1471027319,1471027326,7
1,1471027320,1471027335,15
4,1471027327,1471027334,7
4,1471027336,1471027339,3
4,1471027339,1471027341,2
4,1471027343,1471027347,4
1,1471027344,1471027357,13
4,1471027354,1471027358,4
4,1471027359,1471027365,6
1,1471027363,1471027364,1
4,1471027367,1471027371,4
1,1471027373,1471027374,1
4,1471027375,1471027396,21
1,1471027391,1471027392,1
4,1471027397,1471027400,3
4,1471027400,1471027403,3
4,1471027404,1471027406,2
10,1471027404,1471027406,2
4,1471027407,1471027410,3
4,1471027410,1471027412,2
4,1471027412,1471027414,2
4,1471027418,1471027422,4
1,1471027419,1471027426,7
4,1471027425,1471027428,3
4,1471027428,1471027432,4
1,1471027430,1471027436,6
4,1471027432,1471027437,5
4,1471027440,1471027442,2
4,1471027443,1471027446,3
1,1471027443,1471027484,41
4,1471027449,1471027453,4
4,1471027455,1471027457,2
4,1471027463,1471027467,4
4,1471027468,1471027472,4
4,1471027474,1471027477,3
4,1471027478,1471027481,3
4,1471027481,1471027488,7
1,1471027490,1471027522,32
4,1471027515,1471027519,4
4,1471027520,1471027523,3
4,1471027523,1471027533,10
4,1471027533,1471027537,4
4,1471027539,1471027541,2
4,1471027541,1471027543,2
4,1471027543,1471027547,4
4,1471027548,1471027555,7
1,1471027551,1471027554,3
1,1471027561,1471027566,5
4,1471027567,1471027576,9
1,1471027570,1471027581,11
4,1471027578,1471027581,3
4,1471027582,1471027584,2
4,1471027584,1471027588,4
1,1471027585,1471027598,13
4,1471027589,1471027598,9
4,1471027598,1471027602,4
4,1471027602,1471027604,2
4,1471027604,1471027606,2
4,1471027606,1471027609,3
4,1471027609,1471027612,3
10,1471027611,1471027612,1
4,1471027612,1471027614,2
4,1471027614,1471027619,5
10,1471027616,1471027618,2
4,1471027619,1471027622,3
1,1471027624,1471027629,5
4,1471027628,1471027653,25
1,1471027634,1471027636,2
1,1471027643,1471027647,4
4,1471027653,1471027659,6
4,1471027659,1471027678,19
1,1471027661,1471027668,7
1,1471027673,1471027679,6
1,1471027685,1471027697,12
4,1471027697,1471027712,15
1,1471027705,1471027723,18
4,1471027714,1471027722,8
4,1471027724,1471027726,2
4,1471027726,1471027729,3
1,1471027732,1471027734,2
4,1471027734,1471027747,13
1,1471027738,1471027761,23
4,1471027759,1471027763,4
4,1471027764,1471027768,4
4,1471027773,1471027777,4
4,1471027779,1471027796,17
1,1471027781,1471027794,13
1,1471027798,1471027806,8
4,1471027808,1471027812,4
1,1471027810,1471027812,2
4,1471027812,1471027820,8
1,1471027815,1471027824,9
4,1471027824,1471027827,3
10,1471027827,1471027829,2
1,1471027828,1471027833,5
4,1471027830,1471027833,3
10,1471027834,1471027835,1
4,1471027838,1471027842,4
1,1471027840,1471027842,2
4,1471027843,1471027845,2
4,1471027845,1471027848,3
4,1471027851,1471027869,18
1,1471027853,1471027880,27
4,1471027872,1471027878,6
4,1471027878,1471027880,2
1,1471027889,1471027898,9
4,1471027897,1471027899,2
4,1471027899,1471027901,2
10,1471027900,1471027901,1
1,1471027902,1471027905,3
4,1471027906,1471027909,3
1,1471027908,1471027924,16
4,1471027909,1471028103,194
1,1471027931,1471027937,6
1,1471028008,1471028028,20
1,1471028034,1471028036,2
1,1471028047,1471028105,58
4,1471028104,1471028107,3
4,1471028107,1471028110,3
4,1471028110,1471028113,3
4,1471028113,1471028117,4
4,1471028119,1471028125,6
10,1471028121,1471028125,4
4,1471028125,1471028130,5
1,1471028127,1471028142,15
4,1471028130,1471028137,7
4,1471028137,1471028142,5
4,1471028142,1471028147,5
10,1471028144,1471028146,2
1,1471028145,1471028156,11
4,1471028147,1471028151,4
4,1471028151,1471028157,6
10,1471028152,1471028155,3
4,1471028157,1471028161,4
10,1471028159,1471028161,2
4,1471028163,1471028165,2
4,1471028165,1471028167,2
10,1471028169,1471028170,1
1,1471028170,1471028183,13
4,1471028172,1471028176,4
7,1471028178,1471028179,1
7,1471028178,1471028179,1
7,1471028178,1471028179,1
7,1471028178,1471028179,1
4,1471028185,1471028187,2
1,1471028188,1471028204,16
4,1471028191,1471028198,7
4,1471028200,1471028207,7
1,1471028207,1471028209,2
4,1471028210,1471028219,9
1,1471028213,1471028224,11
4,1471028223,1471028232,9
1,1471028232,1471028264,32
4,1471028240,1471028248,8
4,1471028252,1471028255,3
4,1471028259,1471028261,2
4,1471028263,1471028266,3
1,1471028268,1471028272,4
1,1471028280,1471028283,3
1,1471028286,1471028296,10
4,1471028292,1471028296,4
4,1471028297,1471028299,2
4,1471028299,1471028303,4
10,1471028299,1471028300,1
10,1471028300,1471028302,2
1,1471028301,1471028324,23
4,1471028307,1471028316,9
4,1471028322,1471028455,133
1,1471028327,1471028338,11
14,1471028338,1471028353,15
1,1471028399,1471028407,8
1,1471028427,1471028459,32
4,1471028455,1471028458,3
1,1471028463,1471028471,8
14,1471028467,1471028478,11
1,1471028480,1471028487,7
4,1471028489,1471028493,4
4,1471028494,1471028496,2
10,1471028496,1471028497,1
4,1471028496,1471028498,2
4,1471028498,1471028507,9
1,1471028500,1471028505,5
4,1471028507,1471028510,3
4,1471028510,1471028512,2
4,1471028512,1471028553,41
10,1471028515,1471028517,2
1,1471028520,1471028528,8
14,1471028526,1471028534,8
1,1471028536,1471028551,15
4,1471028554,1471028558,4
4,1471028558,1471028566,8
4,1471028567,1471028570,3
4,1471028570,1471028572,2
4,1471028573,1471028575,2
4,1471028575,1471028578,3
4,1471028578,1471028583,5
4,1471028585,1471028591,6
10,1471028586,1471028588,2
4,1471028591,1471028593,2
4,1471028593,1471028596,3
4,1471028598,1471028600,2
4,1471028604,1471028607,3
4,1471028607,1471028610,3
10,1471028608,1471028610,2
4,1471028611,1471028613,2
4,1471028613,1471028615,2
4,1471028616,1471028619,3
10,1471028618,1471028619,1
4,1471028621,1471028625,4
4,1471028626,1471028631,5
10,1471028627,1471028629,2
4,1471028632,1471028636,4
4,1471028636,1471028639,3
4,1471028639,1471028642,3
4,1471028643,1471028645,2
4,1471028645,1471028648,3
4,1471028648,1471028650,2
4,1471028651,1471028654,3
4,1471028654,1471028656,2
4,1471028657,1471028662,5
4,1471028662,1471028664,2
4,1471028665,1471028670,5
4,1471028670,1471028673,3
4,1471028673,1471028704,31
1,1471028678,1471028683,5
1,1471028691,1471028695,4
1,1471028701,1471028702,1
4,1471028704,1471028717,13
1,1471028709,1471028719,10
4,1471028717,1471028721,4
4,1471028721,1471028727,6
4,1471028728,1471030579,1851
1,1471028733,1471028743,10
14,1471028737,1471028746,9
1,1471028747,1471028758,11
1,1471028794,1471028803,9
1,1471030452,1471030455,3
1,1471030458,1471030464,6
1,1471030517,1471030521,4
1,1471030570,1471030571,1
4,1471030579,1471030581,2
4,1471030587,1471030589,2
4,1471030589,1471030591,2
4,1471030591,1471030594,3
4,1471030594,1471030597,3
4,1471030597,1471030600,3
4,1471030600,1471030602,2
4,1471030602,1471030605,3
4,1471030605,1471030638,33
1,1471030634,1471030637,3
4,1471030638,1471030640,2
4,1471030640,1471030642,2
4,1471030642,1471030644,2
4,1471030644,1471030647,3
4,1471030648,1471030651,3
4,1471030651,1471030653,2
4,1471030653,1471030656,3
10,1471030654,1471030655,1
4,1471030656,1471030660,4
4,1471030660,1471030667,7
1,1471030665,1471030666,1
4,1471030667,1471030671,4
4,1471030671,1471030678,7
1,1471030673,1471030678,5
4,1471030680,1471030682,2
4,1471030682,1471030694,12
4,1471030694,1471030697,3
4,1471030700,1471030703,3
4,1471030703,1471030707,4
4,1471030707,1471030710,3
4,1471030711,1471030720,9
1,1471030717,1471030719,2
4,1471030720,1471030723,3
4,1471030723,1471030726,3
4,1471030726,1471030729,3
4,1471030729,1471030736,7
4,1471030736,1471030738,2
4,1471030739,1471030741,2
1,1471030743,1471030749,6
4,1471030745,1471030749,4
4,1471030750,1471030752,2
1,1471030760,1471030765,5
4,1471030767,1471030772,5
4,1471030772,1471030775,3
4,1471030775,1471030777,2
4,1471030777,1471030797,20
10,1471030778,1471030780,2
1,1471030792,1471030798,6
4,1471030799,1471030802,3
4,1471030803,1471030805,2
4,1471030806,1471030816,10
4,1471030817,1471030819,2
4,1471030819,1471030823,4
1,1471030820,1471030821,1
4,1471030825,1471030827,2
4,1471030829,1471030832,3
4,1471030832,1471030835,3
4,1471030835,1471030841,6
1,1471030837,1471030840,3
10,1471030837,1471030839,2
4,1471030841,1471030847,6
4,1471030853,1471030865,12
1,1471030862,1471030881,19
4,1471030868,1471030883,15
4,1471030883,1471030898,15
1,1471030886,1471030917,31
4,1471030901,1471030907,6
4,1471030909,1471030915,6
4,1471030918,1471030929,11
1,1471030920,1471030940,20
4,1471030932,1471030938,6
4,1471030941,1471030976,35
1,1471030946,1471030954,8
1,1471030972,1471030980,8
4,1471030980,1471030984,4
4,1471030984,1471031042,58
1,1471030986,1471030991,5
1,1471031027,1471031050,23
1,1471031055,1471031058,3
1,1471031127,1471031129,2
1,1471031132,1471031136,4
1,1471031146,1471031149,3
4,1471031150,1471031153,3
4,1471031153,1471031155,2
4,1471031155,1471031158,3
1,1471031157,1471031161,4
4,1471031160,1471031162,2
4,1471031162,1471031165,3
4,1471031165,1471031185,20
1,1471031169,1471031181,12
4,1471031186,1471031188,2
1,1471031187,1471031209,22
4,1471031201,1471031206,5
4,1471031209,1471031219,10
1,1471031212,1471031263,51
4,1471031221,1471031224,3
4,1471031224,1471031234,10
4,1471031236,1471031238,2
4,1471031249,1471031252,3
4,1471031256,1471031258,2
4,1471031264,1471031266,2
4,1471031266,1471031270,4
10,1471031267,1471031269,2
1,1471031268,1471031269,1
4,1471031270,1471031273,3
4,1471031275,1471031304,29
10,1471031278,1471031283,5
1,1471031281,1471031283,2
1,1471031287,1471031291,4
1,1471031296,1471031302,6
4,1471031304,1471031307,3
4,1471031307,1471031310,3
4,1471031310,1471031312,2
4,1471031312,1471031318,6
1,1471031316,1471031322,6
4,1471031318,1471031358,40
1,1471031333,1471031342,9
1,1471031348,1471031371,23
4,1471031359,1471031361,2
4,1471031361,1471031369,8
4,1471031369,1471038797,7428
1,1471031375,1471031377,2
1,1471031381,1471031386,5
1,1471038722,1471038729,7
1,1471038733,1471038753,20
1,1471038758,1471038761,3
1,1471038770,1471038773,3
1,1471038778,1471038787,9
1,1471038794,1471038795,1
4,1471038797,1471038805,8
10,1471038800,1471038805,5
4,1471038806,1471038808,2
4,1471038809,1471038811,2
4,1471038811,1471038814,3
4,1471038814,1471038816,2
4,1471038816,1471038818,2
4,1471038818,1471038820,2
4,1471038823,1471038831,8
1,1471038826,1471038830,4
4,1471038831,1471038860,29
10,1471038832,1471038847,15
1,1471038846,1471038853,7
1,1471038856,1471038859,3
4,1471038860,1471038867,7
10,1471038861,1471038866,5
4,1471038867,1471038899,32
1,1471038868,1471038878,10
10,1471038879,1471038881,2
1,1471038881,1471038898,17
4,1471038902,1471038931,29
1,1471038904,1471038913,9
1,1471038921,1471038929,8
10,1471038927,1471038929,2
1,1471038936,1471038938,2
4,1471038939,1471038942,3
4,1471038944,1471038946,2
4,1471038947,1471038950,3
1,1471038953,1471038955,2
4,1471038955,1471038958,3
4,1471038958,1471038961,3
4,1471038961,1471038964,3
4,1471038964,1471038968,4
4,1471038968,1471038971,3
4,1471038971,1471038987,16
1,1471038975,1471038979,4
1,1471038983,1471038985,2
4,1471038987,1471038999,12
10,1471038988,1471038994,6
1,1471038995,1471038999,4
4,1471039002,1471039011,9
1,1471039006,1471039008,2
4,1471039011,1471039027,16
1,1471039012,1471039022,10
1,1471039025,1471039040,15
1,1471039054,1471039063,9
10,1471039064,1471039065,1
4,1471039065,1471039067,2
4,1471039068,1471039072,4
4,1471039072,1471039074,2
4,1471039076,1471039078,2
4,1471039078,1471039080,2
4,1471039081,1471039083,2
4,1471039083,1471039085,2
4,1471039085,1471039089,4
1,1471039087,1471039093,6
4,1471039090,1471039093,3
4,1471039094,1471039125,31
10,1471039095,1471039101,6
1,1471039121,1471039124,3
4,1471039126,1471039129,3
10,1471039127,1471039129,2
4,1471039130,1471039133,3
10,1471039132,1471039133,1
4,1471039134,1471039137,3
10,1471039135,1471039137,2
4,1471039137,1471039140,3
4,1471039142,1471039144,2
1,1471039146,1471039192,46
4,1471039151,1471039155,4
4,1471039157,1471039160,3
4,1471039163,1471039165,2
4,1471039166,1471039170,4
4,1471039172,1471039177,5
4,1471039182,1471039184,2
4,1471039186,1471039189,3
4,1471039191,1471039193,2
4,1471039194,1471039196,2
4,1471039197,1471039199,2
4,1471039199,1471039202,3
1,1471039220,1471039224,4
1,1471039251,1471039260,9
1,1471039340,1471039347,7
4,1471039348,1471039352,4
4,1471039352,1471039354,2
4,1471039355,1471039357,2
4,1471039358,1471039360,2
4,1471039360,1471039363,3
4,1471039364,1471039367,3
4,1471039367,1471039370,3
4,1471039370,1471039374,4
10,1471039370,1471039371,1
4,1471039374,1471039376,2
4,1471039376,1471039379,3
4,1471039379,1471039382,3
10,1471039379,1471039380,1
4,1471039383,1471039393,10
1,1471039388,1471039389,1
4,1471039394,1471039439,45
10,1471039397,1471039398,1
1,1471039398,1471039408,10
1,1471039413,1471039422,9
1,1471039425,1471039447,22
4,1471039441,1471039480,39
1,1471039455,1471039461,6
1,1471039476,1471039479,3
1,1471039483,1471039489,6
4,1471039487,1471039490,3
4,1471039490,1471039494,4
4,1471039494,1471039506,12
10,1471039495,1471039498,3
1,1471039499,1471039501,2
1,1471039504,1471039506,2
4,1471039506,1471039511,5
1,1471039510,1471039511,1
4,1471039512,1471039523,11
1,1471039514,1471039518,4
4,1471039523,1471039525,2
10,1471039524,1471039525,1
4,1471039525,1471039528,3
4,1471039528,1471039540,12
10,1471039528,1471039529,1
1,1471039530,1471039531,1
1,1471039538,1471039539,1
4,1471039540,1471039552,12
10,1471039541,1471039543,2
1,1471039542,1471039547,5
1,1471039550,1471039551,1
10,1471039553,1471039555,2
1,1471039635,1471039638,3
4,1471039640,1471039643,3
4,1471039645,1471039648,3
4,1471039648,1471039652,4
4,1471039652,1471039660,8
1,1471039658,1471039659,1
4,1471039661,1471039663,2
4,1471039664,1471039667,3
4,1471039667,1471039670,3
10,1471039668,1471039670,2
4,1471039670,1471039672,2
4,1471039672,1471039676,4
4,1471039676,1471039679,3
1,1471039677,1471039678,1
4,1471039679,1471039682,3
10,1471039681,1471039682,1
4,1471039682,1471039684,2
4,1471039684,1471039690,6
10,1471039686,1471039687,1
1,1471039692,1471039693,1
4,1471039694,1471039722,28
1,1471039718,1471039721,3
4,1471039724,1471039779,55
1,1471039766,1471039774,8
1,1471039777,1471039784,7
4,1471039779,1471039787,8
4,1471039787,1471039789,2
4,1471039789,1471039797,8
1,1471039792,1471039805,13
4,1471039797,1471039801,4
4,1471039801,1471039817,16
1,1471039811,1471039814,3
4,1471039817,1471039819,2
10,1471039818,1471039819,1
4,1471039819,1471039822,3
4,1471039822,1471039824,2
10,1471039823,1471039824,1
4,1471039824,1471039829,5
4,1471039829,1471039843,14
1,1471039830,1471039847,17
1,1471039872,1471039882,10
1,1471039887,1471039892,5
1,1471039904,1471039935,31
4,1471039928,1471039931,3
4,1471039935,1471039941,6
1,1471039940,1471039961,21
4,1471039957,1471039962,5
1,1471039969,1471039974,5
1,1471039984,1471039987,3
1,1471039990,1471039996,6
1,1471040001,1471040004,3
1,1471040008,1471040011,3
1,1471040015,1471040017,2
1,1471040021,1471040029,8
4,1471040023,1471040029,6
1,1471040033,1471040041,8
1,1471040044,1471040055,11
1,1471040058,1471040071,13
1,1471040161,1471040166,5
1,1471040179,1471040200,21
4,1471040196,1471040198,2
10,1471040198,1471040205,7
4,1471040205,1471040210,5
1,1471040206,1471040211,5
1,1471040285,1471040305,20
1,1471040314,1471040315,1
1,1471040319,1471040330,11
14,1471040330,1471040366,36
1,1471040347,1471040350,3
1,1471040501,1471040519,18
1,1471040525,1471040546,21
14,1471040546,1471040582,36
1,1471040571,1471040575,4
1,1471040584,1471040588,4
1,1471040598,1471040602,4
4,1471040624,1471040649,25
4,1471040649,1471040652,3
4,1471040652,1471040654,2
4,1471040655,1471040657,2
10,1471040656,1471040657,1
4,1471040657,1471040660,3
4,1471040660,1471040663,3
4,1471040663,1471040666,3
4,1471040666,1471040668,2
4,1471040668,1471040671,3
10,1471040670,1471040671,1
4,1471040671,1471040673,2
4,1471040674,1471040678,4
1,1471040684,1471040699,15
4,1471040690,1471040694,4
4,1471040694,1471040698,4
4,1471040700,1471040711,11
1,1471040709,1471040710,1
4,1471040712,1471040718,6
1,1471040714,1471040720,6
4,1471040719,1471040721,2
4,1471040721,1471040743,22
4,1471040743,1471040762,19
1,1471040760,1471040761,1
4,1471040762,1471040765,3
4,1471040765,1471040786,21
1,1471040770,1471040773,3
1,1471040778,1471040785,7
4,1471040786,1471040789,3
4,1471040789,1471040792,3
4,1471040792,1471040794,2
4,1471040798,1471040801,3
1,1471040799,1471040800,1
4,1471040801,1471040803,2
4,1471040803,1471040810,7
1,1471040807,1471040812,5
4,1471040810,1471040813,3
4,1471040813,1471040817,4
4,1471040817,1471040822,5
4,1471040823,1471040830,7
1,1471040824,1471040829,5
4,1471040830,1471040833,3
4,1471040833,1471040836,3
4,1471040837,1471040847,10
1,1471040841,1471040850,9
4,1471040851,1471040853,2
4,1471040853,1471040855,2
4,1471040855,1471040858,3
4,1471040861,1471040865,4
4,1471040866,1471040870,4
1,1471040868,1471040873,5
4,1471040875,1471040888,13
1,1471040883,1471040885,2
4,1471040888,1471040891,3
1,1471040889,1471040891,2
4,1471040891,1471040972,81
10,1471040894,1471040969,75
1,1471040967,1471040975,8
4,1471040972,1471040976,4
4,1471040976,1471040979,3
4,1471040979,1471040990,11
1,1471040981,1471040989,8
4,1471040991,1471040993,2
4,1471040993,1471040995,2
4,1471040996,1471041003,7
1,1471041000,1471041002,2
4,1471041003,1471041011,8
4,1471041011,1471041022,11
1,1471041018,1471041022,4
1,1471041041,1471041054,13
1,1471041067,1471041069,2
1,1471041089,1471041092,3
4,1471041093,1471041096,3
4,1471041096,1471041098,2
4,1471041099,1471041103,4
4,1471041103,1471041105,2
4,1471041105,1471041107,2
4,1471041107,1471041109,2
4,1471041109,1471041112,3
10,1471041111,1471041112,1
4,1471041112,1471041114,2
10,1471041112,1471041114,2
4,1471041114,1471041116,2
4,1471041116,1471041120,4
10,1471041117,1471041120,3
4,1471041120,1471041129,9
10,1471041122,1471041124,2
1,1471041127,1471041128,1
4,1471041129,1471041132,3
4,1471041132,1471041134,2
4,1471041135,1471041138,3
4,1471041138,1471041141,3
10,1471041139,1471041141,2
4,1471041141,1471041145,4
1,1471041149,1471041152,3
4,1471041153,1471041157,4
1,1471041155,1471041168,13
4,1471041162,1471041164,2
4,1471041165,1471041168,3
4,1471041169,1471041173,4
4,1471041173,1471041176,3
4,1471041176,1471041179,3
4,1471041179,1471041187,8
4,1471041187,1471041197,10
1,1471041190,1471041193,3
4,1471041197,1471041199,2
10,1471041197,1471041198,1
4,1471041199,1471041202,3
4,1471041202,1471041205,3
4,1471041211,1471041215,4
1,1471041212,1471041214,2
4,1471041215,1471041247,32
1,1471041243,1471041259,16
4,1471041247,1471041249,2
4,1471041250,1471041252,2
4,1471041253,1471041260,7
10,1471041253,1471041254,1
4,1471041263,1471041265,2
1,1471041270,1471041275,5
4,1471041272,1471041275,3
4,1471041275,1471041278,3
4,1471041278,1471041281,3
1,1471041282,1471041283,1
4,1471041284,1471041288,4
4,1471041290,1471041292,2
4,1471041295,1471041301,6
1,1471041303,1471041310,7
4,1471041305,1471041309,4
4,1471041310,1471041319,9
1,1471041314,1471041327,13
4,1471041321,1471041325,4
4,1471041325,1471041328,3
4,1471041328,1471041330,2
4,1471041330,1471041337,7
1,1471041333,1471041336,3
4,1471041337,1471041367,30
1,1471041356,1471041360,4
1,1471041364,1471041379,15
4,1471041370,1471041372,2
4,1471041374,1471041380,6
10,1471041376,1471041377,1
4,1471041380,1471041382,2
4,1471041382,1471041386,4
1,1471041383,1471041398,15
4,1471041386,1471041390,4
4,1471041396,1471041399,3
4,1471041399,1471041402,3
4,1471041402,1471041404,2
4,1471041404,1471041476,72
1,1471041415,1471041419,4
1,1471041470,1471041474,4
1,1471041478,1471041484,6
1,1471041795,1471041825,30
1,1471041835,1471041839,4
1,1471041853,1471041855,2
1,1471041858,1471041861,3
5,1471041861,1471041876,15
1,1471041871,1471041889,18
4,1471041885,1471041890,5
4,1471041891,1471041899,8
1,1471041893,1471041906,13
4,1471041902,1471041905,3
4,1471041907,1471041910,3
4,1471041910,1471041919,9
1,1471041914,1471041918,4
1,1471041922,1471041930,8
4,1471041927,1471041931,4
4,1471041931,1471041935,4
10,1471041933,1471041935,2
4,1471041935,1471041939,4
4,1471041939,1471041950,11
1,1471041943,1471041949,6
4,1471041950,1471041953,3
10,1471041950,1471041953,3
4,1471041953,1471041961,8
1,1471041955,1471041958,3
4,1471041964,1471041992,28
1,1471041967,1471041980,13
1,1471041985,1471041991,6
4,1471041992,1471042000,8
10,1471041993,1471041995,2
1,1471042003,1471042008,5
1,1471042012,1471042026,14
4,1471042028,1471042038,10
1,1471042031,1471042037,6
1,1471042044,1471042055,11
4,1471042057,1471042066,9
1,1471042063,1471042065,2
4,1471042066,1471042071,5
1,1471042070,1471042075,5
1,1471042080,1471042083,3
1,1471042088,1471042092,4
1,1471042095,1471042098,3
1,1471042102,1471042109,7
1,1471042113,1471042120,7
4,1471042121,1471042128,7
10,1471042122,1471042127,5
4,1471042128,1471042141,13
1,1471042139,1471042143,4
4,1471042144,1471042160,16
1,1471042151,1471042153,2
10,1471042155,1471042157,2
1,1471042158,1471042160,2
4,1471042161,1471042166,5
1,1471042163,1471042165,2
4,1471042166,1471042670,504
1,1471042178,1471042179,1
1,1471042315,1471042317,2
1,1471042392,1471042404,12
14,1471042400,1471042432,32
1,1471042656,1471042678,22
4,1471042670,1471042676,6
4,1471042679,1471042682,3
4,1471042682,1471042687,5
1,1471042684,1471042689,5
4,1471042687,1471042691,4
4,1471042695,1471042698,3
4,1471042702,1471042708,6
1,1471042705,1471042707,2
4,1471042708,1471042710,2
4,1471042711,1471042715,4
10,1471042713,1471042715,2
4,1471042715,1471042720,5
1,1471042718,1471042721,3
4,1471042722,1471042728,6
10,1471042724,1471042726,2
1,1471042725,1471042726,1
4,1471042729,1471042733,4
10,1471042731,1471042732,1
4,1471042735,1471042740,5
10,1471042737,1471042739,2
4,1471042740,1471042744,4
10,1471042743,1471042744,1
4,1471042744,1471042749,5
1,1471042746,1471042748,2
4,1471042751,1471042764,13
4,1471042764,1471042768,4
1,1471042767,1471042786,19
4,1471042769,1471042771,2
4,1471042773,1471042778,5
4,1471042779,1471042781,2
4,1471042783,1471042788,5
4,1471042789,1471042795,6
4,1471042795,1471042811,16
4,1471042813,1471042817,4
4,1471042818,1471042821,3
4,1471042822,1471042824,2
4,1471042825,1471042845,20
1,1471042832,1471042842,10
4,1471042845,1471042851,6
10,1471042848,1471042851,3
4,1471042851,1471042873,22
1,1471042854,1471042867,13
4,1471042873,1471042875,2
4,1471042875,1471042877,2
4,1471042883,1471042889,6
4,1471042889,1471042901,12
1,1471042892,1471042905,13
4,1471042902,1471042906,4
4,1471042908,1471042912,4
10,1471042910,1471042912,2
4,1471042912,1471042918,6
10,1471042915,1471042916,1
1,1471042915,1471042926,11
4,1471042927,1471042933,6
10,1471042929,1471042933,4
4,1471042933,1471042941,8
1,1471042935,1471042950,15
4,1471042941,1471042954,13
4,1471042954,1471042957,3
4,1471042957,1471042965,8
1,1471042960,1471042963,3
4,1471042965,1471042968,3
4,1471042968,1471042973,5
4,1471042974,1471042976,2
4,1471042976,1471042986,10
4,1471042986,1471042988,2
4,1471042988,1471042991,3
4,1471042991,1471042993,2
10,1471042992,1471042993,1
4,1471042997,1471043002,5
4,1471043002,1471043004,2
4,1471043004,1471043006,2
4,1471043007,1471043009,2
4,1471043009,1471043011,2
4,1471043011,1471043014,3
4,1471043014,1471043019,5
4,1471043019,1471043022,3
4,1471043022,1471043024,2
4,1471043024,1471043027,3
4,1471043028,1471043031,3
4,1471043031,1471043033,2
4,1471043033,1471043036,3
4,1471043036,1471043041,5
4,1471043041,1471043047,6
10,1471043042,1471043043,1
1,1471043044,1471043046,2
4,1471043047,1471043051,4
4,1471043051,1471043053,2
4,1471043055,1471043057,2
4,1471043057,1471043059,2
4,1471043060,1471043167,107
1,1471043070,1471043076,6
4,1471043167,1471043169,2
4,1471043170,1471043451,281
1,1471043173,1471043178,5
1,1471043360,1471043370,10
14,1471043369,1471043397,28
1,1471043405,1471043425,20
1,1471043429,1471043449,20
4,1471043451,1471043455,4
4,1471043455,1471043457,2
4,1471043457,1471043460,3
4,1471043460,1471043462,2
4,1471043462,1471043468,6
1,1471043465,1471043467,2
4,1471043468,1471043470,2
4,1471043470,1471043473,3
4,1471043473,1471043475,2
4,1471043476,1471043479,3
4,1471043479,1471043484,5
1,1471043494,1471043503,9
1,1471043508,1471043515,7
4,1471043513,1471043532,19
1,1471043520,1471043522,2
1,1471043525,1471043531,6
1,1471043536,1471043537,1
4,1471043558,1471043562,4
1,1471043560,1471043563,3
4,1471043564,1471043566,2
4,1471043568,1471043570,2
4,1471043573,1471043575,2
4,1471043575,1471043578,3
1,1471043579,1471043586,7
4,1471043585,1471043587,2
4,1471043587,1471043590,3
10,1471043592,1471043593,1
4,1471043593,1471043595,2
4,1471043596,1471043599,3
4,1471043603,1471043621,18
1,1471043608,1471043613,5
1,1471043617,1471043623,6
4,1471043621,1471043624,3
4,1471043624,1471043626,2
4,1471043627,1471043639,12
10,1471043627,1471043631,4
1,1471043629,1471043635,6
4,1471043639,1471043642,3
4,1471043647,1471043651,4
1,1471043649,1471043654,5
4,1471043654,1471043657,3
4,1471043657,1471043659,2
4,1471043659,1471043664,5
1,1471043661,1471043664,3
4,1471043664,1471043669,5
1,1471043671,1471043673,2
4,1471043673,1471043676,3
10,1471043674,1471043676,2
4,1471043676,1471043679,3
4,1471043679,1471043681,2
4,1471043682,1471043686,4
4,1471043686,1471043689,3
1,1471043687,1471043688,1
4,1471043689,1471043692,3
4,1471043693,1471043699,6
10,1471043695,1471043698,3
4,1471043699,1471043701,2
4,1471043703,1471043706,3
4,1471043707,1471043709,2
10,1471043707,1471043708,1
4,1471043710,1471043712,2
4,1471043712,1471043719,7
1,1471043714,1471043719,5
4,1471043723,1471043726,3
10,1471043725,1471043726,1
1,1471043728,1471043737,9
4,1471043731,1471043734,3
4,1471043737,1471043740,3
4,1471043741,1471043748,7
1,1471043743,1471043747,4
4,1471043749,1471043753,4
4,1471043753,1471043813,60
1,1471043761,1471043769,8
14,1471043766,1471043775,9
1,1471043777,1471043789,12
14,1471043790,1471043793,3
1,1471043797,1471043812,15
4,1471043813,1471043816,3
4,1471043817,1471043819,2
10,1471043818,1471043819,1
4,1471043821,1471043824,3
4,1471043824,1471043826,2
4,1471043826,1471043830,4
4,1471043830,1471043832,2
4,1471043832,1471043834,2
4,1471043834,1471043839,5
10,1471043835,1471043839,4
4,1471043839,1471043883,44
1,1471043844,1471043846,2
1,1471043853,1471043859,6
1,1471043864,1471043899,35
4,1471043900,1471043910,10
1,1471043903,1471043909,6
4,1471043911,1471043917,6
10,1471043912,1471043914,2
1,1471043913,1471043929,16
4,1471043927,1471043940,13
1,1471043935,1471043939,4
4,1471043940,1471043945,5
1,1471043942,1471043946,4
4,1471043948,1471043952,4
1,1471043949,1471043952,3
4,1471043955,1471043958,3
1,1471043964,1471043968,4
4,1471043974,1471043981,7
1,1471043984,1471043989,5
1,1471043994,1471044000,6
4,1471043995,1471044030,35
1,1471044005,1471044009,4
1,1471044016,1471044028,12
4,1471044031,1471044033,2
4,1471044039,1471044046,7
4,1471044046,1471044055,9
1,1471044049,1471044054,5
4,1471044055,1471044057,2
4,1471044057,1471044060,3
4,1471044060,1471044083,23
1,1471044073,1471044078,5
4,1471044083,1471044107,24
1,1471044085,1471044092,7
1,1471044100,1471044106,6
4,1471044107,1471044116,9
4,1471044116,1471044118,2
4,1471044118,1471044120,2
4,1471044120,1471044123,3
4,1471044123,1471044130,7
1,1471044128,1471044130,2
4,1471044130,1471044137,7
4,1471044137,1471044180,43
1,1471044140,1471044146,6
14,1471044144,1471044157,13
1,1471044161,1471044178,17
4,1471044180,1471044183,3
10,1471044182,1471044183,1
4,1471044185,1471044203,18
1,1471044193,1471044195,2
1,1471044200,1471044201,1
1,1471044223,1471044225,2
14,1471044225,1471044239,14
1,1471044240,1471044245,5
4,1471044243,1471044246,3
4,1471044246,1471044282,36
1,1471044252,1471044255,3
14,1471044255,1471044264,9
1,1471044266,1471044271,5
1,1471044279,1471044287,8
4,1471044282,1471044288,6
4,1471044288,1471044291,3
4,1471044291,1471044294,3
1,1471044292,1471044293,1
4,1471044294,1471044347,53
1,1471044297,1471044303,6
1,1471044309,1471044313,4
14,1471044311,1471044321,10
1,1471044323,1471044349,26
4,1471044347,1471044350,3
4,1471044351,1471044371,20
1,1471044352,1471044373,21
1,1471044378,1471044380,2
4,1471044380,1471044422,42
1,1471044389,1471044390,1
1,1471044394,1471044398,4
14,1471044398,1471044407,9
1,1471044410,1471044421,11
4,1471044422,1471044484,62
1,1471044428,1471044434,6
14,1471044434,1471044444,10
1,1471044446,1471044449,3
1,1471044460,1471044470,10
1,1471044477,1471044480,3
4,1471044487,1471044491,4
4,1471044491,1471044493,2
4,1471044493,1471044496,3
4,1471044496,1471044499,3
4,1471044499,1471044503,4
10,1471044500,1471044501,1
4,1471044503,1471044505,2
4,1471044505,1471044508,3
10,1471044506,1471044508,2
4,1471044508,1471044511,3
4,1471044511,1471044522,11
1,1471044519,1471044522,3
4,1471044523,1471044528,5
10,1471044524,1471044525,1
4,1471044528,1471044532,4
4,1471044533,1471044538,5
4,1471044538,1471044542,4
4,1471044542,1471044684,142
1,1471044548,1471044553,5
14,1471044553,1471044562,9
1,1471044564,1471044566,2
1,1471044572,1471044575,3
1,1471044578,1471044582,4
1,1471044586,1471044605,19
14,1471044605,1471044643,38
1,1471044645,1471044659,14
1,1471044669,1471044674,5
1,1471044678,1471044683,5
4,1471044684,1471044687,3
4,1471044687,1471044690,3
4,1471044690,1471044692,2
4,1471044692,1471044695,3
4,1471044695,1471044721,26
1,1471044703,1471044720,17
4,1471044721,1471044723,2
4,1471044724,1471044726,2
4,1471044727,1471044729,2
4,1471044730,1471044732,2
4,1471044739,1471045363,624
1,1471044741,1471044747,6
14,1471044747,1471044783,36
1,1471044787,1471044799,12
1,1471045216,1471045233,17
1,1471045336,1471045361,25
4,1471045363,1471045376,13
4,1471045377,1471045382,5
1,1471045387,1471045388,1
1,1471045396,1471045405,9
1,1471045468,1471045494,26
1,1471046243,1471046246,3
1,1471046250,1471046254,4
1,1471046257,1471046266,9
1,1471046364,1471046376,12
1,1471046479,1471046498,19
1,1471046804,1471046820,16
1,1471047403,1471047419,16
1,1471047425,1471047429,4
4,1471047441,1471047449,8
1,1471047443,1471047451,8
4,1471047452,1471047454,2
4,1471047455,1471047457,2
4,1471047457,1471047462,5
4,1471047462,1471047464,2
4,1471047465,1471047467,2
4,1471047467,1471047469,2
4,1471047470,1471047472,2
4,1471047472,1471047475,3
4,1471047475,1471047478,3
4,1471047478,1471047485,7
4,1471047486,1471047488,2
4,1471047489,1471047491,2
4,1471047491,1471047495,4
10,1471047492,1471047493,1
10,1471047493,1471047495,2
4,1471047495,1471047497,2
10,1471047496,1471047497,1
10,1471047497,1471047498,1
4,1471047498,1471047501,3
10,1471047501,1471047502,1
4,1471047502,1471047513,11
4,1471047513,1471047517,4
4,1471047518,1471047520,2
4,1471047520,1471047522,2
4,1471047524,1471047528,4
10,1471047526,1471047528,2
4,1471047528,1471047531,3
10,1471047530,1471047531,1
4,1471047532,1471047534,2
4,1471047534,1471047536,2
4,1471047536,1471047539,3
4,1471047539,1471047544,5
4,1471047544,1471047546,2
1,1471047547,1471047552,5
4,1471047550,1471047553,3
4,1471047553,1471047562,9
10,1471047555,1471047562,7
4,1471047562,1471047566,4
10,1471047565,1471047566,1
4,1471047566,1471047570,4
10,1471047567,1471047570,3
4,1471047570,1471047572,2
4,1471047572,1471047578,6
1,1471047580,1471047581,1
4,1471047585,1471047588,3
10,1471047586,1471047588,2
4,1471047589,1471047594,5
4,1471047594,1471047596,2
4,1471047596,1471047603,7
1,1471047600,1471047602,2
4,1471047603,1471047615,12
10,1471047604,1471047607,3
1,1471047610,1471047621,11
4,1471047633,1471047635,2
4,1471047635,1471047638,3
10,1471047636,1471047637,1
4,1471047638,1471047641,3
10,1471047638,1471047639,1
10,1471047641,1471047643,2
4,1471047643,1471047645,2
4,1471047646,1471047648,2
10,1471047647,1471047649,2
4,1471047648,1471047651,3
4,1471047652,1471047654,2
1,1471047665,1471047667,2
4,1471047669,1471047673,4
4,1471047673,1471047677,4
4,1471047680,1471047683,3
4,1471047683,1471047685,2
10,1471047685,1471047687,2
4,1471047687,1471047691,4
10,1471047690,1471047691,1
4,1471047691,1471047694,3
4,1471047694,1471047696,2
10,1471047695,1471047696,1
4,1471047698,1471047700,2
10,1471047699,1471047700,1
4,1471047700,1471047703,3
4,1471047703,1471047706,3
10,1471047705,1471047706,1
4,1471047708,1471047712,4
1,1471047710,1471047711,1
4,1471047713,1471047715,2
4,1471047715,1471047727,12
4,1471047727,1471047731,4
4,1471047732,1471047736,4
10,1471047735,1471047736,1
4,1471047736,1471047739,3
4,1471047739,1471047742,3
10,1471047741,1471047742,1
4,1471047742,1471047744,2
4,1471047744,1471047746,2
4,1471047746,1471047749,3
10,1471047746,1471047748,2
4,1471047749,1471047751,2
10,1471047752,1471047753,1
4,1471047753,1471047757,4
1,1471047755,1471047756,1
4,1471047757,1471047764,7
4,1471047764,1471047819,55
1,1471047767,1471047779,12
14,1471047777,1471047787,10
1,1471047785,1471047790,5
1,1471047794,1471047795,1
1,1471047804,1471047809,5
1,1471047816,1471047818,2
4,1471047819,1471047850,31
1,1471047822,1471047829,7
14,1471047827,1471047837,10
1,1471047839,1471047843,4
1,1471047847,1471047848,1
4,1471047850,1471047854,4
10,1471047851,1471047853,2
4,1471047855,1471047858,3
4,1471047858,1471047861,3
10,1471047859,1471047861,2
4,1471047863,1471047865,2
4,1471047866,1471047868,2
4,1471047868,1471047871,3
10,1471047870,1471047871,1
4,1471047871,1471047875,4
4,1471047875,1471047881,6
4,1471047881,1471047983,102
1,1471047886,1471047892,6
14,1471047892,1471047901,9
1,1471047904,1471047905,1
1,1471047912,1471047926,14
1,1471047930,1471047932,2
1,1471047939,1471047961,22
1,1471047965,1471047970,5
1,1471047976,1471047979,3
14,1471047979,1471048239,260
11,1471047982,1471047990,8
1,1471047982,1471047984,2
4,1471047984,1471047986,2
4,1471047986,1471047990,4
11,1471047990,1471048000,10
4,1471047991,1471048013,22
1,1471047992,1471048004,12
11,1471048001,1471048002,1
11,1471048003,1471048012,9
1,1471048008,1471048012,4
11,1471048012,1471048024,12
1,1471048015,1471048027,12
11,1471048025,1471048026,1
11,1471048026,1471048027,1
11,1471048028,1471048031,3
1,1471048031,1471048032,1
11,1471048031,1471048032,1
11,1471048033,1471048036,3
1,1471048036,1471048049,13
11,1471048038,1471048040,2
11,1471048040,1471048049,9
11,1471048049,1471048066,17
1,1471048052,1471048117,65
11,1471048066,1471048070,4
11,1471048070,1471048074,4
11,1471048074,1471048077,3
11,1471048077,1471048079,2
11,1471048079,1471048082,3
11,1471048082,1471048093,11
11,1471048093,1471048097,4
11,1471048097,1471048100,3
11,1471048101,1471048104,3
11,1471048104,1471048105,1
11,1471048107,1471048115,8
11,1471048117,1471048122,5
1,1471048121,1471048176,55
11,1471048122,1471048124,2
11,1471048127,1471048130,3
11,1471048130,1471048132,2
11,1471048132,1471048138,6
11,1471048138,1471048139,1
11,1471048139,1471048141,2
11,1471048141,1471048144,3
11,1471048144,1471048146,2
11,1471048147,1471048158,11
11,1471048158,1471048167,9
11,1471048167,1471048169,2
11,1471048169,1471048185,16
1,1471048182,1471048212,30
11,1471048185,1471048189,4
11,1471048189,1471048197,8
11,1471048198,1471048199,1
11,1471048200,1471048202,2
11,1471048202,1471048203,1
11,1471048203,1471048205,2
11,1471048207,1471048209,2
11,1471048209,1471048210,1
11,1471048210,1471048212,2
11,1471048212,1471048217,5
1,1471048217,1471048219,2
11,1471048217,1471048239,22
1,1471048235,1471048244,9
5,1471048237,1471048239,2
4,1471048240,1471048245,5
4,1471048245,1471048289,44
1,1471048251,1471048260,9
1,1471048264,1471048269,5
14,1471048267,1471048281,14
1,1471048285,1471048287,2
1,1471048291,1471048300,9
1,1471048673,1471048682,9
1,1471048772,1471048796,24
1,1471048800,1471048807,7
1,1471048811,1471048816,5
1,1471050135,1471050149,14
1,1471050393,1471050403,10
1,1471055453,1471055464,11
5,1471055591,1471055596,5
1,1471091083,1471091097,14
1,1471091107,1471091111,4
1,1471091115,1471091117,2
1,1471091120,1471091121,1
1,1471091127,1471091131,4
1,1471091134,1471091143,9
1,1471091154,1471091156,2
1,1471091171,1471091182,11
6,1471091177,1471091178,1
1,1471091190,1471091199,9
4,1471091196,1471091201,5
1,1471091233,1471091248,15
1,1471091256,1471091262,6
1,1471091265,1471091274,9
1,1471091286,1471091301,15
1,1471092371,1471092384,13
1,1471092388,1471092390,2
1,1471092397,1471092399,2
1,1471092402,1471092416,14
1,1471092442,1471092452,10
1,1471092533,1471092547,14
1,1471093056,1471093059,3
1,1471093062,1471093063,1
1,1471093070,1471093079,9
1,1471093275,1471093286,11
1,1471093703,1471093716,13
1,1471099641,1471099653,12
1,1471107091,1471107107,16
1,1471107115,1471107119,4
1,1471107125,1471107150,25
1,1471107156,1471107158,2
1,1471107167,1471107175,8
4,1471107202,1471107204,2
4,1471107204,1471107207,3
4,1471107207,1471107213,6
10,1471107208,1471107213,5
4,1471107215,1471107217,2
4,1471107217,1471107232,15
1,1471107229,1471107232,3
4,1471107232,1471107234,2
4,1471107234,1471107236,2
4,1471107236,1471107240,4
4,1471107240,1471107358,118
1,1471107248,1471107256,8
14,1471107253,1471107269,16
1,1471107269,1471107284,15
1,1471107290,1471107312,22
1,1471107328,1471107330,2
1,1471107355,1471107357,2
4,1471107359,1471107362,3
10,1471107360,1471107362,2
4,1471107363,1471107365,2
10,1471107365,1471107366,1
4,1471107366,1471107371,5
1,1471107367,1471107369,2
1,1471107376,1471107392,16
1,1471107395,1471107400,5
4,1471107401,1471107409,8
10,1471107403,1471107409,6
4,1471107409,1471107414,5
1,1471107411,1471107413,2
4,1471107416,1471107418,2
4,1471107418,1471107423,5
10,1471107419,1471107420,1
1,1471107427,1471107430,3
4,1471107432,1471107435,3
10,1471107433,1471107435,2
4,1471107435,1471107437,2
10,1471107435,1471107437,2
10,1471107437,1471107438,1
4,1471107438,1471107444,6
10,1471107438,1471107440,2
4,1471107444,1471107446,2
4,1471107446,1471107522,76
1,1471107456,1471107460,4
14,1471107459,1471107476,17
1,1471107474,1471107484,10
1,1471107487,1471107489,2
1,1471107493,1471107528,35
4,1471107530,1471107533,3
4,1471107533,1471107557,24
1,1471107535,1471107538,3
1,1471107544,1471107555,11
14,1471107550,1471107575,25
11,1471107557,1471107565,8
1,1471107558,1471107596,38
4,1471107559,1471107561,2
4,1471107561,1471107564,3
4,1471107564,1471107566,2
11,1471107565,1471107575,10
5,1471107573,1471107575,2
4,1471107575,1471107597,22
4,1471107597,1471107603,6
1,1471107600,1471107603,3
4,1471107605,1471107607,2
4,1471107608,1471107615,7
10,1471107610,1471107612,2
1,1471107612,1471107620,8
10,1471107615,1471107617,2
4,1471107618,1471107621,3
4,1471107621,1471107624,3
10,1471107623,1471107624,1
4,1471107624,1471107627,3
4,1471107627,1471107630,3
4,1471107630,1471107633,3
4,1471107640,1471107700,60
1,1471107640,1471107650,10
14,1471107650,1471107660,10
1,1471107663,1471107699,36
4,1471107700,1471107702,2
4,1471107702,1471107705,3
10,1471107705,1471107706,1
4,1471107706,1471107708,2
10,1471107709,1471107710,1
1,1471107710,1471107711,1
4,1471107712,1471107714,2
4,1471107714,1471107723,9
1,1471107717,1471107722,5
4,1471107723,1471107726,3
10,1471107725,1471107726,1
4,1471107726,1471107730,4
10,1471107728,1471107729,1
4,1471107730,1471107733,3
4,1471107734,1471107736,2
4,1471107736,1471107738,2
4,1471107738,1471107741,3
4,1471107741,1471107743,2
4,1471107743,1471107746,3
4,1471107746,1471107754,8
1,1471107749,1471107771,22
4,1471107754,1471107759,5
4,1471107759,1471107763,4
4,1471107763,1471107768,5
10,1471107764,1471107765,1
4,1471107769,1471107772,3
4,1471107776,1471108057,281
1,1471107777,1471107786,9
14,1471107785,1471107804,19
1,1471107800,1471107809,9
1,1471107814,1471107817,3
1,1471107821,1471107824,3
1,1471107827,1471107832,5
1,1471107836,1471107839,3
1,1471107843,1471107847,4
1,1471107851,1471107861,10
1,1471107864,1471107866,2
1,1471107870,1471107897,27
14,1471107883,1471107923,40
1,1471108018,1471108027,9
1,1471108039,1471108056,17
4,1471108059,1471108061,2
4,1471108062,1471108065,3
4,1471108065,1471108945,880
1,1471108074,1471108079,5
14,1471108079,1471108088,9
1,1471108089,1471108106,17
14,1471108095,1471108162,67
1,1471108109,1471108111,2
1,1471108119,1471108122,3
1,1471108129,1471108137,8
1,1471108159,1471108173,14
14,1471108167,1471108189,22
1,1471108190,1471108195,5
14,1471108194,1471108370,176
1,1471108216,1471108218,2
1,1471108248,1471108251,3
1,1471108322,1471108323,1
1,1471108370,1471108377,7
14,1471108375,1471108454,79
1,1471108404,1471108408,4
1,1471108531,1471108540,9
1,1471108869,1471108912,43
6,1471109008,1471109010,2
1,1471109013,1471109020,7
4,1471109082,1471109086,4
1,1471109340,1471109344,4
14,1471109343,1471109407,64
1,1471109371,1471109373,2
1,1471109377,1471109390,13
1,1471109423,1471109428,5
1,1471109739,1471109748,9
4,1471109750,1471109753,3
4,1471109753,1471109755,2
4,1471109755,1471109758,3
4,1471109759,1471109761,2
4,1471109764,1471109767,3
10,1471109765,1471109766,1
4,1471109767,1471109770,3
4,1471109772,1471109775,3
4,1471109775,1471109779,4
4,1471109779,1471109782,3
10,1471109780,1471109781,1
4,1471109782,1471109784,2
4,1471109785,1471109872,87
1,1471109788,1471109800,12
1,1471109820,1471109826,6
1,1471109829,1471109844,15
1,1471109848,1471109852,4
1,1471109863,1471109872,9
4,1471109875,1471109877,2
4,1471109877,1471109880,3
4,1471109880,1471109972,92
1,1471109883,1471109890,7
1,1471109928,1471109959,31
1,1471109966,1471109969,3
4,1471109972,1471110108,136
1,1471109977,1471109984,7
1,1471110048,1471110086,38
7,1471110062,1471110063,1
1,1471110089,1471110107,18
4,1471110110,1471110123,13
1,1471110111,1471110154,43
4,1471110123,1471110131,8
4,1471110131,1471110139,8
4,1471110139,1471110148,9
4,1471110148,1471110155,7
4,1471110155,1471110158,3
4,1471110158,1471110166,8
1,1471110159,1471110172,13
4,1471110173,1471110176,3
1,1471110176,1471110188,12
4,1471110182,1471110189,7
4,1471110189,1471110201,12
1,1471110192,1471110193,1
1,1471110196,1471110240,44
4,1471110203,1471110211,8
4,1471110211,1471110220,9
4,1471110220,1471110226,6
4,1471110227,1471110232,5
4,1471110232,1471110289,57
1,1471110254,1471110264,10
1,1471110268,1471110282,14
7,1471110268,1471110270,2
1,1471110286,1471110287,1
4,1471110289,1471110292,3
4,1471110292,1471110296,4
1,1471110294,1471110295,1
4,1471110298,1471110300,2
4,1471110301,1471110303,2
10,1471110302,1471110304,2
1,1471110305,1471110306,1
4,1471110307,1471110310,3
10,1471110309,1471110310,1
4,1471110310,1471110315,5
4,1471110316,1471110325,9
1,1471110319,1471110321,2
4,1471110325,1471110328,3
10,1471110325,1471110327,2
10,1471110327,1471110328,1
4,1471110328,1471110344,16
1,1471110330,1471110346,16
4,1471110344,1471110347,3
4,1471110347,1471110361,14
10,1471110349,1471110350,1
1,1471110350,1471110362,12
4,1471110361,1471110363,2
4,1471110363,1471110365,2
4,1471110366,1471110371,5
1,1471110368,1471110382,14
4,1471110371,1471110376,5
4,1471110379,1471110383,4
4,1471110384,1471110387,3
4,1471110390,1471110393,3
4,1471110393,1471110402,9
1,1471110400,1471110422,22
4,1471110402,1471110445,43
1,1471110428,1471110432,4
1,1471110441,1471110444,3
4,1471110445,1471110447,2
4,1471110448,1471110454,6
1,1471110448,1471110452,4
4,1471110454,1471110456,2
4,1471110456,1471110463,7
1,1471110458,1471110476,18
4,1471110473,1471110492,19
1,1471110480,1471110515,35
4,1471110492,1471110506,14
4,1471110506,1471110540,34
1,1471110520,1471110556,36
4,1471110540,1471110612,72
1,1471110610,1471110611,1
4,1471110612,1471110619,7
1,1471110619,1471110653,34
4,1471110619,1471110640,21
4,1471110640,1471110721,81
1,1471110657,1471110678,21
4,1471110721,1471110729,8
1,1471110727,1471110752,25
4,1471110729,1471110778,49
1,1471110757,1471110786,29
4,1471110778,1471110789,11
1,1471110789,1471110822,33
4,1471110792,1471110796,4
4,1471110796,1471110808,12
4,1471110808,1471110813,5
1,1471110826,1471110840,14
4,1471110833,1471110835,2
4,1471110840,1471110843,3
4,1471110843,1471110846,3
4,1471110847,1471110849,2
4,1471110849,1471110852,3
4,1471110852,1471110854,2
4,1471110854,1471110856,2
4,1471110858,1471110861,3
10,1471110859,1471110860,1
4,1471110862,1471110865,3
4,1471110865,1471110869,4
4,1471110874,1471110880,6
4,1471110880,1471110884,4
1,1471110881,1471110891,10
4,1471110888,1471110898,10
4,1471110898,1471110903,5
1,1471110901,1471110909,8
4,1471110905,1471110909,4
1,1471110915,1471110940,25
4,1471110916,1471110941,25
4,1471110941,1471110944,3
4,1471110946,1471110948,2
4,1471110948,1471110950,2
4,1471110950,1471110953,3
4,1471110953,1471110955,2
4,1471110955,1471110957,2
1,1471110961,1471110968,7
1,1471110978,1471110985,7
1,1471111190,1471111194,4
1,1471111211,1471111213,2
1,1471115201,1471115214,13
1,1471115219,1471115223,4
1,1471123378,1471123396,18
4,1471123398,1471123401,3
4,1471123401,1471123412,11
1,1471123406,1471123409,3
4,1471123412,1471123414,2
4,1471123415,1471123417,2
4,1471123418,1471123420,2
10,1471123418,1471123419,1
4,1471123422,1471123440,18
1,1471123433,1471123438,5
10,1471123440,1471123442,2
1,1471123441,1471123443,2
4,1471123445,1471123480,35
1,1471123448,1471123465,17
1,1471123471,1471123477,6
4,1471123482,1471123484,2
4,1471123484,1471123487,3
10,1471123485,1471123487,2
4,1471123487,1471123491,4
10,1471123488,1471123491,3
4,1471123491,1471123495,4
4,1471123495,1471123497,2
4,1471123497,1471123500,3
4,1471123507,1471123509,2
4,1471123509,1471123512,3
4,1471123512,1471123514,2
4,1471123514,1471123516,2
4,1471123516,1471123522,6
4,1471123522,1471123538,16
10,1471123523,1471123536,13
1,1471123523,1471123525,2
1,1471123535,1471123537,2
4,1471123541,1471123545,4
4,1471123546,1471123548,2
10,1471123547,1471123548,1
4,1471123548,1471123595,47
1,1471123553,1471123565,12
1,1471123568,1471123574,6
5,1471123575,1471123584,9
1,1471123582,1471123597,15
4,1471123598,1471123602,4
1,1471123600,1471123602,2
4,1471123602,1471123605,3
4,1471123605,1471123663,58
1,1471123606,1471123613,7
1,1471123619,1471123620,1
1,1471123623,1471123627,4
1,1471123642,1471123662,20
4,1471123663,1471123666,3
4,1471123666,1471123671,5
4,1471123671,1471123685,14
1,1471123681,1471123684,3
4,1471123685,1471123687,2
10,1471123686,1471123687,1
4,1471123687,1471123693,6
10,1471123688,1471123689,1
4,1471123694,1471123698,4
1,1471123701,1471123702,1
1,1471123707,1471123712,5
1,1471123737,1471123766,29
4,1471123757,1471123760,3
4,1471123767,1471123776,9
1,1471123769,1471123771,2
1,1471123775,1471123783,8
4,1471123798,1471123856,58
1,1471123802,1471123867,65
4,1471123856,1471123897,41
1,1471123876,1471123877,1
1,1471123881,1471123888,7
1,1471123898,1471123911,13
4,1471123913,1471123917,4
4,1471123920,1471123923,3
1,1471123924,1471123928,4
4,1471123930,1471123936,6
1,1471123933,1471123935,2
4,1471123936,1471123939,3
10,1471123937,1471123938,1
4,1471123939,1471123952,13
1,1471123941,1471123985,44
4,1471123961,1471123964,3
4,1471123990,1471123996,6
1,1471123992,1471123994,2
1,1471123998,1471124006,8
1,1471124009,1471124016,7
1,1471124019,1471124046,27
4,1471124040,1471124053,13
4,1471124053,1471124085,32
1,1471124056,1471124060,4
1,1471124078,1471124084,6
4,1471124087,1471124142,55
1,1471124092,1471124099,7
1,1471124127,1471124141,14
4,1471124145,1471124152,7
1,1471124146,1471124205,59
4,1471124156,1471124160,4
4,1471124181,1471124184,3
4,1471124188,1471124191,3
1,1471124210,1471124220,10
1,1471124227,1471124243,16
1,1471124247,1471124256,9
4,1471124248,1471124261,13
1,1471124260,1471124261,1
4,1471124261,1471124276,15
1,1471124265,1471124268,3
1,1471124271,1471124282,11
4,1471124276,1471124291,15
1,1471124285,1471124289,4
4,1471124291,1471124309,18
1,1471124292,1471124297,5
1,1471124303,1471124306,3
4,1471124309,1471124317,8
1,1471124309,1471124314,5
1,1471124317,1471124328,11
4,1471124326,1471124334,8
10,1471124327,1471124328,1
1,1471124331,1471124336,5
4,1471124338,1471124384,46
1,1471124340,1471124352,12
1,1471124376,1471124381,5
1,1471124385,1471124393,8
4,1471124387,1471124391,4
4,1471124399,1471124444,45
1,1471124402,1471124408,6
1,1471124421,1471124447,26
4,1471124444,1471124460,16
1,1471124453,1471124455,2
1,1471124459,1471124460,1
4,1471124460,1471124463,3
4,1471124463,1471124465,2
4,1471124465,1471124468,3
4,1471124468,1471124470,2
4,1471124470,1471124472,2
4,1471124472,1471124489,17
1,1471124480,1471124483,3
1,1471124488,1471124493,5
4,1471124489,1471124494,5
1,1471124499,1471124505,6
1,1471124516,1471124518,2
1,1471124526,1471124530,4
4,1471124531,1471124535,4
10,1471124531,1471124533,2
4,1471124536,1471124544,8
10,1471124536,1471124537,1
10,1471124537,1471124538,1
4,1471124544,1471124556,12
1,1471124548,1471124562,14
4,1471124556,1471124559,3
4,1471124564,1471124567,3
1,1471124567,1471124576,9
4,1471124573,1471124577,4
4,1471124580,1471124598,18
1,1471124581,1471124587,6
1,1471124592,1471124608,16
4,1471124605,1471124609,4
1,1471124615,1471124620,5
4,1471124621,1471124639,18
1,1471124625,1471124629,4
1,1471124633,1471124636,3
1,1471124639,1471124646,7
4,1471124639,1471124645,6
4,1471124648,1471124652,4
1,1471124649,1471124651,2
4,1471124655,1471124662,7
1,1471124657,1471124660,3
1,1471124669,1471124671,2
4,1471124677,1471124707,30
1,1471124682,1471124685,3
1,1471124689,1471124692,3
1,1471124697,1471124701,4
1,1471124705,1471124706,1
1,1471124710,1471124714,4
1,1471124718,1471124729,11
1,1471124734,1471124737,3
4,1471124741,1471124759,18
1,1471124741,1471124748,7
1,1471124752,1471124760,8
4,1471124759,1471124761,2
1,1471124765,1471124768,3
4,1471124771,1471124786,15
1,1471124773,1471124776,3
1,1471124779,1471124783,4
1,1471124786,1471124790,4
4,1471124793,1471124834,41
1,1471124795,1471124798,3
1,1471124803,1471124805,2
1,1471124809,1471124811,2
1,1471124815,1471124817,2
1,1471124823,1471124826,3
1,1471124831,1471124834,3
1,1471124840,1471124852,12
4,1471124846,1471124865,19
1,1471124855,1471124857,2
10,1471124857,1471124858,1
1,1471124860,1471124875,15
4,1471124869,1471124876,7
10,1471124873,1471124874,1
4,1471124876,1471124879,3
1,1471124880,1471124884,4
10,1471124885,1471124888,3
4,1471124888,1471124894,6
1,1471124896,1471124900,4
1,1471124905,1471124907,2
1,1471124911,1471124915,4
4,1471124911,1471124941,30
1,1471124921,1471124924,3
1,1471124927,1471124931,4
4,1471124941,1471124968,27
1,1471124943,1471124946,3
1,1471124954,1471124957,3
1,1471124960,1471124964,4
4,1471124968,1471125013,45
1,1471124970,1471124981,11
1,1471125003,1471125011,8
4,1471125013,1471125017,4
10,1471125019,1471125020,1
1,1471125025,1471125029,4
1,1471125035,1471125037,2
1,1471125045,1471125046,1
1,1471125092,1471125095,3
4,1471125097,1471125099,2
1,1471125107,1471125110,3
1,1471125128,1471125145,17
14,1471125134,1471125167,33
1,1471125177,1471125196,19
14,1471125183,1471125189,6
14,1471125196,1471125200,4
1,1471125210,1471125216,6
14,1471125214,1471125362,148
1,1471125362,1471125370,8
14,1471125368,1471125397,29
1,1471125375,1471125379,4
1,1471125399,1471125403,4
14,1471125403,1471125462,59
1,1471125465,1471125472,7
1,1471125750,1471125780,30
1,1471125790,1471125799,9
1,1471125806,1471125819,13
4,1471125829,1471125832,3
10,1471125831,1471125832,1
4,1471125832,1471125835,3
4,1471125835,1471125851,16
10,1471125838,1471125849,11
4,1471125851,1471125854,3
4,1471125854,1471125857,3
4,1471125868,1471125870,2
10,1471125870,1471125872,2
1,1471125871,1471125872,1
4,1471125873,1471125875,2
4,1471125875,1471125880,5
10,1471125877,1471125878,1
4,1471125881,1471125884,3
10,1471125882,1471125884,2
4,1471125885,1471125887,2
10,1471125886,1471125887,1
4,1471125887,1471125889,2
4,1471125890,1471125899,9
4,1471125900,1471125902,2
10,1471125900,1471125902,2
4,1471125904,1471125906,2
4,1471125906,1471125911,5
4,1471125911,1471125914,3
1,1471125916,1471125921,5
4,1471125922,1471125936,14
1,1471125928,1471125931,3
4,1471125936,1471125953,17
1,1471125939,1471125941,2
10,1471125944,1471125953,9
1,1471125946,1471125948,2
1,1471125952,1471125954,2
4,1471125953,1471125955,2
4,1471125956,1471125958,2
4,1471125959,1471125961,2
4,1471125961,1471125965,4
10,1471125964,1471125965,1
4,1471125966,1471125968,2
4,1471125968,1471125972,4
10,1471125970,1471125971,1
4,1471125972,1471125974,2
4,1471125974,1471125977,3
4,1471125977,1471125980,3
4,1471125980,1471125983,3
1,1471125985,1471125990,5
4,1471125991,1471125999,8
4,1471126005,1471126009,4
1,1471126006,1471126012,6
4,1471126009,1471126013,4
4,1471126013,1471126016,3
4,1471126016,1471126020,4
1,1471126018,1471126019,1
4,1471126020,1471126022,2
10,1471126021,1471126022,1
4,1471126022,1471126025,3
4,1471126025,1471126027,2
4,1471126027,1471126031,4
1,1471126029,1471126031,2
4,1471126031,1471126034,3
4,1471126034,1471126038,4
10,1471126036,1471126038,2
4,1471126038,1471126042,4
4,1471126042,1471126054,12
1,1471126044,1471126051,7
4,1471126055,1471126057,2
4,1471126057,1471126069,12
10,1471126058,1471126061,3
10,1471126061,1471126069,8
4,1471126069,1471126072,3
4,1471126073,1471126075,2
4,1471126075,1471126083,8
4,1471126083,1471126097,14
1,1471126089,1471126092,3
4,1471126100,1471126191,91
1,1471126185,1471126186,1
4,1471126191,1471126193,2
4,1471126193,1471126196,3
4,1471126198,1471126201,3
4,1471126201,1471126204,3
4,1471126204,1471126206,2
4,1471126207,1471126210,3
4,1471126213,1471126215,2
4,1471126217,1471126222,5
4,1471126227,1471126233,6
4,1471126233,1471126235,2
4,1471126236,1471126240,4
4,1471126241,1471126245,4
10,1471126241,1471126242,1
4,1471126246,1471126252,6
4,1471126252,1471126255,3
4,1471126256,1471126262,6
4,1471126265,1471126270,5
4,1471126271,1471126274,3
1,1471126285,1471126287,2
4,1471126288,1471126291,3
10,1471126288,1471126289,1
4,1471126293,1471126299,6
4,1471126299,1471126303,4
1,1471126306,1471126315,9
1,1471126352,1471126358,6
4,1471126359,1471126361,2
11,1471126361,1471126363,2
4,1471126363,1471126366,3
11,1471126363,1471126371,8
1,1471126364,1471126371,7
11,1471126371,1471126374,3
11,1471126375,1471126407,32
1,1471126378,1471126380,2
1,1471126385,1471126390,5
1,1471126396,1471126405,9
4,1471126405,1471126409,4
11,1471126407,1471126409,2
4,1471126409,1471126430,21
11,1471126409,1471126451,42
1,1471126427,1471126429,2
4,1471126430,1471126433,3
4,1471126434,1471126437,3
4,1471126438,1471126452,14
1,1471126440,1471126442,2
1,1471126446,1471126458,12
1,1471126464,1471126469,5
4,1471126469,1471126473,4
1,1471126493,1471126500,7
4,1471126498,1471126501,3
4,1471126501,1471126503,2
4,1471126504,1471126516,12
1,1471126514,1471126524,10
4,1471126516,1471127484,968
1,1471126535,1471126538,3
1,1471127477,1471127479,2
4,1471127485,1471127534,49
1,1471127493,1471127498,5
1,1471127539,1471127550,11
4,1471127606,1471127608,2
4,1471127608,1471132476,4868
1,1471127611,1471127614,3
1,1471127623,1471127626,3
1,1471127636,1471127637,1
1,1471132463,1471132475,12
4,1471132476,1471132500,24
10,1471132476,1471132500,24
4,1471132500,1471132502,2
4,1471132503,1471132510,7
10,1471132503,1471132510,7
4,1471132511,1471132513,2
4,1471132513,1471132515,2
10,1471132516,1471132520,4
4,1471132520,1471132522,2
4,1471132522,1471132524,2
10,1471132524,1471132526,2
4,1471132526,1471132530,4
4,1471132530,1471132547,17
10,1471132532,1471132547,15
4,1471132547,1471132552,5
10,1471132551,1471132552,1
4,1471132552,1471132554,2
4,1471132555,1471132557,2
10,1471132555,1471132557,2
4,1471132557,1471132559,2
10,1471132558,1471132559,1
4,1471132560,1471132845,285
1,1471132603,1471132605,2
1,1471132827,1471132828,1
1,1471132831,1471132833,2
10,1471132834,1471132840,6
1,1471132841,1471132844,3
4,1471132845,1471132854,9
10,1471132847,1471132848,1
1,1471132849,1471132853,4
4,1471132854,1471132857,3
4,1471132857,1471132860,3
4,1471132860,1471132862,2
10,1471132860,1471132862,2
4,1471132862,1471132866,4
4,1471132867,1471132869,2
4,1471132869,1471132872,3
4,1471132872,1471132875,3
4,1471132875,1471132878,3
4,1471132878,1471132881,3
4,1471132881,1471132884,3
4,1471132884,1471132890,6
1,1471132889,1471132896,7
4,1471132892,1471132896,4
10,1471132894,1471132896,2
4,1471132896,1471132898,2
4,1471132898,1471132904,6
10,1471132900,1471132904,4
4,1471132904,1471132907,3
4,1471132907,1471132911,4
10,1471132909,1471132911,2
4,1471132912,1471132917,5
4,1471132917,1471132920,3
4,1471132920,1471132922,2
4,1471132922,1471132928,6
4,1471132928,1471132931,3
4,1471132932,1471132945,13
1,1471132941,1471132944,3
10,1471132946,1471132948,2
4,1471132948,1471132950,2
4,1471132950,1471132954,4
10,1471132951,1471132954,3
4,1471132954,1471132963,9
4,1471132963,1471132987,24
1,1471132966,1471132993,27
4,1471132990,1471133006,16
1,1471132997,1471133002,5
4,1471133006,1471133013,7
1,1471133011,1471133016,5
4,1471133014,1471133017,3
4,1471133017,1471133021,4
10,1471133019,1471133020,1
4,1471133022,1471133025,3
1,1471133022,1471133030,8
4,1471133028,1471133032,4
4,1471133032,1471133034,2
4,1471133034,1471133036,2
4,1471133036,1471133040,4
10,1471133037,1471133040,3
4,1471133040,1471133042,2
4,1471133043,1471133067,24
10,1471133045,1471133067,22
4,1471133067,1471133070,3
4,1471133070,1471133073,3
4,1471133073,1471133077,4
10,1471133076,1471133077,1
4,1471133077,1471133079,2
4,1471133079,1471133085,6
10,1471133081,1471133085,4
4,1471133085,1471133087,2
4,1471133087,1471133089,2
4,1471133089,1471133091,2
4,1471133091,1471133093,2
4,1471133094,1471133097,3
10,1471133095,1471133097,2
4,1471133097,1471133100,3
4,1471133100,1471133103,3
10,1471133101,1471133103,2
4,1471133103,1471133106,3
4,1471133106,1471133109,3
10,1471133107,1471133109,2
4,1471133109,1471133111,2
10,1471133110,1471133111,1
4,1471133111,1471133115,4
4,1471133115,1471133117,2
4,1471133117,1471133119,2
4,1471133119,1471133122,3
4,1471133122,1471133125,3
4,1471133126,1471133142,16
4,1471133142,1471133160,18
1,1471133144,1471133149,5
5,1471133151,1471133152,1
1,1471133156,1471133159,3
4,1471133162,1471133182,20
1,1471133172,1471133187,15
4,1471133182,1471133187,5
4,1471133188,1471133190,2
4,1471133190,1471133194,4
4,1471133194,1471133197,3
1,1471133194,1471133208,14
4,1471133200,1471133209,9
4,1471133209,1471133212,3
4,1471133212,1471133214,2
10,1471133214,1471133216,2
4,1471133216,1471133218,2
4,1471133218,1471133225,7
10,1471133222,1471133225,3
4,1471133225,1471133228,3
4,1471133229,1471133232,3
10,1471133230,1471133232,2
4,1471133232,1471133234,2
4,1471133234,1471133242,8
10,1471133236,1471133242,6
4,1471133242,1471133245,3
10,1471133244,1471133245,1
4,1471133245,1471133252,7
10,1471133247,1471133252,5
4,1471133252,1471133256,4
10,1471133253,1471133256,3
4,1471133256,1471133262,6
10,1471133257,1471133262,5
4,1471133262,1471133265,3
4,1471133267,1471133270,3
10,1471133268,1471133270,2
4,1471133270,1471133274,4
10,1471133271,1471133274,3
4,1471133274,1471133278,4
10,1471133276,1471133278,2
4,1471133278,1471133281,3
10,1471133279,1471133281,2
4,1471133281,1471133286,5
10,1471133283,1471133286,3
4,1471133286,1471133288,2
4,1471133289,1471133291,2
10,1471133292,1471133294,2
4,1471133294,1471133296,2
10,1471133295,1471133296,1
4,1471133297,1471133302,5
10,1471133298,1471133302,4
4,1471133302,1471133305,3
4,1471133305,1471133309,4
10,1471133307,1471133309,2
4,1471133309,1471133311,2
10,1471133310,1471133311,1
4,1471133312,1471133315,3
10,1471133313,1471133315,2
4,1471133315,1471133318,3
4,1471133318,1471133321,3
10,1471133319,1471133321,2
4,1471133321,1471133323,2
10,1471133322,1471133323,1
4,1471133324,1471133327,3
10,1471133325,1471133327,2
4,1471133327,1471133329,2
10,1471133328,1471133329,1
4,1471133330,1471133333,3
10,1471133331,1471133333,2
4,1471133333,1471133336,3
10,1471133335,1471133336,1
4,1471133336,1471133340,4
10,1471133337,1471133339,2
4,1471133341,1471133345,4
10,1471133343,1471133345,2
4,1471133345,1471133348,3
4,1471133349,1471133366,17
10,1471133349,1471133363,14
4,1471133374,1471133386,12
1,1471133376,1471133391,15
4,1471133387,1471133393,6
4,1471133394,1471133398,4
4,1471133398,1471133401,3
1,1471133399,1471133401,2
4,1471133401,1471133403,2
4,1471133403,1471133406,3
4,1471133406,1471133409,3
10,1471133407,1471133409,2
4,1471133409,1471133411,2
4,1471133411,1471133431,20
10,1471133423,1471133428,5
4,1471133431,1471133434,3
10,1471133431,1471133434,3
4,1471133434,1471133438,4
4,1471133438,1471133442,4
10,1471133440,1471133442,2
4,1471133442,1471133444,2
10,1471133443,1471133444,1
4,1471133444,1471133446,2
4,1471133446,1471133450,4
10,1471133447,1471133448,1
4,1471133450,1471133454,4
10,1471133453,1471133454,1
4,1471133454,1471133456,2
4,1471133457,1471133460,3
10,1471133458,1471133460,2
4,1471133460,1471133467,7
4,1471133467,1471133471,4
4,1471133471,1471133498,27
10,1471133472,1471133498,26
4,1471133498,1471133500,2
4,1471133500,1471133504,4
10,1471133501,1471133502,1
4,1471133504,1471133511,7
1,1471133522,1471133530,8
4,1471133532,1471133539,7
1,1471133535,1471133536,1
4,1471133539,1471133543,4
10,1471133541,1471133543,2
4,1471133543,1471133547,4
10,1471133543,1471133547,4
4,1471133547,1471133550,3
4,1471133550,1471133557,7
10,1471133552,1471133557,5
4,1471133557,1471133571,14
10,1471133558,1471133563,5
1,1471133564,1471133568,4
10,1471133566,1471133571,5
4,1471133571,1471133574,3
10,1471133572,1471133574,2
4,1471133574,1471133600,26
10,1471133577,1471133579,2
1,1471133580,1471133598,18
4,1471133600,1471133603,3
4,1471133603,1471133605,2
4,1471133606,1471133611,5
10,1471133606,1471133611,5
4,1471133611,1471133613,2
4,1471133614,1471133618,4
10,1471133615,1471133618,3
4,1471133618,1471133622,4
4,1471133622,1471133624,2
4,1471133624,1471133628,4
10,1471133625,1471133628,3
4,1471133628,1471133631,3
4,1471133631,1471133634,3
10,1471133632,1471133634,2
4,1471133634,1471133639,5
10,1471133635,1471133639,4
4,1471133639,1471133641,2
4,1471133642,1471133644,2
4,1471133644,1471133646,2
4,1471133646,1471133648,2
4,1471133648,1471133652,4
10,1471133650,1471133652,2
4,1471133652,1471133654,2
4,1471133655,1471133658,3
4,1471133658,1471133660,2
10,1471133659,1471133660,1
4,1471133660,1471133663,3
4,1471133665,1471133667,2
10,1471133667,1471133669,2
4,1471133669,1471133674,5
10,1471133670,1471133674,4
4,1471133674,1471133676,2
4,1471133678,1471133684,6
4,1471133684,1471133706,22
10,1471133685,1471133700,15
4,1471133706,1471133717,11
1,1471133714,1471133715,1
10,1471133718,1471133720,2
4,1471133720,1471133753,33
1,1471133730,1471133745,15
4,1471133753,1471133755,2
4,1471133755,1471133774,19
1,1471133762,1471133840,78
10,1471133775,1471133776,1
4,1471133777,1471133784,7
4,1471133786,1471133789,3
4,1471133792,1471133796,4
4,1471133798,1471133811,13
4,1471133811,1471133836,25
4,1471133837,1471133840,3
4,1471133842,1471133846,4
4,1471133848,1471133865,17
1,1471133859,1471133864,5
1,1471133869,1471133884,15
4,1471133873,1471133881,8
4,1471133885,1471133887,2
4,1471133889,1471133891,2
1,1471133896,1471133928,32
4,1471133900,1471133906,6
4,1471133907,1471133914,7
4,1471133917,1471133937,20
1,1471133935,1471133940,5
4,1471133938,1471133943,5
4,1471133944,1471133948,4
4,1471133948,1471133952,4
1,1471133950,1471133952,2
4,1471133952,1471133954,2
4,1471133955,1471133958,3
4,1471133958,1471133964,6
10,1471133960,1471133964,4
4,1471133964,1471133968,4
10,1471133966,1471133968,2
4,1471133968,1471133970,2
10,1471133971,1471133980,9
4,1471133980,1471133982,2
10,1471133981,1471133982,1
4,1471133982,1471133985,3
10,1471133985,1471134000,15
4,1471134000,1471134003,3
10,1471134001,1471134002,1
4,1471134003,1471134043,40
1,1471134010,1471134016,6
1,1471134020,1471134038,18
4,1471134043,1471134098,55
1,1471134043,1471134051,8
1,1471134058,1471134059,1
1,1471134070,1471134076,6
1,1471134080,1471134095,15
4,1471134098,1471134105,7
1,1471134098,1471134114,16
4,1471134105,1471134115,10
1,1471134118,1471134124,6
1,1471134127,1471134130,3
1,1471134139,1471134151,12
4,1471134152,1471134167,15
10,1471134153,1471134166,13
1,1471134171,1471134183,12
4,1471134177,1471134180,3
4,1471134180,1471134186,6
4,1471134186,1471134190,4
4,1471134190,1471134193,3
1,1471134191,1471134196,5
4,1471134197,1471134199,2
4,1471134200,1471134202,2
4,1471134202,1471134210,8
10,1471134204,1471134210,6
4,1471134210,1471134212,2
10,1471134211,1471134212,1
4,1471134212,1471134216,4
10,1471134216,1471134219,3
4,1471134219,1471134222,3
4,1471134222,1471134224,2
10,1471134223,1471134224,1
4,1471134224,1471134228,4
4,1471134228,1471134259,31
1,1471134234,1471134244,10
1,1471134249,1471134251,2
4,1471134260,1471134311,51
1,1471134260,1471134262,2
1,1471134268,1471134273,5
1,1471134278,1471134279,1
1,1471134282,1471134303,21
4,1471134311,1471134329,18
1,1471134312,1471134316,4
1,1471134321,1471134329,8
4,1471134333,1471134356,23
1,1471134333,1471134337,4
1,1471134341,1471134345,4
1,1471134350,1471134353,3
4,1471134356,1471134404,48
1,1471134358,1471134363,5
1,1471134367,1471134374,7
1,1471134379,1471134394,15
1,1471134397,1471134400,3
4,1471134404,1471134418,14
1,1471134404,1471134415,11
1,1471134419,1471134428,9
4,1471134429,1471134443,14
1,1471134432,1471134440,8
1,1471134446,1471134467,21
4,1471134447,1471134461,14
1,1471134471,1471134475,4
1,1471134478,1471134498,20
1,1471134501,1471134514,13
1,1471134518,1471134521,3
1,1471134527,1471134531,4
4,1471134528,1471134688,160
1,1471134553,1471134564,11
1,1471134683,1471134686,3
10,1471134689,1471134692,3
4,1471134693,1471134695,2
1,1471134693,1471134695,2
10,1471134696,1471134709,13
4,1471134710,1471134719,9
1,1471134712,1471134722,10
4,1471134719,1471134724,5
4,1471134724,1471134728,4
1,1471134728,1471134737,9
4,1471134729,1471134733,4
4,1471134734,1471134737,3
4,1471134737,1471134739,2
4,1471134741,1471134743,2
4,1471134743,1471134749,6
10,1471134746,1471134749,3
4,1471134749,1471134751,2
4,1471134752,1471134754,2
10,1471134752,1471134754,2
4,1471134754,1471134756,2
4,1471134757,1471134759,2
10,1471134758,1471134759,1
4,1471134759,1471134761,2
4,1471134761,1471134763,2
4,1471134763,1471134767,4
4,1471134767,1471134774,7
1,1471134771,1471134774,3
4,1471134774,1471134777,3
4,1471134777,1471134780,3
4,1471134781,1471134785,4
4,1471134787,1471134791,4
10,1471134788,1471134791,3
4,1471134791,1471134794,3
4,1471134794,1471134796,2
4,1471134797,1471134799,2
10,1471134800,1471134803,3
4,1471134805,1471134813,8
4,1471134813,1471134818,5
1,1471134816,1471134821,5
4,1471134818,1471134822,4
4,1471134822,1471134825,3
4,1471134825,1471134829,4
1,1471134826,1471134827,1
4,1471134832,1471134834,2
4,1471134834,1471134837,3
4,1471134837,1471134843,6
10,1471134839,1471134843,4
4,1471134843,1471134846,3
10,1471134845,1471134846,1
4,1471134847,1471134860,13
10,1471134849,1471134853,4
10,1471134854,1471134857,3
4,1471134860,1471134871,11
1,1471134865,1471134873,8
4,1471134871,1471134875,4
4,1471134875,1471134881,6
1,1471134880,1471134881,1
4,1471134882,1471134886,4
4,1471134886,1471134889,3
1,1471134886,1471134888,2
4,1471134893,1471134895,2
4,1471134896,1471134898,2
4,1471134898,1471134900,2
4,1471134900,1471134903,3
10,1471134901,1471134903,2
4,1471134903,1471134906,3
10,1471134905,1471134906,1
4,1471134906,1471134908,2
10,1471134909,1471134913,4
4,1471134913,1471134915,2
4,1471134915,1471134917,2
4,1471134917,1471134919,2
10,1471134918,1471134919,1
4,1471134919,1471134921,2
4,1471134923,1471134927,4
10,1471134924,1471134927,3
4,1471134927,1471134929,2
4,1471134930,1471134932,2
4,1471134932,1471134934,2
4,1471134934,1471134937,3
4,1471134938,1471134951,13
10,1471134939,1471134948,9
4,1471134952,1471134958,6
1,1471134955,1471134969,14
1,1471134973,1471134995,22
4,1471135003,1471135024,21
1,1471135004,1471135009,5
1,1471135019,1471135028,9
4,1471135024,1471135034,10
4,1471135034,1471135060,26
1,1471135035,1471135042,7
1,1471135045,1471135049,4
1,1471135053,1471135059,6
1,1471135063,1471135069,6
4,1471135069,1471135092,23
1,1471135073,1471135084,11
1,1471135087,1471135090,3
1,1471135094,1471135116,22
4,1471135119,1471135126,7
1,1471135120,1471135125,5
1,1471135129,1471135140,11
1,1471135149,1471135154,5
1,1471135227,1471135243,16
4,1471135244,1471135280,36
1,1471135262,1471135267,5
1,1471135276,1471135283,7
4,1471135280,1471135284,4
4,1471135284,1471135290,6
10,1471135286,1471135288,2
4,1471135290,1471135294,4
1,1471135291,1471135293,2
4,1471135297,1471135300,3
4,1471135301,1471135304,3
4,1471135304,1471135310,6
10,1471135305,1471135310,5
4,1471135310,1471135312,2
4,1471135313,1471135319,6
10,1471135314,1471135319,5
1,1471135321,1471135329,8
4,1471135326,1471135332,6
4,1471135332,1471135335,3
4,1471135335,1471135338,3
4,1471135338,1471135340,2
1,1471135339,1471135344,5
4,1471135340,1471135344,4
4,1471135344,1471135347,3
4,1471135347,1471135349,2
4,1471135349,1471135351,2
4,1471135351,1471135355,4
4,1471135355,1471135358,3
10,1471135356,1471135358,2
4,1471135358,1471135362,4
10,1471135360,1471135362,2
4,1471135362,1471135366,4
10,1471135367,1471135372,5
4,1471135372,1471135379,7
10,1471135374,1471135378,4
4,1471135379,1471135382,3
4,1471135382,1471135384,2
4,1471135385,1471135445,60
1,1471135422,1471135441,19
4,1471135445,1471135527,82
1,1471135446,1471135452,6
1,1471135456,1471135469,13
1,1471135473,1471135476,3
1,1471135480,1471135502,22
1,1471135506,1471135509,3
1,1471135512,1471135515,3
1,1471135524,1471135530,6
4,1471135527,1471135530,3
4,1471135530,1471135534,4
4,1471135534,1471135539,5
1,1471135534,1471135542,8
4,1471135542,1471135545,3
4,1471135545,1471135549,4
10,1471135548,1471135549,1
4,1471135549,1471135551,2
4,1471135551,1471135555,4
10,1471135552,1471135555,3
4,1471135555,1471135558,3
4,1471135558,1471135561,3
4,1471135561,1471135563,2
4,1471135564,1471135569,5
10,1471135565,1471135569,4
1,1471135573,1471135579,6
4,1471135576,1471135579,3
4,1471135580,1471135583,3
4,1471135583,1471135586,3
1,1471135584,1471135585,1
4,1471135586,1471135590,4
4,1471135590,1471135592,2
4,1471135592,1471135595,3
4,1471135595,1471135598,3
10,1471135599,1471135601,2
1,1471135602,1471135605,3
4,1471135606,1471135610,4
10,1471135608,1471135610,2
4,1471135610,1471135612,2
4,1471135613,1471135618,5
4,1471135618,1471135621,3
4,1471135621,1471135626,5
10,1471135623,1471135626,3
4,1471135626,1471135629,3
10,1471135628,1471135629,1
4,1471135629,1471135632,3
10,1471135635,1471135639,4
4,1471135639,1471135649,10
1,1471135646,1471135650,4
4,1471135650,1471135652,2
4,1471135652,1471135656,4
1,1471135654,1471135656,2
4,1471135656,1471135658,2
4,1471135661,1471135668,7
1,1471135663,1471135667,4
4,1471135668,1471135691,23
1,1471135672,1471135677,5
1,1471135680,1471135694,14
4,1471135691,1471135694,3
4,1471135695,1471135698,3
4,1471135699,1471135701,2
1,1471135699,1471135705,6
4,1471135701,1471135706,5
4,1471135706,1471135710,4
4,1471135710,1471135715,5
4,1471135715,1471135717,2
4,1471135717,1471135723,6
1,1471135719,1471135722,3
4,1471135723,1471135742,19
10,1471135725,1471135739,14
4,1471135743,1471135758,15
1,1471135746,1471135754,8
4,1471135758,1471135760,2
4,1471135760,1471135770,10
1,1471135763,1471135768,5
4,1471135770,1471135777,7
10,1471135771,1471135775,4
4,1471135777,1471135785,8
4,1471135785,1471135795,10
1,1471135788,1471135797,9
4,1471135795,1471135800,5
4,1471135800,1471135804,4
4,1471135804,1471135807,3
1,1471135804,1471135812,8
4,1471135807,1471135828,21
4,1471135828,1471135830,2
4,1471135830,1471135832,2
4,1471135832,1471135834,2
4,1471135834,1471135837,3
4,1471135837,1471135839,2
4,1471135839,1471135843,4
10,1471135841,1471135843,2
4,1471135843,1471135845,2
4,1471135845,1471135853,8
10,1471135847,1471135853,6
4,1471135853,1471135855,2
4,1471135855,1471135857,2
4,1471135858,1471135860,2
4,1471135861,1471135863,2
4,1471135863,1471135872,9
4,1471135872,1471135877,5
10,1471135878,1471135881,3
4,1471135881,1471135891,10
1,1471135884,1471135893,9
4,1471135891,1471135895,4
4,1471135895,1471135898,3
4,1471135898,1471135901,3
1,1471135899,1471135901,2
4,1471135901,1471135905,4
4,1471135905,1471135908,3
4,1471135908,1471135910,2
4,1471135910,1471135916,6
10,1471135912,1471135916,4
4,1471135916,1471135918,2
4,1471135918,1471135933,15
1,1471135930,1471135936,6
4,1471135933,1471135937,4
4,1471135937,1471135940,3
4,1471135940,1471135943,3
4,1471135944,1471135947,3
1,1471135945,1471135947,2
4,1471135947,1471135953,6
1,1471135950,1471135953,3
4,1471135953,1471135955,2
4,1471135957,1471135960,3
4,1471135960,1471135966,6
10,1471135962,1471135966,4
4,1471135966,1471135974,8
10,1471135968,1471135969,1
1,1471135971,1471135973,2
4,1471135974,1471135977,3
4,1471135977,1471135980,3
4,1471135980,1471135983,3
4,1471135983,1471135985,2
4,1471135986,1471135989,3
4,1471135989,1471135993,4
10,1471135991,1471135993,2
4,1471135993,1471135996,3
10,1471135994,1471135996,2
4,1471135996,1471136003,7
10,1471135998,1471136001,3
4,1471136010,1471136015,5
1,1471136012,1471136018,6
4,1471136015,1471136019,4
4,1471136019,1471136023,4
4,1471136023,1471136029,6
1,1471136024,1471136029,5
4,1471136029,1471136035,6
1,1471136032,1471136034,2
4,1471136035,1471136037,2
4,1471136037,1471136040,3
4,1471136040,1471136046,6
10,1471136043,1471136046,3
4,1471136046,1471136049,3
10,1471136047,1471136049,2
4,1471136049,1471136093,44
1,1471136087,1471136092,5
4,1471136093,1471136096,3
10,1471136095,1471136096,1
4,1471136098,1471136101,3
10,1471136100,1471136101,1
4,1471136102,1471136106,4
10,1471136104,1471136106,2
4,1471136107,1471136110,3
10,1471136109,1471136110,1
4,1471136111,1471136115,4
10,1471136114,1471136115,1
4,1471136117,1471136123,6
10,1471136120,1471136123,3
4,1471136124,1471136128,4
10,1471136126,1471136128,2
4,1471136129,1471136133,4
10,1471136131,1471136133,2
4,1471136134,1471136145,11
1,1471136141,1471136152,11
4,1471136150,1471136152,2
4,1471136153,1471136155,2
4,1471136155,1471136160,5
1,1471136157,1471136160,3
4,1471136160,1471136166,6
10,1471136162,1471136166,4
4,1471136166,1471136171,5
4,1471136171,1471136175,4
4,1471136175,1471136178,3
4,1471136178,1471136180,2
4,1471136180,1471136183,3
4,1471136183,1471136186,3
4,1471136186,1471136189,3
10,1471136187,1471136189,2
4,1471136189,1471136191,2
4,1471136191,1471136195,4
10,1471136193,1471136195,2
4,1471136196,1471136199,3
4,1471136200,1471136202,2
10,1471136202,1471136203,1
4,1471136203,1471136206,3
4,1471136206,1471136209,3
10,1471136207,1471136209,2
4,1471136209,1471136509,300
1,1471136226,1471136232,6
1,1471136242,1471136243,1
1,1471136274,1471136278,4
1,1471136364,1471136369,5
1,1471136383,1471136403,20
1,1471136422,1471136424,2
1,1471136432,1471136434,2
1,1471136439,1471136441,2
1,1471136454,1471136472,18
1,1471136476,1471136485,9
1,1471136493,1471136507,14
4,1471136510,1471136515,5
10,1471136511,1471136514,3
4,1471136516,1471186235,49719
1,1471136522,1471136532,10
1,1471136546,1471136551,5
1,1471136554,1471136560,6
1,1471136567,1471136570,3
1,1471136574,1471136583,9
1,1471144490,1471144498,8
1,1471186192,1471186204,12
1,1471186229,1471186233,4
4,1471186235,1471186238,3
4,1471186238,1471186240,2
4,1471186240,1471186244,4
4,1471186244,1471186246,2
4,1471186247,1471186266,19
10,1471186247,1471186266,19
1,1471186256,1471186268,12
4,1471186266,1471186270,4
4,1471186270,1471186272,2
4,1471186272,1471186284,12
10,1471186274,1471186284,10
4,1471186284,1471186287,3
4,1471186288,1471186291,3
10,1471186289,1471186291,2
4,1471186291,1471186312,21
10,1471186293,1471186299,6
1,1471186300,1471186309,9
10,1471186303,1471186313,10
4,1471186313,1471186316,3
4,1471186316,1471186321,5
10,1471186317,1471186321,4
4,1471186321,1471186323,2
10,1471186323,1471186324,1
4,1471186324,1471186326,2
4,1471186326,1471186340,14
1,1471186329,1471186340,11
4,1471186342,1471186353,11
10,1471186343,1471186350,7
1,1471186346,1471186352,6
4,1471186353,1471186356,3
4,1471186356,1471186358,2
4,1471186359,1471186364,5
1,1471186360,1471186363,3
4,1471186364,1471186368,4
10,1471186365,1471186366,1
4,1471186369,1471186371,2
4,1471186373,1471186379,6
10,1471186374,1471186379,5
4,1471186379,1471186382,3
4,1471186382,1471186386,4
10,1471186383,1471186386,3
4,1471186386,1471186388,2
4,1471186389,1471186394,5
10,1471186390,1471186394,4
4,1471186394,1471186396,2
4,1471186396,1471186401,5
10,1471186398,1471186401,3
4,1471186401,1471186403,2
4,1471186403,1471186408,5
10,1471186405,1471186408,3
4,1471186408,1471186411,3
4,1471186411,1471186415,4
10,1471186413,1471186415,2
4,1471186415,1471186417,2
4,1471186417,1471186430,13
10,1471186419,1471186430,11
4,1471186430,1471186432,2
4,1471186432,1471186435,3
4,1471186435,1471186445,10
4,1471186445,1471209285,22840
1,1471186451,1471186461,10
1,1471186551,1471186568,17
1,1471202756,1471202764,8
1,1471202787,1471202792,5
1,1471202819,1471202828,9
1,1471209254,1471209265,11
1,1471209273,1471209282,9
4,1471209285,1471209287,2
4,1471209287,1471209289,2
4,1471209289,1471209292,3
10,1471209290,1471209291,1
4,1471209292,1471209294,2
4,1471209298,1471209303,5
10,1471209298,1471209299,1
4,1471209303,1471209305,2
1,1471209307,1471209310,3
4,1471209307,1471209312,5
4,1471209312,1471209318,6
4,1471209318,1471209322,4
4,1471209322,1471209324,2
4,1471209324,1471209381,57
1,1471209339,1471209362,23
1,1471209371,1471209380,9
4,1471209381,1471209391,10
10,1471209383,1471209385,2
1,1471209387,1471209389,2
4,1471209391,1471209394,3
4,1471209395,1471209398,3
10,1471209396,1471209398,2
4,1471209398,1471209400,2
4,1471209400,1471209405,5
4,1471209405,1471209407,2
10,1471209405,1471209407,2
4,1471209407,1471209409,2
4,1471209410,1471209412,2
4,1471209412,1471209418,6
10,1471209416,1471209418,2
4,1471209418,1471209421,3
4,1471209421,1471209424,3
4,1471209424,1471209427,3
10,1471209425,1471209427,2
4,1471209427,1471209429,2
4,1471209429,1471209431,2
4,1471209431,1471209434,3
4,1471209434,1471209436,2
4,1471209436,1471209439,3
4,1471209439,1471209442,3
4,1471209442,1471209445,3
4,1471209445,1471209447,2
4,1471209447,1471209449,2
4,1471209450,1471209454,4
4,1471209454,1471209457,3
4,1471209457,1471209460,3
4,1471209460,1471209463,3
4,1471209463,1471209466,3
4,1471209466,1471209468,2
4,1471209468,1471209470,2
4,1471209470,1471209473,3
10,1471209473,1471209474,1
4,1471209477,1471209480,3
10,1471209478,1471209479,1
4,1471209482,1471209486,4
4,1471209486,1471209488,2
4,1471209488,1471209491,3
4,1471209491,1471209494,3
4,1471209495,1471209498,3
10,1471209495,1471209498,3
4,1471209498,1471209501,3
4,1471209502,1471209505,3
4,1471209507,1471209509,2
4,1471209510,1471209512,2
4,1471209512,1471209514,2
4,1471209515,1471209517,2
4,1471209517,1471209520,3
4,1471209520,1471209522,2
4,1471209523,1471209558,35
1,1471209527,1471209530,3
1,1471209555,1471209557,2
4,1471209558,1471209561,3
4,1471209562,1471209565,3
4,1471209567,1471209569,2
4,1471209569,1471209572,3
4,1471209572,1471209575,3
4,1471209576,1471209578,2
4,1471209578,1471209580,2
4,1471209581,1471209585,4
4,1471209589,1471209592,3
4,1471209592,1471209596,4
4,1471209597,1471209619,22
1,1471209605,1471209622,17
4,1471209619,1471209622,3
4,1471209623,1471209625,2
1,1471209641,1471209657,16
1,1471209678,1471209679,1
1,1471209713,1471209714,1
1,1471209898,1471209904,6
1,1471209910,1471209914,4
1,1471209920,1471209946,26
1,1471209949,1471209952,3
4,1471209953,1471209955,2
4,1471209955,1471209959,4
4,1471209962,1471209965,3
4,1471209965,1471209975,10
10,1471209967,1471209973,6
1,1471209982,1471209995,13
1,1471210013,1471210020,7
4,1471210021,1471210024,3
4,1471210025,1471210027,2
4,1471210027,1471210030,3
4,1471210030,1471210038,8
1,1471210036,1471210049,13
4,1471210038,1471210074,36
10,1471210040,1471210041,1
14,1471210047,1471210057,10
1,1471210058,1471210067,9
4,1471210074,1471210086,12
1,1471210078,1471210096,18
4,1471210086,1471210096,10
1,1471210099,1471210121,22
4,1471210115,1471210122,7
1,1471210130,1471210140,10
4,1471210146,1471210154,8
1,1471210150,1471210170,20
4,1471210166,1471210171,5
4,1471210176,1471210178,2
4,1471210181,1471210183,2
4,1471210183,1471210233,50
1,1471210191,1471210227,36
1,1471210231,1471210234,3
4,1471210233,1471210235,2
4,1471210236,1471210239,3
4,1471210239,1471210256,17
1,1471210241,1471210258,17
4,1471210256,1471210258,2
4,1471210259,1471210263,4
10,1471210261,1471210263,2
4,1471210263,1471210342,79
1,1471210265,1471210345,80
4,1471210342,1471210346,4
4,1471210347,1471210362,15
1,1471210364,1471210367,3
4,1471210368,1471210375,7
10,1471210371,1471210374,3
1,1471210373,1471210398,25
4,1471210375,1471210386,11
10,1471210379,1471210381,2
10,1471210397,1471210406,9
4,1471210406,1471210409,3
4,1471210409,1471210412,3
4,1471210414,1471210417,3
4,1471210417,1471210427,10
10,1471210419,1471210422,3
1,1471210424,1471210429,5
4,1471210427,1471210430,3
4,1471210430,1471210436,6
4,1471210436,1471210439,3
4,1471210439,1471210442,3
4,1471210442,1471210445,3
4,1471210445,1471210451,6
1,1471210448,1471210449,1
1,1471210454,1471210456,2
4,1471210456,1471210459,3
4,1471210459,1471210464,5
10,1471210460,1471210461,1
1,1471210462,1471210463,1
4,1471210464,1471210471,7
10,1471210467,1471210471,4
4,1471210471,1471210476,5
4,1471210476,1471210478,2
4,1471210478,1471210483,5
10,1471210481,1471210483,2
4,1471210483,1471210485,2
4,1471210485,1471210489,4
4,1471210490,1471210493,3
4,1471210493,1471210497,4
4,1471210497,1471210501,4
4,1471210502,1471210504,2
4,1471210505,1471210518,13
4,1471210520,1471210526,6
10,1471210524,1471210526,2
4,1471210526,1471210529,3
4,1471210529,1471210533,4
4,1471210533,1471210537,4
4,1471210537,1471210540,3
4,1471210546,1471210554,8
1,1471210550,1471210553,3
4,1471210556,1471210561,5
10,1471210560,1471210561,1
4,1471210561,1471210563,2
4,1471210563,1471210582,19
10,1471210564,1471210573,9
1,1471210571,1471210574,3
1,1471210577,1471210578,1
10,1471210580,1471210582,2
4,1471210582,1471210586,4
4,1471210586,1471210588,2
4,1471210588,1471210590,2
10,1471210591,1471210593,2
4,1471210593,1471210598,5
4,1471210598,1471210601,3
4,1471210602,1471210604,2
10,1471210605,1471210606,1
4,1471210606,1471210609,3
4,1471210609,1471210616,7
1,1471210622,1471210624,2
4,1471210625,1471210628,3
4,1471210629,1471210631,2
4,1471210631,1471210634,3
4,1471210634,1471210638,4
4,1471210638,1471210640,2
4,1471210641,1471210643,2
4,1471210643,1471210647,4
4,1471210647,1471210653,6
10,1471210652,1471210653,1
4,1471210653,1471210655,2
4,1471210656,1471210658,2
4,1471210659,1471210663,4
4,1471210663,1471210669,6
10,1471210668,1471210669,1
4,1471210669,1471210671,2
4,1471210671,1471210676,5
10,1471210674,1471210676,2
4,1471210676,1471210679,3
4,1471210679,1471210683,4
4,1471210683,1471210685,2
4,1471210685,1471210688,3
10,1471210687,1471210688,1
4,1471210688,1471210691,3
4,1471210691,1471210695,4
4,1471210695,1471210697,2
4,1471210697,1471210700,3
4,1471210700,1471210703,3
4,1471210703,1471210705,2
4,1471210705,1471210710,5
4,1471210711,1471210714,3
4,1471210714,1471210716,2
4,1471210718,1471210721,3
10,1471210719,1471210721,2
4,1471210721,1471210723,2
4,1471210724,1471210726,2
10,1471210727,1471210730,3
4,1471210730,1471210733,3
4,1471210733,1471210735,2
4,1471210735,1471210738,3
4,1471210738,1471210753,15
10,1471210740,1471210753,13
4,1471210753,1471210755,2
4,1471210755,1471210759,4
10,1471210757,1471210759,2
4,1471210759,1471210762,3
4,1471210762,1471210764,2
4,1471210764,1471210767,3
4,1471210767,1471210769,2
4,1471210770,1471210772,2
4,1471210774,1471210779,5
10,1471210777,1471210779,2
4,1471210779,1471210782,3
10,1471210780,1471210782,2
4,1471210782,1471210784,2
4,1471210785,1471210788,3
4,1471210788,1471210795,7
4,1471210795,1471210802,7
1,1471210798,1471210801,3
4,1471210802,1471210805,3
4,1471210805,1471210807,2
4,1471210807,1471210809,2
1,1471210823,1471210826,3
4,1471210826,1471210830,4
4,1471210830,1471210832,2
4,1471210832,1471210835,3
4,1471210835,1471210840,5
4,1471210840,1471210843,3
4,1471210843,1471210854,11
10,1471210845,1471210854,9
4,1471210854,1471210856,2
4,1471210856,1471210859,3
4,1471210859,1471210861,2
10,1471210860,1471210861,1
4,1471210861,1471210863,2
4,1471210867,1471210870,3
4,1471210872,1471210876,4
4,1471210876,1471210878,2
4,1471210878,1471210882,4
10,1471210880,1471210882,2
4,1471210882,1471210884,2
4,1471210885,1471210892,7
10,1471210886,1471210892,6
4,1471210892,1471210898,6
1,1471210895,1471210898,3
4,1471210899,1471210904,5
10,1471210903,1471210904,1
4,1471210904,1471210907,3
4,1471210907,1471210909,2
4,1471210910,1471210912,2
4,1471210912,1471210914,2
4,1471210915,1471210920,5
4,1471210920,1471210923,3
4,1471210923,1471210931,8
4,1471210931,1471210935,4
4,1471210935,1471210937,2
4,1471210937,1471210940,3
10,1471210939,1471210940,1
4,1471210940,1471210945,5
10,1471210943,1471210945,2
4,1471210945,1471210948,3
10,1471210947,1471210948,1
4,1471210948,1471210951,3
4,1471210953,1471210955,2
4,1471210955,1471210957,2
4,1471210964,1471210967,3
4,1471210967,1471210970,3
4,1471210970,1471210974,4
4,1471210974,1471210977,3
4,1471210977,1471210980,3
4,1471210982,1471210992,10
4,1471210992,1471210995,3
4,1471210995,1471211000,5
10,1471210997,1471211000,3
4,1471211000,1471211004,4
4,1471211007,1471211012,5
4,1471211012,1471211015,3
4,1471211015,1471211017,2
4,1471211017,1471211020,3
4,1471211020,1471211023,3
4,1471211023,1471211026,3
4,1471211026,1471211029,3
10,1471211028,1471211029,1
4,1471211029,1471211032,3
4,1471211032,1471211035,3
4,1471211035,1471211038,3
4,1471211038,1471211040,2
4,1471211042,1471211050,8
10,1471211045,1471211050,5
4,1471211050,1471211052,2
4,1471211052,1471211054,2
4,1471211054,1471211057,3
4,1471211057,1471211059,2
4,1471211062,1471211071,9
4,1471211071,1471211078,7
1,1471211074,1471211077,3
4,1471211078,1471211082,4
10,1471211080,1471211082,2
4,1471211082,1471211084,2
4,1471211084,1471211086,2
4,1471211087,1471211089,2
4,1471211089,1471211092,3
4,1471211092,1471211095,3
4,1471211097,1471211099,2
4,1471211101,1471211104,3
4,1471211104,1471211108,4
10,1471211107,1471211108,1
4,1471211109,1471211112,3
4,1471211113,1471211116,3
4,1471211116,1471211119,3
10,1471211118,1471211119,1
4,1471211119,1471211124,5
4,1471211124,1471211126,2
4,1471211126,1471211129,3
4,1471211129,1471211134,5
4,1471211138,1471211141,3
4,1471211141,1471211146,5
10,1471211144,1471211146,2
4,1471211146,1471211149,3
4,1471211149,1471211152,3
10,1471211151,1471211152,1
4,1471211152,1471211154,2
4,1471211154,1471211157,3
4,1471211158,1471211160,2
4,1471211160,1471211163,3
10,1471211162,1471211163,1
4,1471211163,1471211165,2
4,1471211166,1471211170,4
10,1471211167,1471211169,2
4,1471211170,1471211173,3
10,1471211172,1471211173,1
4,1471211173,1471211175,2
4,1471211175,1471211178,3
4,1471211179,1471211182,3
4,1471211183,1471211185,2
4,1471211187,1471211190,3
4,1471211190,1471211192,2
4,1471211192,1471211194,2
4,1471211195,1471211200,5
10,1471211199,1471211200,1
4,1471211200,1471211202,2
4,1471211202,1471211206,4
4,1471211206,1471211208,2
4,1471211208,1471211210,2
4,1471211213,1471211217,4
10,1471211216,1471211217,1
4,1471211217,1471211219,2
4,1471211219,1471211224,5
10,1471211222,1471211224,2
4,1471211224,1471211226,2
4,1471211226,1471211229,3
10,1471211228,1471211229,1
4,1471211233,1471211238,5
10,1471211236,1471211238,2
4,1471211238,1471211240,2
4,1471211241,1471211244,3
4,1471211246,1471211249,3
4,1471211249,1471211252,3
4,1471211252,1471211256,4
4,1471211256,1471211258,2
4,1471211259,1471211261,2
4,1471211261,1471211265,4
4,1471211265,1471211267,2
4,1471211267,1471211270,3
4,1471211270,1471211272,2
4,1471211280,1471211291,11
1,1471211284,1471211290,6
4,1471211291,1471211297,6
10,1471211294,1471211297,3
4,1471211297,1471211299,2
4,1471211299,1471211302,3
4,1471211302,1471211305,3
4,1471211305,1471211308,3
4,1471211309,1471211315,6
4,1471211316,1471211318,2
10,1471211317,1471211318,1
4,1471211318,1471211321,3
4,1471211321,1471211328,7
4,1471211330,1471211334,4
10,1471211333,1471211334,1
4,1471211334,1471211337,3
4,1471211337,1471211339,2
4,1471211340,1471211344,4
4,1471211344,1471211346,2
10,1471211345,1471211346,1
4,1471211346,1471211351,5
4,1471211351,1471211355,4
10,1471211353,1471211354,1
4,1471211355,1471211357,2
10,1471211356,1471211357,1
4,1471211357,1471211360,3
4,1471211360,1471211362,2
4,1471211362,1471211364,2
4,1471211364,1471211366,2
4,1471211369,1471211372,3
4,1471211372,1471211374,2
4,1471211374,1471211377,3
4,1471211377,1471211379,2
4,1471211379,1471211382,3
4,1471211382,1471211387,5
4,1471211387,1471211390,3
4,1471211390,1471211392,2
4,1471211393,1471211396,3
4,1471211396,1471211400,4
10,1471211399,1471211400,1
4,1471211404,1471211406,2
4,1471211406,1471211413,7
4,1471211413,1471211417,4
4,1471211417,1471211421,4
4,1471211421,1471211424,3
4,1471211424,1471211427,3
10,1471211426,1471211427,1
4,1471211427,1471211430,3
4,1471211430,1471211433,3
4,1471211433,1471211437,4
4,1471211437,1471211439,2
4,1471211439,1471211448,9
1,1471211446,1471211457,11
4,1471211448,1471211453,5
4,1471211453,1471211458,5
4,1471211458,1471211463,5
4,1471211463,1471211467,4
4,1471211467,1471211471,4
1,1471211470,1471211475,5
4,1471211472,1471211475,3
10,1471211473,1471211474,1
4,1471211476,1471211479,3
4,1471211479,1471211482,3
1,1471211480,1471211486,6
4,1471211482,1471211486,4
10,1471211484,1471211485,1
4,1471211486,1471211489,3
4,1471211490,1471211493,3
4,1471211493,1471211497,4
10,1471211496,1471211497,1
4,1471211497,1471211499,2
4,1471211500,1471211502,2
4,1471211502,1471211505,3
4,1471211505,1471211508,3
10,1471211506,1471211508,2
4,1471211508,1471211510,2
4,1471211510,1471211513,3
10,1471211512,1471211513,1
4,1471211513,1471211515,2
4,1471211515,1471211519,4
1,1471211533,1471211538,5
4,1471211533,1471211538,5
4,1471211538,1471211540,2
4,1471211541,1471211543,2
4,1471211543,1471211545,2
4,1471211547,1471211549,2
4,1471211550,1471211557,7
1,1471211560,1471211571,11
14,1471211567,1471211576,9
1,1471211576,1471211621,45
4,1471211618,1471211622,4
4,1471211622,1471211625,3
4,1471211625,1471211627,2
4,1471211627,1471211629,2
4,1471211630,1471211642,12
10,1471211632,1471211637,5
1,1471211637,1471211640,3
4,1471211642,1471211644,2
4,1471211645,1471211656,11
10,1471211646,1471211656,10
4,1471211657,1471211681,24
10,1471211657,1471211658,1
1,1471211658,1471211661,3
5,1471211661,1471211672,11
1,1471211667,1471211680,13
10,1471211678,1471211681,3
4,1471211682,1471211684,2
10,1471211683,1471211684,1
4,1471211684,1471211691,7
1,1471211688,1471211690,2
4,1471211702,1471211704,2
4,1471211705,1471211708,3
4,1471211715,1471211755,40
1,1471211721,1471211728,7
14,1471211726,1471211752,26
1,1471211752,1471211761,9
4,1471211755,1471211757,2
4,1471211761,1471211764,3
4,1471211764,1471211767,3
4,1471211767,1471211772,5
4,1471211772,1471211775,3
1,1471211773,1471211774,1
4,1471211776,1471211778,2
4,1471211778,1471211780,2
4,1471211781,1471211786,5
1,1471211783,1471211786,3
4,1471211786,1471220780,8994
1,1471211818,1471211825,7
14,1471211825,1471211844,19
1,1471211849,1471211855,6
1,1471211858,1471211867,9
1,1471211871,1471211882,11
1,1471211890,1471211891,1
1,1471220734,1471220765,31
5,1471220765,1471220773,8
1,1471220774,1471220791,17
5,1471220791,1471220796,5
1,1471220797,1471220814,17
4,1471220798,1471220865,67
1,1471220817,1471220854,37
1,1471220857,1471220874,17
4,1471220876,1471220882,6
4,1471220883,1471220888,5
1,1471220885,1471220893,8
1,1471220896,1471220908,12
4,1471220909,1471220912,3
4,1471220912,1471220928,16
10,1471220913,1471220928,15
1,1471220914,1471220925,11
4,1471220928,1471221001,73
1,1471220929,1471220949,20
1,1471220953,1471220992,39
1,1471220995,1471220998,3
1,1471221002,1471221016,14
4,1471221009,1471221013,4
1,1471221020,1471221023,3
4,1471221024,1471221033,9
1,1471221033,1471221039,6
1,1471221043,1471221073,30
1,1471221079,1471221084,5
4,1471221088,1471221126,38
1,1471221090,1471221099,9
1,1471221114,1471221123,9
4,1471221126,1471221142,16
1,1471221126,1471221139,13
4,1471221142,1471221184,42
1,1471221165,1471221168,3
1,1471221173,1471221175,2
1,1471221182,1471221184,2
1,1471221190,1471221211,21
14,1471221210,1471221223,13
1,1471221225,1471221236,11
14,1471221229,1471221233,4
1,1471221241,1471221259,18
1,1471221322,1471221339,17
4,1471221340,1471221342,2
4,1471221342,1471221344,2
4,1471221345,1471221349,4
4,1471221349,1471221352,3
4,1471221352,1471221354,2
4,1471221356,1471221360,4
4,1471221361,1471221363,2
4,1471221364,1471221372,8
1,1471221365,1471221373,8
4,1471221385,1471221398,13
1,1471221394,1471221397,3
4,1471221399,1471221404,5
1,1471221401,1471221403,2
4,1471221404,1471221406,2
4,1471221406,1471221408,2
4,1471221408,1471221410,2
4,1471221410,1471221413,3
4,1471221414,1471221416,2
4,1471221416,1471221418,2
4,1471221419,1471221422,3
4,1471221422,1471221491,69
1,1471221426,1471221432,6
1,1471221441,1471221442,1
1,1471221459,1471221484,25
1,1471221487,1471221503,16
4,1471221491,1471221496,5
4,1471221496,1471221499,3
4,1471221500,1471221510,10
4,1471221510,1471221516,6
1,1471221513,1471221515,2
4,1471221516,1471221518,2
4,1471221518,1471221520,2
4,1471221521,1471221523,2
4,1471221523,1471221531,8
1,1471221526,1471221544,18
4,1471221531,1471221534,3
4,1471221537,1471221539,2
4,1471221541,1471221544,3
4,1471221545,1471221547,2
1,1471221548,1471221550,2
4,1471221551,1471221554,3
4,1471221554,1471221559,5
1,1471221556,1471221581,25
4,1471221559,1471221562,3
4,1471221563,1471221699,136
10,1471221563,1471221564,1
1,1471221587,1471221590,3
1,1471221620,1471221643,23
1,1471221656,1471221674,18
4,1471221699,1471221704,5
1,1471221701,1471221712,11
4,1471221705,1471221716,11
4,1471221717,1471221719,2
4,1471221720,1471221726,6
10,1471221720,1471221722,2
1,1471221721,1471221727,6
4,1471221728,1471221730,2
4,1471221730,1471221734,4
4,1471221735,1471221737,2
4,1471221738,1471221741,3
4,1471221741,1471221743,2
4,1471221743,1471221746,3
4,1471221746,1471221748,2
4,1471221749,1471221751,2
4,1471221751,1471221756,5
4,1471221756,1471221762,6
1,1471221762,1471221764,2
4,1471221764,1471221770,6
1,1471221767,1471221773,6
4,1471221771,1471221774,3
4,1471221774,1471221778,4
1,1471221778,1471221788,10
4,1471221778,1471221780,2
4,1471221781,1471221784,3
4,1471221789,1471221791,2
4,1471221791,1471221794,3
4,1471221794,1471221797,3
4,1471221797,1471221799,2
4,1471221800,1471221802,2
4,1471221802,1471221815,13
1,1471221810,1471221826,16
4,1471221815,1471221828,13
4,1471221828,1471221853,25
1,1471221829,1471221840,11
4,1471221853,1471221867,14
1,1471221859,1471221860,1
4,1471221872,1471222023,151
1,1471221905,1471221932,27
1,1471221958,1471221960,2
1,1471222003,1471222004,1
1,1471222021,1471222022,1
4,1471222024,1471222030,6
10,1471222025,1471222030,5
4,1471222030,1471222034,4
1,1471222030,1471222033,3
4,1471222034,1471222039,5
10,1471222037,1471222039,2
4,1471222039,1471222041,2
4,1471222042,1471222044,2
4,1471222044,1471222048,4
10,1471222044,1471222047,3
1,1471222046,1471222048,2
10,1471222048,1471222049,1
4,1471222050,1471222063,13
1,1471222058,1471222062,4
4,1471222063,1471222071,8
1,1471222068,1471222072,4
4,1471222071,1471222073,2
4,1471222073,1471222075,2
4,1471222076,1471222078,2
4,1471222078,1471222084,6
1,1471222080,1471222091,11
4,1471222088,1471222095,7
4,1471222095,1471222123,28
1,1471222120,1471222121,1
4,1471222123,1471222125,2
4,1471222126,1471222128,2
4,1471222128,1471222131,3
4,1471222132,1471222135,3
4,1471222135,1471222137,2
4,1471222137,1471222140,3
4,1471222140,1471222142,2
4,1471222143,1471222147,4
10,1471222143,1471222145,2
4,1471222147,1471222150,3
4,1471222150,1471222153,3
4,1471222153,1471222158,5
1,1471222156,1471222165,9
4,1471222158,1471222166,8
4,1471222166,1471222170,4
4,1471222172,1471222174,2
4,1471222174,1471222179,5
10,1471222175,1471222179,4
4,1471222179,1471222181,2
4,1471222184,1471222186,2
4,1471222186,1471222189,3
4,1471222190,1471222199,9
4,1471222200,1471222203,3
4,1471222204,1471222206,2
4,1471222208,1471222219,11
10,1471222210,1471222212,2
1,1471222214,1471222217,3
4,1471222219,1471222222,3
4,1471222223,1471222229,6
10,1471222226,1471222229,3
4,1471222234,1471222237,3
10,1471222235,1471222237,2
4,1471222238,1471222243,5
4,1471222248,1471222330,82
1,1471222252,1471222255,3
10,1471222256,1471222270,14
1,1471222262,1471222271,9
1,1471222328,1471222329,1
10,1471222332,1471222340,8
1,1471222334,1471222341,7
1,1471222346,1471222347,1
4,1471222348,1471222351,3
4,1471222359,1471222365,6
4,1471222365,1471222438,73
1,1471222368,1471222373,5
1,1471222377,1471222387,10
1,1471222395,1471222405,10
1,1471222409,1471222414,5
1,1471222423,1471222427,4
4,1471222438,1471222464,26
1,1471222440,1471222463,23
4,1471222465,1471222467,2
4,1471222468,1471222470,2
4,1471222470,1471222472,2
4,1471222472,1471222475,3
10,1471222474,1471222475,1
4,1471222475,1471222478,3
4,1471222478,1471222481,3
4,1471222481,1471222483,2
4,1471222484,1471222488,4
4,1471222488,1471222494,6
1,1471222491,1471222574,83
4,1471222502,1471222511,9
4,1471222511,1471222515,4
4,1471222520,1471222527,7
4,1471222538,1471222543,5
4,1471222543,1471222546,3
4,1471222546,1471222551,5
4,1471222551,1471222553,2
4,1471222554,1471222558,4
4,1471222558,1471222561,3
4,1471222561,1471222563,2
4,1471222563,1471222571,8
4,1471222571,1471222574,3
4,1471222578,1471222586,8
1,1471222579,1471222597,18
4,1471222589,1471222592,3
4,1471222592,1471222599,7
4,1471222599,1471222602,3
4,1471222602,1471222609,7
1,1471222603,1471222608,5
4,1471222609,1471222611,2
4,1471222611,1471222615,4
1,1471222612,1471222614,2
4,1471222616,1471222618,2
1,1471222619,1471222622,3
4,1471222622,1471222624,2
4,1471222625,1471222628,3
1,1471222626,1471222649,23
4,1471222628,1471222631,3
4,1471222631,1471222633,2
4,1471222634,1471222636,2
4,1471222636,1471222647,11
4,1471222647,1471222650,3
4,1471222650,1471222653,3
4,1471222653,1471222655,2
4,1471222655,1471222661,6
1,1471222657,1471222664,7
4,1471222661,1471222664,3
4,1471222664,1471222667,3
4,1471222667,1471222671,4
4,1471222671,1471222686,15
1,1471222679,1471222685,6
4,1471222686,1471222721,35
1,1471222693,1471222699,6
14,1471222696,1471222710,14
1,1471222712,1471222721,9
4,1471222722,1471222734,12
1,1471222727,1471222732,5
4,1471222734,1471222736,2
4,1471222736,1471222738,2
4,1471222738,1471222740,2
4,1471222741,1471222743,2
4,1471222743,1471222747,4
4,1471222747,1471222749,2
4,1471222750,1471222752,2
4,1471222752,1471222756,4
4,1471222756,1471222763,7
1,1471222757,1471222761,4
10,1471222757,1471222760,3
4,1471222763,1471222767,4
1,1471222765,1471222776,11
4,1471222773,1471222777,4
4,1471222777,1471222780,3
4,1471222780,1471222789,9
1,1471222783,1471222790,7
4,1471222793,1471222868,75
1,1471222798,1471222799,1
1,1471222814,1471222815,1
14,1471222815,1471222824,9
1,1471222828,1471222837,9
1,1471222857,1471222867,10
4,1471222873,1471222893,20
1,1471222875,1471222891,16
1,1471222897,1471222903,6
14,1471222903,1471222915,12
1,1471222907,1471222909,2
1,1471222916,1471222924,8
4,1471222924,1471223038,114
1,1471222933,1471222939,6
1,1471222942,1471222945,3
14,1471222945,1471222957,12
1,1471223021,1471223047,26
4,1471223048,1471223050,2
4,1471223050,1471223053,3
4,1471223053,1471223059,6
1,1471223055,1471223068,13
4,1471223061,1471223065,4
4,1471223066,1471223069,3
4,1471223069,1471223077,8
1,1471223072,1471223083,11
4,1471223077,1471223080,3
4,1471223080,1471223083,3
4,1471223083,1471223085,2
4,1471223087,1471223089,2
4,1471223089,1471223091,2
4,1471223091,1471223093,2
4,1471223094,1471223096,2
4,1471223096,1471223099,3
4,1471223099,1471223105,6
1,1471223103,1471223104,1
4,1471223105,1471223110,5
4,1471223111,1471223113,2
4,1471223114,1471223116,2
4,1471223116,1471223119,3
4,1471223120,1471223154,34
1,1471223126,1471223136,10
14,1471223130,1471223141,11
1,1471223143,1471223153,10
4,1471223155,1471223157,2
4,1471223157,1471223160,3
4,1471223160,1471223163,3
4,1471223163,1471223165,2
4,1471223165,1471223169,4
10,1471223166,1471223168,2
4,1471223169,1471223171,2
4,1471223171,1471223174,3
1,1471223172,1471223174,2
4,1471223176,1471223178,2
1,1471223180,1471223182,2
4,1471223182,1471223184,2
4,1471223185,1471223187,2
4,1471223187,1471223191,4
4,1471223192,1471223202,10
4,1471223203,1471223286,83
1,1471223209,1471223213,4
14,1471223213,1471223221,8
1,1471223267,1471223270,3
1,1471223273,1471223282,9
4,1471223286,1471223606,320
1,1471223286,1471223295,9
1,1471223300,1471223309,9
1,1471223406,1471223421,15
14,1471223418,1471223456,38
1,1471223577,1471223590,13
1,1471223598,1471223599,1
1,1471223603,1471223616,13
4,1471223606,1471223714,108
14,1471223616,1471223625,9
1,1471223631,1471223657,26
14,1471223657,1471223660,3
1,1471223661,1471223677,16
1,1471223682,1471223701,19
14,1471223689,1471223692,3
1,1471223705,1471223710,5
14,1471223710,1471223737,27
11,1471223713,1471223720,7
1,1471223714,1471223724,10
4,1471223715,1471223717,2
4,1471223717,1471223720,3
11,1471223720,1471223737,17
4,1471223721,1471223738,17
1,1471223731,1471223746,15
1,1471223751,1471223759,8
1,1471223762,1471223777,15
14,1471223765,1471223768,3
4,1471223778,1471223783,5
10,1471223779,1471223781,2
4,1471223783,1471223786,3
4,1471223786,1471223790,4
4,1471223790,1471223793,3
4,1471223793,1471223795,2
4,1471223796,1471223800,4
4,1471223800,1471223837,37
1,1471223805,1471223810,5
14,1471223810,1471223818,8
1,1471223832,1471223863,31
4,1471223838,1471223847,9
4,1471223847,1471223849,2
4,1471223850,1471223859,9
4,1471223860,1471223862,2
4,1471223862,1471223870,8
1,1471223868,1471223870,2
1,1471223873,1471223879,6
14,1471223879,1471223911,32
1,1471223911,1471223920,9
4,1471223921,1471223923,2
4,1471223923,1471223925,2
4,1471223926,1471223928,2
4,1471223928,1471223965,37
1,1471223935,1471223941,6
14,1471223940,1471223948,8
1,1471223949,1471223965,16
4,1471223965,1471223995,30
1,1471223970,1471223975,5
14,1471223974,1471223983,9
1,1471223983,1471223994,11
4,1471223995,1471223998,3
4,1471223998,1471224041,43
1,1471224001,1471224005,4
14,1471224005,1471224015,10
1,1471224015,1471224050,35
4,1471224041,1471224045,4
4,1471224045,1471224048,3
4,1471224048,1471224051,3
4,1471224051,1471224062,11
1,1471224055,1471224070,15
4,1471224062,1471224066,4
4,1471224066,1471224101,35
1,1471224075,1471224081,6
14,1471224081,1471224090,9
1,1471224091,1471224100,9
4,1471224101,1471224130,29
1,1471224106,1471224111,5
14,1471224111,1471224120,9
1,1471224121,1471224132,11
4,1471224130,1471224133,3
4,1471224134,1471224193,59
1,1471224137,1471224152,15
1,1471224156,1471224158,2
1,1471224162,1471224186,24
1,1471224189,1471224204,15
4,1471224193,1471224236,43
14,1471224204,1471224216,12
1,1471224207,1471224208,1
1,1471224218,1471224238,20
4,1471224236,1471224239,3
4,1471224239,1471224254,15
1,1471224244,1471224258,14
4,1471224254,1471224286,32
14,1471224258,1471224267,9
1,1471224268,1471224287,19
4,1471224286,1471224317,31
1,1471224291,1471224322,31
14,1471224298,1471224307,9
4,1471224317,1471224322,5
4,1471224322,1471224381,59
1,1471224326,1471224335,9
14,1471224333,1471224342,9
1,1471224343,1471224350,7
1,1471224353,1471224362,9
1,1471224371,1471224387,16
4,1471224381,1471224385,4
4,1471224385,1471224388,3
4,1471224388,1471224414,26
1,1471224394,1471224400,6
1,1471224405,1471224419,14
4,1471224414,1471224420,6
4,1471224420,1471224422,2
4,1471224422,1471224429,7
1,1471224425,1471224438,13
10,1471224426,1471224428,2
4,1471224429,1471224434,5
4,1471224434,1471224439,5
4,1471224439,1471224443,4
4,1471224444,1471224447,3
4,1471224447,1471224449,2
4,1471224450,1471224455,5
1,1471224451,1471224460,9
4,1471224455,1471224458,3
4,1471224461,1471224584,123
1,1471224467,1471224474,7
14,1471224474,1471224483,9
1,1471224485,1471224539,54
1,1471224557,1471224564,7
1,1471224567,1471224582,15
4,1471224584,1471224586,2
4,1471224586,1471224589,3
4,1471224589,1471224591,2
4,1471224592,1471224595,3
4,1471224596,1471224598,2
10,1471224599,1471224600,1
4,1471224600,1471224602,2
4,1471224602,1471224606,4
10,1471224604,1471224606,2
4,1471224607,1471224609,2
4,1471224609,1471224611,2
4,1471224611,1471224613,2
4,1471224614,1471224616,2
4,1471224616,1471224619,3
4,1471224619,1471224621,2
4,1471224621,1471224624,3
4,1471224624,1471224628,4
10,1471224628,1471224631,3
4,1471224631,1471224633,2
4,1471224634,1471224637,3
4,1471224637,1471224640,3
4,1471224640,1471224643,3
10,1471224642,1471224643,1
4,1471224643,1471224649,6
4,1471224650,1471224655,5
4,1471224656,1471224659,3
4,1471224659,1471224661,2
4,1471224663,1471224665,2
4,1471224669,1471224773,104
1,1471224672,1471224698,26
1,1471224703,1471224705,2
1,1471224711,1471224718,7
14,1471224718,1471224726,8
1,1471224739,1471224742,3
1,1471224762,1471224801,39
4,1471224790,1471224793,3
4,1471224795,1471224799,4
4,1471224800,1471224838,38
1,1471224807,1471224812,5
14,1471224812,1471224821,9
1,1471224824,1471224837,13
4,1471224838,1471224904,66
1,1471224845,1471224850,5
14,1471224850,1471224859,9
1,1471224861,1471224862,1
1,1471224867,1471224890,23
1,1471224898,1471224902,4
4,1471224904,1471224906,2
4,1471224907,1471224911,4
10,1471224909,1471224911,2
4,1471224911,1471224922,11
1,1471224914,1471224930,16
4,1471224922,1471224925,3
4,1471224925,1471224931,6
4,1471224931,1471224953,22
1,1471224934,1471224945,11
1,1471224949,1471224977,28
4,1471224953,1471224976,23
4,1471224976,1471224994,18
1,1471224982,1471224993,11
4,1471224995,1471225010,15
1,1471224996,1471225030,34
4,1471225010,1471225017,7
4,1471225017,1471225031,14
4,1471225032,1471225034,2
4,1471225034,1471225043,9
1,1471225035,1471225040,5
4,1471225043,1471225046,3
4,1471225046,1471225054,8
4,1471225054,1471225058,4
10,1471225057,1471225058,1
4,1471225058,1471225063,5
4,1471225063,1471225066,3
4,1471225066,1471225076,10
4,1471225076,1471225112,36
1,1471225079,1471225083,4
14,1471225083,1471225092,9
1,1471225106,1471225109,3
4,1471225113,1471225120,7
4,1471225120,1471225126,6
4,1471225126,1471225130,4
4,1471225131,1471225186,55
1,1471225141,1471225143,2
14,1471225143,1471225153,10
1,1471225162,1471225167,5
1,1471225171,1471225191,20
4,1471225186,1471225221,35
14,1471225191,1471225200,9
1,1471225208,1471225233,25
4,1471225223,1471225230,7
4,1471225230,1471225234,4
4,1471225234,1471225274,40
1,1471225239,1471225251,12
14,1471225246,1471225255,9
1,1471225255,1471225257,2
1,1471225261,1471225287,26
4,1471225274,1471225276,2
4,1471225276,1471227027,1751
14,1471225281,1471225290,9
1,1471225291,1471225298,7
14,1471225298,1471225326,28
1,1471225870,1471225890,20
14,1471225877,1471225884,7
14,1471225889,1471225894,5
1,1471225896,1471225899,3
14,1471225899,1471226069,170
1,1471225918,1471225939,21
1,1471226050,1471226079,29
14,1471226077,1471226119,42
1,1471226128,1471226145,17
14,1471226138,1471226202,64
1,1471226993,1471227026,33
4,1471227027,1471227045,18
1,1471227030,1471227057,27
4,1471227045,1471227056,11
4,1471227056,1471227430,374
1,1471227060,1471227078,18
14,1471227078,1471227154,76
1,1471227129,1471227136,7
1,1471227141,1471227143,2
1,1471227155,1471227163,8
1,1471227330,1471227338,8
1,1471227412,1471227428,16
4,1471227430,1471227432,2
1,1471227436,1471227437,1
1,1471227442,1471227447,5
1,1471227451,1471227455,4
1,1471227462,1471227465,3
1,1471227469,1471227473,4
4,1471227473,1471227476,3
4,1471227476,1471227478,2
4,1471227479,1471227555,76
1,1471227489,1471227492,3
1,1471227497,1471227503,6
1,1471227507,1471227513,6
1,1471227526,1471227536,10
4,1471227555,1471227557,2
4,1471227557,1471227566,9
1,1471227569,1471227574,5
1,1471227886,1471227897,11
4,1471227898,1471227901,3
4,1471227901,1471228060,159
1,1471227907,1471227914,7
1,1471227929,1471227930,1
4,1471228060,1471228062,2
1,1471228070,1471228071,1
1,1471228081,1471228086,5
1,1471228092,1471228094,2
4,1471228186,1471228188,2
4,1471228188,1471228410,222
1,1471228192,1471228205,13
1,1471228225,1471228231,6
1,1471228407,1471228408,1
4,1471228410,1471228412,2
4,1471228413,1471228473,60
1,1471228415,1471228420,5
1,1471228425,1471228436,11
1,1471228439,1471228442,3
1,1471228446,1471228447,1
1,1471228457,1471228461,4
1,1471228465,1471228470,5
4,1471228476,1471228486,10
1,1471228511,1471228517,6
4,1471228516,1471228520,4
4,1471228531,1471228538,7
4,1471228540,1471228557,17
1,1471228543,1471228549,6
1,1471228553,1471228556,3
1,1471228569,1471228574,5
4,1471228578,1471228588,10
1,1471228599,1471228603,4
1,1471228613,1471228617,4
4,1471228618,1471228627,9
4,1471228629,1471228635,6
4,1471228640,1471228647,7
1,1471228643,1471228646,3
4,1471228647,1471228651,4
4,1471228653,1471228661,8
1,1471228666,1471228670,4
1,1471228675,1471228676,1
1,1471228682,1471228683,1
1,1471228697,1471228700,3
4,1471228701,1471228704,3
4,1471228705,1471228711,6
4,1471228716,1471228721,5
4,1471228722,1471228724,2
4,1471228725,1471228729,4
4,1471228731,1471228742,11
4,1471228743,1471228745,2
4,1471228746,1471228748,2
4,1471228749,1471228751,2
4,1471228751,1471228756,5
1,1471228768,1471228770,2
4,1471228771,1471228783,12
1,1471228795,1471228797,2
4,1471228798,1471228957,159
1,1471228822,1471228839,17
1,1471228859,1471228870,11
1,1471228915,1471228918,3
1,1471228926,1471228932,6
1,1471228955,1471228956,1
4,1471228958,1471228961,3
4,1471228961,1471228965,4
4,1471228965,1471228967,2
4,1471228967,1471228969,2
4,1471228970,1471228972,2
4,1471228972,1471228976,4
4,1471228976,1471228980,4
4,1471228980,1471228984,4
4,1471228984,1471228987,3
10,1471228985,1471228987,2
4,1471228987,1471228989,2
4,1471228989,1471228992,3
1,1471228994,1471228996,2
1,1471228999,1471229005,6
4,1471229006,1471229008,2
4,1471229009,1471229014,5
4,1471229014,1471229018,4
10,1471229016,1471229018,2
4,1471229019,1471229022,3
10,1471229021,1471229022,1
4,1471229023,1471229025,2
4,1471229026,1471229028,2
4,1471229028,1471229034,6
1,1471229050,1471229055,5
4,1471229053,1471229059,6
1,1471229060,1471229064,4
1,1471229073,1471229082,9
4,1471229078,1471229083,5
4,1471229083,1471229105,22
1,1471229086,1471229093,7
1,1471229100,1471229104,4
4,1471229105,1471229107,2
4,1471229107,1471229111,4
4,1471229112,1471229121,9
10,1471229113,1471229114,1
1,1471229118,1471229120,2
4,1471229121,1471229127,6
4,1471229127,1471229130,3
10,1471229130,1471229133,3
4,1471229135,1471229138,3
4,1471229140,1471229142,2
4,1471229142,1471229145,3
4,1471229146,1471229148,2
4,1471229148,1471229150,2
4,1471229150,1471229154,4
1,1471229152,1471229153,1
4,1471229154,1471229173,19
1,1471229206,1471229209,3
4,1471229210,1471229212,2
4,1471229212,1471229452,240
1,1471229220,1471229228,8
1,1471229231,1471229234,3
1,1471229237,1471229239,2
1,1471229419,1471229438,19
1,1471229442,1471229449,7
4,1471229452,1471229457,5
1,1471229454,1471229455,1
4,1471229457,1471229462,5
1,1471229458,1471229462,4
4,1471229463,1471229469,6
1,1471229465,1471229469,4
4,1471229470,1471229475,5
4,1471229475,1471229478,3
4,1471229478,1471229484,6
4,1471229484,1471229489,5
4,1471229489,1471229491,2
4,1471229491,1471229493,2
4,1471229494,1471229496,2
4,1471229496,1471229499,3
4,1471229499,1471229510,11
4,1471229510,1471229547,37
1,1471229514,1471229536,22
1,1471229543,1471229553,10
4,1471229553,1471229556,3
4,1471229556,1471229558,2
4,1471229558,1471229560,2
4,1471229560,1471229562,2
10,1471229563,1471229564,1
1,1471229564,1471229587,23
4,1471229577,1471229588,11
4,1471229588,1471229612,24
1,1471229594,1471229603,9
1,1471229606,1471229609,3
4,1471229613,1471229620,7
4,1471229620,1471229622,2
4,1471229623,1471229625,2
4,1471229625,1471229627,2
4,1471229627,1471229634,7
1,1471229632,1471229634,2
4,1471229635,1471229637,2
4,1471229637,1471229652,15
1,1471229644,1471229650,6
4,1471229653,1471229676,23
1,1471229668,1471229673,5
4,1471229677,1471229719,42
1,1471229712,1471229730,18
4,1471229738,1471229741,3
4,1471229741,1471229747,6
1,1471229745,1471229755,10
4,1471229747,1471229750,3
4,1471229750,1471229754,4
4,1471229754,1471229756,2
4,1471229756,1471229762,6
4,1471229762,1471229764,2
4,1471229764,1471229766,2
4,1471229767,1471229769,2
4,1471229769,1471229796,27
1,1471229791,1471229804,13
4,1471229796,1471229801,5
4,1471229805,1471229809,4
4,1471229811,1471229813,2
4,1471229813,1471229817,4
4,1471229817,1471229820,3
4,1471229820,1471229822,2
4,1471229822,1471229825,3
10,1471229824,1471229825,1
4,1471229829,1471229842,13
1,1471229845,1471229858,13
4,1471229853,1471229859,6
4,1471229859,1471229861,2
4,1471229862,1471229864,2
4,1471229864,1471229866,2
4,1471229866,1471229868,2
4,1471229869,1471229871,2
4,1471229871,1471229877,6
4,1471229877,1471229880,3
4,1471229880,1471229883,3
4,1471229883,1471229890,7
1,1471229887,1471229905,18
4,1471229896,1471229899,3
4,1471229900,1471229902,2
4,1471229906,1471229914,8
1,1471229911,1471229924,13
4,1471229915,1471229920,5
4,1471229924,1471229926,2
4,1471229928,1471229932,4
4,1471229932,1471229937,5
1,1471229935,1471229936,1
4,1471229937,1471229940,3
4,1471229941,1471229945,4
4,1471229945,1471229949,4
1,1471229946,1471229955,9
4,1471229956,1471229964,8
1,1471229960,1471229968,8
4,1471229964,1471229969,5
4,1471229974,1471229977,3
1,1471229978,1471229990,12
4,1471229986,1471229988,2
4,1471229992,1471229999,7
1,1471229994,1471229995,1
4,1471230001,1471230005,4
4,1471230005,1471230007,2
4,1471230007,1471230010,3
4,1471230010,1471230015,5
1,1471230011,1471230014,3
4,1471230019,1471230037,18
1,1471230025,1471230035,10
4,1471230037,1471230084,47
1,1471230044,1471230063,19
1,1471230078,1471230083,5
4,1471230087,1471230094,7
1,1471230087,1471230093,6
4,1471230094,1471230099,5
1,1471230096,1471230115,19
1,1471230118,1471230126,8
4,1471230124,1471230127,3
4,1471230128,1471230131,3
1,1471230129,1471230131,2
4,1471230132,1471230135,3
4,1471230135,1471230189,54
1,1471230137,1471230138,1
1,1471230147,1471230153,6
1,1471230172,1471230191,19
4,1471230193,1471230198,5
4,1471230198,1471230200,2
4,1471230200,1471230205,5
4,1471230205,1471230209,4
1,1471230206,1471230208,2
4,1471230209,1471230213,4
1,1471230211,1471230212,1
4,1471230213,1471230219,6
1,1471230215,1471230235,20
4,1471230219,1471230223,4
4,1471230224,1471230228,4
4,1471230228,1471230232,4
4,1471230233,1471230236,3
4,1471230237,1471230250,13
1,1471230238,1471230240,2
1,1471230245,1471230250,5
4,1471230251,1471230253,2
4,1471230254,1471230256,2
4,1471230256,1471230263,7
4,1471230263,1471230265,2
4,1471230266,1471230270,4
1,1471230268,1471230270,2
4,1471230272,1471230277,5
1,1471230273,1471230289,16
4,1471230280,1471230288,8
4,1471230289,1471230291,2
4,1471230291,1471230297,6
1,1471230292,1471230300,8
4,1471230297,1471230300,3
4,1471230300,1471230303,3
4,1471230303,1471230312,9
4,1471230312,1471230318,6
1,1471230315,1471230317,2
4,1471230318,1471230320,2
4,1471230320,1471230328,8
1,1471230330,1471230331,1
1,1471230338,1471230343,5
1,1471230355,1471230357,2
1,1471230377,1471230391,14
4,1471230384,1471230390,6
1,1471230414,1471230418,4
1,1471230523,1471230576,53
4,1471230577,1471230702,125
1,1471230581,1471230589,8
1,1471230697,1471230702,5
1,1471230711,1471230719,8
1,1471230757,1471230763,6
1,1471230878,1471230893,15
4,1471230891,1471230893,2
4,1471230902,1471230908,6
1,1471230905,1471230907,2
4,1471230918,1471231305,387
1,1471230922,1471230925,3
1,1471230942,1471230943,1
1,1471230965,1471230967,2
1,1471230977,1471230980,3
1,1471230983,1471230988,5
1,1471230994,1471230995,1
1,1471231221,1471231226,5
1,1471231235,1471231237,2
1,1471231240,1471231242,2
1,1471231246,1471231248,2
1,1471231290,1471231303,13
4,1471231306,1471231308,2
1,1471231313,1471231326,13
1,1471231841,1471231844,3
1,1471232261,1471232286,25
1,1471232911,1471232914,3
1,1471232923,1471232927,4
1,1471265236,1471265237,1
6,1471265247,1471265249,2
1,1471265255,1471265259,4
1,1471265269,1471265286,17
4,1471265282,1471265286,4
4,1471265287,1471265289,2
4,1471265289,1471265299,10
1,1471265297,1471265303,6
4,1471265299,1471265305,6
4,1471265307,1471265309,2
4,1471265309,1471265317,8
4,1471265319,1471265326,7
1,1471265324,1471265325,1
4,1471265327,1471265329,2
4,1471265329,1471265335,6
1,1471265331,1471265332,1
10,1471265333,1471265335,2
4,1471265339,1471265410,71
1,1471265341,1471265345,4
14,1471265345,1471265354,9
1,1471265358,1471265369,11
1,1471265377,1471265380,3
1,1471265390,1471265399,9
1,1471265405,1471265408,3
4,1471265410,1471265415,5
10,1471265411,1471265412,1
4,1471265415,1471265419,4
1,1471265417,1471265422,5
4,1471265419,1471265424,5
10,1471265420,1471265422,2
4,1471265424,1471265428,4
10,1471265426,1471265428,2
4,1471265428,1471265431,3
4,1471265431,1471265435,4
4,1471265436,1471265445,9
1,1471265438,1471265440,2
4,1471265459,1471265462,3
10,1471265460,1471265462,2
4,1471265462,1471265467,5
4,1471265467,1471265469,2
4,1471265473,1471265475,2
4,1471265481,1471265484,3
4,1471265484,1471265491,7
10,1471265486,1471265487,1
4,1471265491,1471265493,2
4,1471265493,1471265495,2
10,1471265496,1471265498,2
1,1471265503,1471265505,2
14,1471265505,1471265514,9
1,1471265516,1471265518,2
1,1471265522,1471265525,3
1,1471265528,1471265534,6
1,1471265571,1471265585,14
1,1471270975,1471270994,19
1,1471270998,1471271005,7
1,1471271010,1471271013,3
1,1471297713,1471297717,4
1,1471297900,1471297904,4
1,1471297907,1471297944,37
1,1471297949,1471297951,2
1,1471297955,1471297959,4
1,1471345478,1471345486,8
1,1471345501,1471345510,9
5,1471345510,1471345521,11
1,1471345522,1471345525,3
4,1471345526,1471345543,17
1,1471345528,1471345549,21
4,1471345544,1471345547,3
1,1471345564,1471345578,14
4,1471345575,1471345580,5
4,1471345581,1471345585,4
4,1471345585,1471345588,3
10,1471345588,1471345589,1
1,1471345639,1471345661,22
1,1471345682,1471345686,4
4,1471345687,1471345695,8
1,1471345692,1471345703,11
4,1471345695,1471345699,4
4,1471345699,1471345703,4
4,1471345704,1471345706,2
4,1471345706,1471345713,7
1,1471345709,1471345720,11
4,1471345717,1471345722,5
4,1471345723,1471345726,3
4,1471345726,1471345728,2
4,1471345728,1471345743,15
10,1471345728,1471345731,3
1,1471345731,1471345748,17
4,1471345747,1471345750,3
4,1471345750,1471345755,5
10,1471345751,1471345755,4
4,1471345755,1471345760,5
4,1471345760,1471345764,4
10,1471345764,1471345766,2
4,1471345766,1471345768,2
4,1471345768,1471345770,2
4,1471345771,1471345774,3
1,1471345775,1471345800,25
4,1471345780,1471345784,4
4,1471345786,1471345788,2
4,1471345788,1471345792,4
4,1471345797,1471345801,4
4,1471345808,1471345812,4
4,1471345812,1471345814,2
4,1471345814,1471345816,2
10,1471345815,1471345816,1
10,1471345817,1471345821,4
4,1471345821,1471345824,3
4,1471345824,1471345826,2
4,1471345827,1471345830,3
4,1471345831,1471345833,2
4,1471345833,1471345836,3
4,1471345836,1471345842,6
4,1471345845,1471345849,4
4,1471345850,1471345856,6
10,1471345852,1471345856,4
4,1471345856,1471345864,8
1,1471345857,1471345868,11
4,1471345865,1471345869,4
4,1471345869,1471345871,2
4,1471345871,1471345874,3
4,1471345874,1471345877,3
4,1471345877,1471345880,3
4,1471345880,1471345884,4
10,1471345881,1471345882,1
4,1471345884,1471345900,16
1,1471345893,1471345897,4
4,1471345900,1471345911,11
10,1471345900,1471345902,2
1,1471345906,1471345909,3
4,1471345911,1471345942,31
1,1471345912,1471345941,29
4,1471345942,1471345949,7
10,1471345944,1471345949,5
10,1471345949,1471345962,13
4,1471345962,1471345968,6
1,1471345965,1471345967,2
4,1471345968,1471345971,3
4,1471345972,1471345975,3
4,1471345975,1471346028,53
10,1471345978,1471346007,29
1,1471346008,1471346012,4
4,1471346028,1471346045,17
1,1471346032,1471346040,8
1,1471346047,1471346062,15
4,1471346050,1471346060,10
4,1471346062,1471346065,3
4,1471346065,1471346068,3
4,1471346068,1471346070,2
4,1471346071,1471346074,3
4,1471346074,1471346077,3
1,1471346081,1471346086,5
1,1471346089,1471346116,27
4,1471346110,1471346120,10
4,1471346120,1471346123,3
10,1471346120,1471346122,2
10,1471346122,1471346124,2
4,1471346123,1471346133,10
4,1471346134,1471346136,2
4,1471346136,1471346141,5
10,1471346136,1471346138,2
1,1471346137,1471346170,33
4,1471346141,1471346145,4
4,1471346152,1471346157,5
14,1471346170,1471346317,147
4,1471346222,1471346224,2
11,1471346223,1471346317,94
4,1471346224,1471346226,2
4,1471346228,1471346230,2
4,1471346230,1471346232,2
4,1471346232,1471346241,9
4,1471346242,1471346244,2
4,1471346245,1471346247,2
4,1471346247,1471346249,2
4,1471346250,1471346252,2
4,1471346252,1471346254,2
4,1471346255,1471346257,2
4,1471346258,1471346260,2
4,1471346261,1471346276,15
4,1471346277,1471346282,5
4,1471346283,1471346286,3
4,1471346288,1471346290,2
4,1471346291,1471346293,2
4,1471346293,1471346296,3
4,1471346296,1471346298,2
4,1471346299,1471346301,2
1,1471346300,1471346311,11
4,1471346301,1471346304,3
4,1471346304,1471346307,3
4,1471346307,1471346309,2
4,1471346309,1471346311,2
4,1471346312,1471346314,2
4,1471346314,1471346316,2
1,1471346314,1471346320,6
4,1471346316,1471346321,5
4,1471346322,1471346382,60
1,1471346327,1471346362,35
14,1471346362,1471346891,529
11,1471346381,1471346470,89
4,1471346382,1471346384,2
4,1471346385,1471346387,2
4,1471346388,1471346391,3
1,1471346392,1471346394,2
4,1471346393,1471346395,2
4,1471346395,1471346397,2
4,1471346398,1471346400,2
4,1471346400,1471346402,2
4,1471346403,1471346405,2
4,1471346406,1471346408,2
4,1471346408,1471346410,2
4,1471346411,1471346413,2
4,1471346413,1471346427,14
4,1471346429,1471346433,4
4,1471346433,1471346437,4
4,1471346439,1471346442,3
4,1471346442,1471346444,2
4,1471346445,1471346447,2
4,1471346448,1471346450,2
4,1471346450,1471346454,4
1,1471346453,1471346460,7
4,1471346454,1471346456,2
4,1471346457,1471346459,2
4,1471346459,1471346461,2
4,1471346462,1471346464,2
4,1471346464,1471346489,25
11,1471346470,1471346495,25
1,1471346474,1471346504,30
4,1471346495,1471346675,180
11,1471346496,1471346674,178
1,1471346513,1471346538,25
1,1471346549,1471346579,30
1,1471346582,1471346588,6
1,1471346596,1471346598,2
1,1471346665,1471346674,9
11,1471346674,1471346680,6
4,1471346675,1471346707,32
11,1471346680,1471346685,5
1,1471346684,1471346696,12
11,1471346685,1471346687,2
11,1471346693,1471346707,14
1,1471346704,1471346709,5
11,1471346709,1471346715,6
1,1471346715,1471346717,2
11,1471346716,1471346717,1
11,1471346717,1471346724,7
11,1471346724,1471346735,11
1,1471346730,1471346737,7
11,1471346735,1471346737,2
4,1471346735,1471346744,9
11,1471346737,1471346744,7
1,1471346741,1471346759,18
11,1471346744,1471346747,3
4,1471346745,1471346748,3
11,1471346747,1471346891,144
1,1471346762,1471346771,9
4,1471346772,1471346892,120
1,1471346810,1471346816,6
1,1471346820,1471346835,15
1,1471346871,1471346900,29
5,1471346890,1471346891,1
4,1471346900,1471346903,3
4,1471346904,1471346908,4
10,1471346907,1471346908,1
4,1471346908,1471346916,8
10,1471346910,1471346917,7
4,1471346917,1471346923,6
10,1471346917,1471346921,4
10,1471346922,1471346923,1
4,1471346923,1471346931,8
10,1471346924,1471346931,7
4,1471346931,1471346933,2
4,1471346933,1471346936,3
4,1471346936,1471346939,3
4,1471346939,1471346941,2
4,1471346941,1471346945,4
4,1471346947,1471346950,3
4,1471346950,1471346955,5
4,1471346955,1471346958,3
4,1471346958,1471346962,4
4,1471346962,1471346964,2
4,1471346965,1471346967,2
4,1471346968,1471346970,2
4,1471346970,1471346972,2
4,1471346973,1471346976,3
4,1471346984,1471346986,2
4,1471346986,1471346991,5
4,1471346991,1471346993,2
4,1471346993,1471346995,2
4,1471346995,1471346997,2
4,1471346998,1471347000,2
4,1471347000,1471347003,3
10,1471347001,1471347003,2
4,1471347003,1471347005,2
4,1471347006,1471347008,2
4,1471347009,1471347011,2
4,1471347012,1471347032,20
1,1471347016,1471347018,2
1,1471347022,1471347031,9
4,1471347032,1471347035,3
4,1471347035,1471347039,4
4,1471347039,1471347041,2
4,1471347041,1471347043,2
4,1471347043,1471347049,6
4,1471347049,1471347052,3
4,1471347052,1471347065,13
10,1471347052,1471347056,4
1,1471347056,1471347069,13
4,1471347070,1471347073,3
4,1471347074,1471347076,2
4,1471347076,1471347081,5
10,1471347079,1471347080,1
4,1471347081,1471347088,7
10,1471347082,1471347086,4
4,1471347088,1471347090,2
4,1471347092,1471347094,2
4,1471347095,1471347102,7
10,1471347096,1471347102,6
4,1471347102,1471347105,3
4,1471347105,1471347108,3
4,1471347108,1471347110,2
4,1471347110,1471347116,6
1,1471347111,1471347113,2
10,1471347113,1471347115,2
4,1471347116,1471347119,3
1,1471347117,1471347118,1
4,1471347121,1471347129,8
1,1471347123,1471347128,5
4,1471347129,1471347133,4
4,1471347133,1471347135,2
4,1471347135,1471347138,3
4,1471347138,1471347143,5
10,1471347139,1471347140,1
4,1471347143,1471347148,5
1,1471347146,1471347148,2
4,1471347149,1471347151,2
4,1471347151,1471347165,14
1,1471347157,1471347169,12
4,1471347169,1471347172,3
4,1471347172,1471347176,4
1,1471347174,1471347176,2
4,1471347177,1471347181,4
4,1471347181,1471347185,4
4,1471347185,1471347198,13
1,1471347187,1471347202,15
4,1471347199,1471347203,4
4,1471347203,1471347206,3
4,1471347206,1471347210,4
10,1471347206,1471347207,1
1,1471347207,1471347221,14
4,1471347210,1471347220,10
4,1471347222,1471347224,2
4,1471347225,1471347227,2
4,1471347227,1471347231,4
4,1471347232,1471347239,7
1,1471347235,1471347238,3
4,1471347239,1471347243,4
1,1471347242,1471347253,11
4,1471347254,1471347274,20
1,1471347265,1471347287,22
4,1471347275,1471347281,6
4,1471347281,1471347285,4
10,1471347282,1471347283,1
4,1471347290,1471347294,4
1,1471347291,1471347313,22
4,1471347298,1471347305,7
10,1471347300,1471347303,3
4,1471347309,1471347314,5
4,1471347317,1471347768,451
1,1471347320,1471347329,9
14,1471347329,1471347409,80
1,1471347364,1471347368,4
1,1471347378,1471347382,4
1,1471347386,1471347394,8
1,1471347402,1471347406,4
1,1471347410,1471347411,1
1,1471347428,1471347435,7
1,1471347441,1471347452,11
1,1471347456,1471347461,5
1,1471347465,1471347469,4
1,1471347478,1471347496,18
1,1471347499,1471347506,7
1,1471347516,1471347521,5
1,1471347530,1471347555,25
1,1471347571,1471347574,3
1,1471347586,1471347591,5
1,1471347600,1471347607,7
1,1471347610,1471347631,21
1,1471347636,1471347639,3
1,1471347643,1471347646,3
1,1471347655,1471347670,15
1,1471347674,1471347677,3
1,1471347693,1471347701,8
1,1471347706,1471347707,1
1,1471347712,1471347729,17
1,1471347733,1471347752,19
1,1471347756,1471347790,34
4,1471347770,1471347783,13
4,1471347786,1471347818,32
1,1471347800,1471347804,4
1,1471347807,1471347812,5
1,1471347816,1471347827,11
4,1471347818,1471348152,334
14,1471347822,1471347891,69
1,1471347841,1471347860,19
1,1471347865,1471347869,4
1,1471347891,1471347897,6
1,1471347928,1471347942,14
1,1471347947,1471347955,8
1,1471347960,1471347965,5
1,1471347970,1471347975,5
1,1471347980,1471347987,7
1,1471347991,1471347995,4
1,1471348005,1471348019,14
1,1471348022,1471348036,14
1,1471348043,1471348059,16
1,1471348143,1471348152,9
4,1471348153,1471348155,2
4,1471348156,1471348159,3
4,1471348159,1471348166,7
1,1471348162,1471348165,3
4,1471348166,1471348169,3
4,1471348169,1471348171,2
1,1471348172,1471348179,7
4,1471348177,1471348180,3
10,1471348178,1471348179,1
4,1471348180,1471348213,33
1,1471348182,1471348191,9
1,1471348198,1471348200,2
1,1471348203,1471348226,23
4,1471348219,1471348224,5
4,1471348224,1471348226,2
4,1471348227,1471348229,2
4,1471348229,1471348231,2
4,1471348232,1471348236,4
10,1471348232,1471348234,2
1,1471348233,1471348235,2
4,1471348236,1471348243,7
1,1471348246,1471348252,6
1,1471348256,1471348258,2
1,1471348262,1471348271,9
4,1471348272,1471348274,2
4,1471348274,1471348277,3
4,1471348277,1471348280,3
10,1471348278,1471348280,2
4,1471348280,1471348282,2
1,1471348284,1471348296,12
4,1471348294,1471348298,4
4,1471348298,1471348302,4
4,1471348304,1471348307,3
4,1471348307,1471348310,3
4,1471348313,1471348317,4
1,1471348313,1471348317,4
4,1471348318,1471348320,2
4,1471348321,1471348324,3
4,1471348326,1471348328,2
4,1471348328,1471348331,3
4,1471348332,1471348334,2
4,1471348334,1471348346,12
1,1471348338,1471348346,8
1,1471348352,1471348360,8
14,1471348359,1471348414,55
1,1471348488,1471348492,4
1,1471348497,1471348522,25
14,1471348513,1471348548,35
1,1471348688,1471348694,6
1,1471348698,1471348702,4
1,1471348828,1471348837,9
5,1471348837,1471348850,13
1,1471348852,1471348914,62
4,1471348866,1471348880,14
4,1471348882,1471348894,12
4,1471348907,1471348914,7
4,1471348915,1471348917,2
4,1471348917,1471348920,3
1,1471348922,1471348925,3
4,1471348926,1471348938,12
10,1471348928,1471348936,8
4,1471348938,1471348942,4
4,1471348943,1471348945,2
4,1471348945,1471348948,3
4,1471348948,1471348950,2
4,1471348951,1471348953,2
4,1471348953,1471348958,5
1,1471348956,1471348960,4
4,1471348959,1471348962,3
4,1471348962,1471348966,4
4,1471348967,1471348969,2
4,1471348969,1471348973,4
4,1471348973,1471348975,2
4,1471348976,1471348979,3
4,1471348979,1471348983,4
4,1471348983,1471348986,3
4,1471348986,1471348995,9
4,1471348995,1471348997,2
10,1471348997,1471348999,2
4,1471348999,1471349004,5
10,1471348999,1471349000,1
1,1471349002,1471349010,8
4,1471349004,1471349010,6
1,1471349025,1471349028,3
4,1471349029,1471349033,4
4,1471349033,1471349035,2
4,1471349035,1471349039,4
4,1471349040,1471349049,9
10,1471349040,1471349045,5
4,1471349049,1471349051,2
4,1471349051,1471349055,4
4,1471349055,1471349058,3
4,1471349058,1471349060,2
1,1471349061,1471349064,3
4,1471349087,1471349093,6
4,1471349093,1471349096,3
10,1471349094,1471349095,1
4,1471349096,1471349099,3
4,1471349099,1471349101,2
4,1471349101,1471349104,3
4,1471349104,1471349107,3
4,1471349107,1471349114,7
1,1471349112,1471349122,10
4,1471349123,1471349125,2
4,1471349125,1471349128,3
4,1471349128,1471349130,2
4,1471349130,1471349135,5
4,1471349135,1471349148,13
1,1471349141,1471349150,9
4,1471349148,1471349151,3
4,1471349151,1471349160,9
10,1471349152,1471349157,5
1,1471349153,1471349190,37
4,1471349160,1471349164,4
4,1471349165,1471349168,3
4,1471349168,1471349176,8
10,1471349169,1471349170,1
4,1471349177,1471349179,2
4,1471349182,1471349184,2
4,1471349188,1471349206,18
1,1471349194,1471349214,20
4,1471349208,1471349214,6
4,1471349214,1471349216,2
4,1471349216,1471349222,6
1,1471349218,1471349222,4
1,1471349298,1471349301,3
1,1471349334,1471349336,2
4,1471349337,1471349339,2
4,1471349352,1471349361,9
1,1471349355,1471349360,5
4,1471349361,1471349363,2
4,1471349363,1471349369,6
4,1471349371,1471349374,3
4,1471349374,1471349380,6
1,1471349376,1471349379,3
4,1471349380,1471349385,5
4,1471349389,1471349391,2
10,1471349390,1471349391,1
4,1471349391,1471349410,19
1,1471349399,1471349413,14
4,1471349411,1471349413,2
4,1471349414,1471349420,6
1,1471349416,1471349419,3
4,1471349420,1471349422,2
4,1471349423,1471349429,6
1,1471349426,1471349453,27
4,1471349429,1471349432,3
4,1471349432,1471349436,4
4,1471349436,1471349442,6
4,1471349442,1471349446,4
1,1471349478,1471349485,7
4,1471349486,1471349490,4
4,1471349490,1471349497,7
1,1471349492,1471349494,2
1,1471349497,1471349500,3
4,1471349500,1471349505,5
4,1471349505,1471349508,3
4,1471349508,1471349510,2
4,1471349511,1471349518,7
1,1471349513,1471349524,11
4,1471349518,1471349522,4
4,1471349523,1471349525,2
4,1471349525,1471349535,10
1,1471349528,1471349535,7
4,1471349538,1471349551,13
1,1471349540,1471349569,29
4,1471349555,1471349560,5
4,1471349560,1471349565,5
4,1471349582,1471349600,18
1,1471349583,1471349588,5
4,1471349600,1471349610,10
1,1471349601,1471349613,12
4,1471349610,1471349614,4
4,1471349614,1471349619,5
4,1471349619,1471349628,9
1,1471349619,1471349626,7
4,1471349628,1471349631,3
4,1471349631,1471349633,2
4,1471349634,1471349639,5
4,1471349639,1471349641,2
4,1471349641,1471349647,6
10,1471349642,1471349643,1
4,1471349647,1471349651,4
1,1471349649,1471349656,7
4,1471349654,1471349657,3
4,1471349657,1471349660,3
4,1471349660,1471349663,3
4,1471349664,1471349668,4
4,1471349668,1471349670,2
4,1471349670,1471349673,3
4,1471349673,1471349690,17
10,1471349675,1471349680,5
1,1471349686,1471349687,1
4,1471349693,1471349695,2
4,1471349695,1471349699,4
1,1471349697,1471349704,7
4,1471349699,1471349702,3
10,1471349699,1471349701,2
4,1471349702,1471349705,3
10,1471349702,1471349704,2
4,1471349705,1471349710,5
4,1471349710,1471349722,12
1,1471349712,1471349729,17
4,1471349722,1471349734,12
1,1471349735,1471349752,17
4,1471349740,1471349744,4
4,1471349747,1471349761,14
1,1471349755,1471349760,5
4,1471349761,1471349795,34
10,1471349762,1471349763,1
4,1471349795,1471349797,2
4,1471349797,1471349801,4
4,1471349801,1471349803,2
10,1471349802,1471349803,1
10,1471349804,1471349805,1
4,1471349805,1471349808,3
10,1471349805,1471349807,2
4,1471349810,1471349812,2
4,1471349813,1471349815,2
4,1471349815,1471349818,3
10,1471349818,1471349820,2
4,1471349820,1471349825,5
10,1471349820,1471349821,1
10,1471349822,1471349825,3
4,1471349825,1471349831,6
1,1471349827,1471349839,12
4,1471349832,1471349839,7
4,1471349840,1471349842,2
10,1471349840,1471349842,2
4,1471349842,1471349851,9
1,1471349848,1471349856,8
4,1471349856,1471349858,2
4,1471349858,1471349861,3
4,1471349866,1471349868,2
4,1471349868,1471349870,2
10,1471349871,1471349872,1
4,1471349872,1471349874,2
4,1471349874,1471349877,3
4,1471349877,1471349880,3
4,1471349881,1471349893,12
1,1471349883,1471349896,13
4,1471349893,1471349897,4
4,1471349897,1471349901,4
1,1471349899,1471349900,1
4,1471349901,1471349907,6
4,1471349907,1471349949,42
4,1471349949,1471349951,2
4,1471349951,1471349958,7
1,1471349956,1471349957,1
4,1471349958,1471349962,4
10,1471349960,1471349961,1
4,1471349962,1471349966,4
1,1471349988,1471349991,3
4,1471349992,1471349996,4
4,1471349996,1471349999,3
10,1471349997,1471349999,2
4,1471349999,1471350013,14
1,1471350008,1471350012,4
4,1471350013,1471350015,2
4,1471350015,1471350018,3
4,1471350018,1471350022,4
10,1471350019,1471350022,3
4,1471350022,1471350025,3
4,1471350025,1471350037,12
1,1471350027,1471350042,15
4,1471350039,1471350042,3
4,1471350043,1471350045,2
4,1471350046,1471350048,2
4,1471350048,1471350054,6
4,1471350054,1471350056,2
4,1471350056,1471350060,4
4,1471350060,1471350065,5
4,1471350065,1471350071,6
1,1471350068,1471350069,1
4,1471350071,1471350074,3
10,1471350074,1471350075,1
4,1471350075,1471350080,5
4,1471350082,1471350084,2
1,1471350085,1471350087,2
4,1471350088,1471350104,16
1,1471350090,1471350111,21
4,1471350110,1471350129,19
1,1471350116,1471350118,2
4,1471350130,1471350132,2
4,1471350133,1471350139,6
1,1471350136,1471350162,26
4,1471350139,1471350141,2
4,1471350141,1471350146,5
4,1471350147,1471350153,6
4,1471350153,1471350156,3
4,1471350156,1471350165,9
4,1471350165,1471350169,4
4,1471350169,1471350177,8
1,1471350170,1471350186,16
4,1471350181,1471350187,6
4,1471350187,1471350191,4
10,1471350190,1471350191,1
1,1471350192,1471350193,1
4,1471350194,1471350211,17
1,1471350197,1471350199,2
1,1471350209,1471350211,2
4,1471350217,1471350227,10
1,1471350220,1471350226,6
4,1471350227,1471350230,3
10,1471350228,1471350229,1
1,1471350231,1471350234,3
4,1471350234,1471350240,6
1,1471350240,1471350246,6
4,1471350240,1471350247,7
4,1471350247,1471350250,3
1,1471350250,1471350254,4
4,1471350254,1471350264,10
1,1471350258,1471350264,6
4,1471350265,1471350269,4
10,1471350265,1471350269,4
4,1471350269,1471350272,3
10,1471350271,1471350272,1
4,1471350272,1471350278,6
10,1471350272,1471350273,1
1,1471350275,1471350291,16
4,1471350278,1471350291,13
4,1471350292,1471350298,6
1,1471350294,1471350297,3
4,1471350298,1471350301,3
1,1471350301,1471350309,8
4,1471350301,1471350310,9
4,1471350310,1471350312,2
4,1471350313,1471350319,6
1,1471350315,1471350318,3
4,1471350319,1471350323,4
4,1471350323,1471350373,50
1,1471350324,1471350328,4
1,1471350333,1471350337,4
1,1471350340,1471350351,11
1,1471350368,1471350372,4
4,1471350374,1471350377,3
4,1471350378,1471350380,2
4,1471350381,1471350383,2
4,1471350384,1471350386,2
1,1471350390,1471350396,6
4,1471350394,1471350402,8
10,1471350397,1471350402,5
10,1471350402,1471350404,2
4,1471350404,1471350407,3
10,1471350404,1471350406,2
4,1471350407,1471350415,8
1,1471350409,1471350413,4
4,1471350416,1471350429,13
1,1471350424,1471350428,4
4,1471350443,1471350452,9
1,1471350447,1471350469,22
4,1471350460,1471350465,5
4,1471350465,1471350470,5
4,1471350470,1471350472,2
4,1471350472,1471350480,8
10,1471350472,1471350475,3
1,1471350473,1471350483,10
4,1471350481,1471350484,3
4,1471350484,1471350487,3
4,1471350489,1471350492,3
4,1471350496,1471350498,2
4,1471350498,1471350509,11
1,1471350500,1471350507,7
1,1471350515,1471350516,1
4,1471350517,1471350519,2
4,1471350520,1471350523,3
4,1471350523,1471350525,2
4,1471350525,1471350528,3
4,1471350529,1471350531,2
4,1471350531,1471350534,3
4,1471350534,1471350538,4
4,1471350538,1471350542,4
4,1471350542,1471350544,2
1,1471350558,1471350561,3
4,1471350561,1471350564,3
10,1471350562,1471350564,2
4,1471350564,1471350568,4
4,1471350568,1471350571,3
10,1471350570,1471350571,1
10,1471350571,1471350572,1
4,1471350572,1471350576,4
10,1471350573,1471350576,3
4,1471350582,1471350584,2
10,1471350583,1471350584,1
4,1471350584,1471350588,4
1,1471350585,1471350610,25
4,1471350590,1471350593,3
4,1471350594,1471350605,11
4,1471350605,1471350610,5
4,1471350613,1471350622,9
1,1471350618,1471350621,3
4,1471350622,1471350626,4
1,1471350626,1471350647,21
4,1471350626,1471350629,3
4,1471350631,1471350634,3
4,1471350634,1471350640,6
4,1471350643,1471350814,171
1,1471350651,1471350659,8
1,1471350690,1471350693,3
1,1471350697,1471350702,5
1,1471350712,1471350715,3
1,1471350742,1471350752,10
1,1471350773,1471350777,4
1,1471350780,1471350791,11
1,1471350797,1471350808,11
4,1471350815,1471350821,6
10,1471350818,1471350820,2
1,1471350822,1471350840,18
4,1471350842,1471350854,12
10,1471350844,1471350852,8
4,1471350854,1471350856,2
10,1471350858,1471350860,2
4,1471350861,1471350863,2
10,1471350865,1471350866,1
4,1471350866,1471350869,3
4,1471350869,1471350891,22
1,1471350889,1471350890,1
4,1471350892,1471350894,2
4,1471350894,1471350897,3
4,1471350897,1471350899,2
4,1471350899,1471350901,2
4,1471350903,1471350905,2
10,1471350907,1471350908,1
4,1471350908,1471350911,3
4,1471350911,1471350913,2
4,1471350918,1471350927,9
10,1471350921,1471350922,1
4,1471350928,1471350931,3
4,1471350931,1471350935,4
10,1471350934,1471350935,1
4,1471350935,1471350938,3
4,1471350938,1471350942,4
10,1471350940,1471350942,2
4,1471350942,1471350945,3
4,1471350946,1471350950,4
10,1471350947,1471350949,2
4,1471350950,1471350956,6
4,1471350956,1471350958,2
4,1471350959,1471350987,28
10,1471350961,1471350987,26
4,1471350987,1471350990,3
4,1471350990,1471350992,2
4,1471350992,1471350994,2
4,1471350995,1471351000,5
10,1471350998,1471350999,1
4,1471351000,1471351007,7
4,1471351007,1471351009,2
10,1471351011,1471351013,2
4,1471351013,1471351016,3
4,1471351016,1471351019,3
4,1471351019,1471351021,2
4,1471351021,1471351025,4
10,1471351024,1471351025,1
4,1471351025,1471351041,16
1,1471351033,1471351049,16
4,1471351042,1471351045,3
4,1471351050,1471351052,2
4,1471351052,1471351056,4
4,1471351056,1471351059,3
4,1471351059,1471351064,5
10,1471351062,1471351064,2
10,1471351064,1471351069,5
4,1471351069,1471351074,5
4,1471351074,1471351076,2
4,1471351076,1471351079,3
4,1471351079,1471351100,21
4,1471351100,1471351104,4
4,1471351104,1471351108,4
10,1471351106,1471351108,2
4,1471351108,1471351112,4
1,1471351110,1471351111,1
4,1471351112,1471351115,3
4,1471351116,1471351121,5
1,1471351116,1471351120,4
10,1471351117,1471351119,2
4,1471351121,1471351124,3
10,1471351125,1471351127,2
4,1471351127,1471351133,6
4,1471351133,1471351137,4
10,1471351135,1471351137,2
4,1471351139,1471351141,2
4,1471351142,1471351144,2
4,1471351145,1471351185,40
1,1471351146,1471351156,10
1,1471351164,1471351184,20
4,1471351186,1471351188,2
10,1471351187,1471351189,2
4,1471351189,1471351193,4
10,1471351189,1471351193,4
4,1471351193,1471351210,17
1,1471351195,1471351199,4
1,1471351203,1471351207,4
4,1471351210,1471351212,2
10,1471351210,1471351211,1
4,1471351212,1471351214,2
4,1471351214,1471351256,42
1,1471351216,1471351218,2
10,1471351221,1471351223,2
1,1471351221,1471351228,7
10,1471351225,1471351236,11
1,1471351236,1471351239,3
1,1471351247,1471351255,8
4,1471351256,1471351318,62
10,1471351259,1471351268,9
1,1471351265,1471351287,22
14,1471351286,1471351648,362
11,1471351317,1471351395,78
4,1471351318,1471351321,3
4,1471351321,1471351323,2
4,1471351324,1471351326,2
4,1471351326,1471351329,3
4,1471351329,1471351331,2
4,1471351332,1471351334,2
4,1471351334,1471351336,2
4,1471351337,1471351339,2
4,1471351339,1471351341,2
4,1471351342,1471351344,2
4,1471351344,1471351346,2
4,1471351347,1471351358,11
4,1471351360,1471351363,3
4,1471351363,1471351367,4
4,1471351369,1471351371,2
4,1471351373,1471351375,2
4,1471351376,1471351378,2
4,1471351378,1471351380,2
4,1471351381,1471351383,2
4,1471351383,1471351385,2
4,1471351385,1471351387,2
4,1471351388,1471351390,2
4,1471351390,1471351392,2
11,1471351395,1471351477,82
4,1471351396,1471351477,81
1,1471351475,1471351507,32
11,1471351479,1471351480,1
11,1471351483,1471351497,14
11,1471351497,1471351560,63
4,1471351501,1471351561,60
1,1471351523,1471351525,2
1,1471351532,1471351550,18
1,1471351554,1471351564,10
11,1471351560,1471351582,22
4,1471351563,1471351565,2
4,1471351565,1471351567,2
4,1471351568,1471351570,2
4,1471351570,1471351572,2
4,1471351572,1471351574,2
4,1471351575,1471351577,2
4,1471351577,1471351579,2
4,1471351579,1471351582,3
11,1471351582,1471351590,8
1,1471351587,1471351596,9
11,1471351590,1471351648,58
4,1471351591,1471351593,2
4,1471351593,1471351596,3
4,1471351596,1471351598,2
4,1471351598,1471351600,2
4,1471351601,1471351603,2
4,1471351603,1471351605,2
4,1471351605,1471351607,2
4,1471351608,1471351610,2
4,1471351610,1471351612,2
1,1471351612,1471351614,2
4,1471351612,1471351614,2
4,1471351615,1471351617,2
4,1471351617,1471351619,2
4,1471351619,1471351621,2
4,1471351622,1471351624,2
4,1471351624,1471351626,2
4,1471351627,1471351629,2
4,1471351629,1471351631,2
4,1471351632,1471351639,7
4,1471351639,1471351641,2
4,1471351641,1471351643,2
4,1471351644,1471351646,2
4,1471351646,1471351720,74
1,1471351695,1471351696,1
1,1471351718,1471351719,1
4,1471351720,1471351722,2
4,1471351723,1471351726,3
4,1471351726,1471351731,5
4,1471351731,1471351735,4
4,1471351735,1471351737,2
4,1471351737,1471351744,7
4,1471351746,1471351749,3
1,1471351747,1471351751,4
4,1471351751,1471351753,2
4,1471351753,1471351758,5
4,1471351758,1471351761,3
4,1471351761,1471351764,3
4,1471351764,1471351766,2
4,1471351767,1471351772,5
10,1471351767,1471351771,4
1,1471351770,1471351771,1
4,1471351772,1471351774,2
4,1471351775,1471351780,5
1,1471351776,1471351787,11
4,1471351780,1471351790,10
4,1471351791,1471351793,2
4,1471351793,1471351799,6
4,1471351799,1471351802,3
4,1471351803,1471351805,2
4,1471351805,1471351808,3
4,1471351808,1471351810,2
4,1471351810,1471351813,3
4,1471351813,1471351816,3
4,1471351816,1471351819,3
4,1471351819,1471351822,3
10,1471351820,1471351822,2
4,1471351822,1471351825,3
4,1471351825,1471351829,4
10,1471351827,1471351829,2
4,1471351829,1471351833,4
10,1471351832,1471351833,1
4,1471351833,1471351854,21
1,1471351836,1471351837,1
1,1471351843,1471351858,15
4,1471351854,1471351859,5
4,1471351859,1471351865,6
1,1471351862,1471351863,1
4,1471351865,1471351868,3
4,1471351869,1471351876,7
1,1471351872,1471351891,19
4,1471351877,1471351882,5
4,1471351889,1471351897,8
1,1471351895,1471351896,1
4,1471351898,1471351900,2
1,1471351901,1471351923,22
10,1471351904,1471351905,1
4,1471351907,1471351910,3
4,1471351910,1471351914,4
4,1471351915,1471351926,11
4,1471351927,1471351930,3
10,1471351929,1471351930,1
4,1471351931,1471351933,2
10,1471351931,1471351933,2
4,1471351934,1471351937,3
10,1471351935,1471351937,2
4,1471351937,1471351941,4
10,1471351939,1471351941,2
4,1471351941,1471351943,2
4,1471351944,1471351955,11
1,1471351948,1471351950,2
4,1471351955,1471351961,6
1,1471351957,1471351963,6
4,1471351961,1471351964,3
4,1471351964,1471351969,5
10,1471351967,1471351968,1
1,1471351967,1471351989,22
4,1471351971,1471351975,4
4,1471351978,1471351981,3
4,1471351983,1471352001,18
10,1471351985,1471351986,1
1,1471351997,1471352032,35
4,1471352005,1471352011,6
4,1471352011,1471352017,6
4,1471352018,1471352033,15
4,1471352033,1471352038,5
1,1471352036,1471352040,4
4,1471352038,1471352041,3
4,1471352042,1471352044,2
4,1471352044,1471352049,5
1,1471352045,1471352052,7
4,1471352056,1471352062,6
4,1471352062,1471352086,24
1,1471352068,1471352091,23
4,1471352092,1471352111,19
1,1471352095,1471352102,7
1,1471352106,1471352114,8
4,1471352111,1471352115,4
4,1471352118,1471352123,5
1,1471352120,1471352145,25
4,1471352123,1471352125,2
4,1471352136,1471352140,4
4,1471352148,1471352154,6
1,1471352150,1471352158,8
4,1471352156,1471352160,4
4,1471352164,1471352171,7
1,1471352167,1471352168,1
1,1471352174,1471352184,10
4,1471352185,1471352190,5
10,1471352188,1471352190,2
4,1471352190,1471352204,14
1,1471352194,1471352203,9
4,1471352204,1471352207,3
4,1471352207,1471352211,4
1,1471352209,1471352211,2
4,1471352212,1471352214,2
4,1471352214,1471352223,9
1,1471352215,1471352217,2
4,1471352223,1471352235,12
1,1471352225,1471352227,2
1,1471352232,1471352234,2
4,1471352235,1471352237,2
10,1471352236,1471352237,1
1,1471352240,1471352247,7
4,1471352249,1471352251,2
10,1471352252,1471352253,1
4,1471352253,1471352257,4
10,1471352255,1471352257,2
4,1471352257,1471352259,2
1,1471352260,1471352262,2
4,1471352262,1471352264,2
4,1471352264,1471352269,5
1,1471352267,1471352268,1
4,1471352270,1471352278,8
4,1471352278,1471352304,26
1,1471352285,1471352288,3
14,1471352288,1471352417,129
1,1471352295,1471352303,8
4,1471352304,1471352307,3
10,1471352310,1471352311,1
4,1471352311,1471352314,3
4,1471352314,1471352317,3
4,1471352317,1471352319,2
4,1471352319,1471352323,4
4,1471352323,1471352326,3
4,1471352326,1471352331,5
1,1471352328,1471352329,1
4,1471352331,1471352334,3
4,1471352335,1471352339,4
1,1471352337,1471352345,8
4,1471352339,1471352343,4
4,1471352343,1471352346,3
4,1471352346,1471352350,4
4,1471352351,1471352353,2
10,1471352353,1471352355,2
4,1471352355,1471352359,4
4,1471352360,1471352363,3
4,1471352363,1471352367,4
10,1471352365,1471352367,2
1,1471352369,1471352374,5
4,1471352372,1471352375,3
4,1471352376,1471352378,2
10,1471352380,1471352381,1
4,1471352381,1471352393,12
10,1471352385,1471352387,2
1,1471352386,1471352398,12
4,1471352395,1471352399,4
4,1471352400,1471352994,594
1,1471352405,1471352433,28
1,1471352455,1471352456,1
1,1471352466,1471352470,4
1,1471352977,1471353011,34
4,1471352994,1471352996,2
4,1471352997,1471353001,4
4,1471353006,1471353011,5
1,1471353014,1471353017,3
4,1471353015,1471353018,3
4,1471353022,1471353251,229
1,1471353023,1471353025,2
1,1471353028,1471353031,3
1,1471353074,1471353076,2
1,1471353080,1471353083,3
1,1471353089,1471353094,5
14,1471353093,1471353207,114
1,1471353139,1471353141,2
1,1471353205,1471353232,27
1,1471353236,1471353246,10
1,1471353249,1471353262,13
4,1471353252,1471353257,5
10,1471353252,1471353253,1
1,1471353269,1471353271,2
1,1471353275,1471353277,2
1,1471353284,1471353292,8
1,1471353297,1471353303,6
4,1471353304,1471353344,40
1,1471353309,1471353313,4
1,1471353320,1471353343,23
4,1471353344,1471353347,3
4,1471353347,1471353349,2
4,1471353349,1471353351,2
4,1471353354,1471353358,4
10,1471353356,1471353358,2
4,1471353360,1471353362,2
4,1471353362,1471353365,3
4,1471353365,1471353368,3
4,1471353369,1471353389,20
1,1471353374,1471353375,1
1,1471353381,1471353383,2
10,1471353381,1471353383,2
1,1471353387,1471353389,2
4,1471353390,1471353396,6
4,1471353396,1471353399,3
4,1471353399,1471353401,2
10,1471353400,1471353401,1
4,1471353403,1471353405,2
4,1471353405,1471353408,3
4,1471353408,1471353413,5
10,1471353410,1471353412,2
4,1471353413,1471353415,2
4,1471353416,1471353419,3
10,1471353418,1471353419,1
4,1471353419,1471353423,4
1,1471353421,1471353429,8
4,1471353424,1471353443,19
10,1471353425,1471353427,2
1,1471353434,1471353442,8
4,1471353444,1471353452,8
1,1471353448,1471353452,4
4,1471353453,1471353457,4
4,1471353457,1471353463,6
1,1471353460,1471353468,8
4,1471353464,1471353469,5
4,1471353469,1471353490,21
10,1471353472,1471353474,2
1,1471353476,1471353484,8
1,1471353492,1471353495,3
14,1471353494,1471353580,86
1,1471353612,1471353630,18
1,1471353652,1471353671,19
1,1471353678,1471353684,6
1,1471353771,1471353776,5
4,1471353777,1471353964,187
1,1471353781,1471353786,5
14,1471353785,1471353849,64
1,1471353803,1471353812,9
1,1471353961,1471353963,2
4,1471353965,1471353968,3
10,1471353966,1471353967,1
4,1471353969,1471353971,2
4,1471353971,1471353973,2
4,1471353973,1471353975,2
4,1471353975,1471353977,2
4,1471353977,1471353983,6
4,1471353984,1471353986,2
4,1471353986,1471353988,2
4,1471353989,1471353993,4
4,1471353993,1471353995,2
4,1471353996,1471353999,3
4,1471353999,1471354006,7
4,1471354006,1471354008,2
4,1471354009,1471354024,15
1,1471354017,1471354024,7
4,1471354024,1471354027,3
1,1471354030,1471354034,4
4,1471354030,1471354035,5
1,1471354038,1471354067,29
4,1471354039,1471354077,38
1,1471354071,1471354076,5
4,1471354078,1471354091,13
1,1471354080,1471354099,19
4,1471354091,1471354099,8
10,1471354093,1471354095,2
4,1471354100,1471354108,8
10,1471354102,1471354104,2
1,1471354103,1471354105,2
4,1471354108,1471354122,14
1,1471354109,1471354114,5
4,1471354122,1471354345,223
1,1471354124,1471354130,6
14,1471354128,1471354211,83
1,1471354202,1471354226,24
1,1471354230,1471354231,1
1,1471354234,1471354240,6
1,1471354247,1471354252,5
1,1471354257,1471354269,12
1,1471354323,1471354337,14
1,1471354340,1471354344,4
4,1471354346,1471354348,2
10,1471354349,1471354350,1
4,1471354351,1471354353,2
4,1471354353,1471354401,48
1,1471354367,1471354387,20
1,1471354392,1471354406,14
4,1471354401,1471354404,3
4,1471354404,1471354409,5
10,1471354405,1471354406,1
4,1471354409,1471354427,18
1,1471354410,1471354428,18
1,1471354433,1471354488,55
4,1471354483,1471354489,6
4,1471354490,1471354499,9
10,1471354491,1471354497,6
1,1471354492,1471354583,91
4,1471354499,1471354501,2
4,1471354501,1471354515,14
4,1471354515,1471354519,4
4,1471354519,1471354545,26
4,1471354545,1471354553,8
4,1471354553,1471354576,23
4,1471354576,1471354597,21
1,1471354586,1471354596,10
4,1471354597,1471354600,3
4,1471354601,1471354606,5
1,1471354604,1471354605,1
4,1471354606,1471354610,4
1,1471354608,1471354614,6
4,1471354612,1471354673,61
1,1471354618,1471354670,52
1,1471354679,1471354684,5
1,1471354687,1471354689,2
1,1471354692,1471354702,10
14,1471354696,1471354713,17
1,1471354708,1471354710,2
1,1471354714,1471354729,15
4,1471354725,1471354728,3
4,1471354728,1471354730,2
4,1471354730,1471354841,111
1,1471354735,1471354744,9
14,1471354744,1471354752,8
1,1471354759,1471354762,3
1,1471354765,1471354782,17
1,1471354816,1471354846,30
4,1471354841,1471354843,2
4,1471354843,1471354846,3
10,1471354844,1471354845,1
4,1471354846,1471354882,36
1,1471354857,1471354874,17
1,1471354878,1471354887,9
4,1471354882,1471354885,3
4,1471354885,1471354887,2
4,1471354888,1471355484,596
1,1471354894,1471354895,1
1,1471354900,1471354907,7
1,1471354915,1471354921,6
1,1471355455,1471355484,29
4,1471355488,1471355490,2
1,1471359908,1471359915,7
1,1471361400,1471361422,22
1,1471361425,1471361429,4
1,1471361486,1471361488,2
1,1471361511,1471361515,4
1,1471361540,1471361551,11
1,1471361555,1471361573,18
4,1471361562,1471361565,3
4,1471361566,1471361569,3
4,1471361570,1471366291,4721
1,1471361587,1471361637,50
14,1471361634,1471361793,159
1,1471361640,1471361645,5
1,1471361738,1471361742,4
1,1471361746,1471361751,5
1,1471361777,1471361780,3
1,1471361793,1471361800,7
1,1471361851,1471361853,2
1,1471361895,1471361900,5
1,1471362716,1471362735,19
1,1471362949,1471362968,19
1,1471363304,1471363307,3
1,1471363659,1471363660,1
1,1471364371,1471364375,4
1,1471364496,1471364500,4
1,1471364720,1471364752,32
1,1471364778,1471364782,4
1,1471364799,1471364813,14
1,1471364816,1471364829,13
1,1471364832,1471364834,2
1,1471365779,1471365784,5
1,1471365825,1471365843,18
1,1471365847,1471365878,31
1,1471366185,1471366194,9
1,1471366204,1471366207,3
1,1471366212,1471366223,11
1,1471366286,1471366290,4
1,1471366295,1471366299,4
4,1471366298,1471366300,2
4,1471366319,1471366598,279
1,1471366594,1471366596,2
5,1471366596,1471366599,3
4,1471366599,1471366655,56
1,1471366626,1471366628,2
1,1471366632,1471366633,1
4,1471366655,1471366667,12
1,1471370752,1471370756,4
1,1471370765,1471370789,24
5,1471370789,1471370802,13
1,1471370804,1471370813,9
5,1471370813,1471370818,5
1,1471370820,1471370837,17
4,1471370828,1471370853,25
1,1471370842,1471370852,10
4,1471370853,1471370855,2
4,1471370855,1471370859,4
4,1471370859,1471370862,3
4,1471370863,1471370866,3
4,1471370866,1471370868,2
4,1471370868,1471370871,3
4,1471370873,1471370875,2
4,1471370875,1471370878,3
4,1471370878,1471370883,5
1,1471370882,1471370900,18
4,1471370883,1471370889,6
4,1471370889,1471370895,6
4,1471370902,1471370907,5
1,1471370905,1471370906,1
4,1471370907,1471370927,20
1,1471370911,1471370943,32
4,1471370933,1471370935,2
4,1471370935,1471370941,6
4,1471370941,1471370943,2
4,1471370944,1471370948,4
1,1471370946,1471370954,8
4,1471370949,1471370951,2
4,1471370951,1471370954,3
4,1471370955,1471370967,12
1,1471370957,1471370966,9
4,1471370967,1471370969,2
4,1471370970,1471370977,7
1,1471370971,1471370988,17
4,1471370977,1471370989,12
4,1471370989,1471371124,135
1,1471370991,1471370999,8
1,1471371101,1471371119,18
1,1471371124,1471371129,5
4,1471371131,1471371144,13
1,1471371132,1471371170,38
4,1471371147,1471371162,15
4,1471371166,1471371208,42
1,1471371175,1471371199,24
1,1471371205,1471371207,2
4,1471371209,1471371529,320
1,1471371252,1471371264,12
1,1471371340,1471371353,13
1,1471371437,1471371438,1
1,1471371444,1471371452,8
1,1471371525,1471371526,1
4,1471371530,1471371532,2
10,1471371533,1471371534,1
4,1471371534,1471371536,2
4,1471371536,1471371539,3
4,1471371539,1471371542,3
4,1471371544,1471371546,2
4,1471371554,1471371570,16
4,1471371570,1471371572,2
10,1471371571,1471371572,1
4,1471371572,1471371574,2
4,1471371574,1471371577,3
4,1471371577,1471371579,2
4,1471371579,1471371591,12
1,1471371582,1471371590,8
4,1471371591,1471371595,4
4,1471371596,1471371601,5
4,1471371601,1471371608,7
4,1471371608,1471371611,3
4,1471371611,1471371613,2
10,1471371612,1471371613,1
4,1471371614,1471371616,2
4,1471371617,1471371621,4
1,1471371618,1471371619,1
4,1471371621,1471371626,5
1,1471371624,1471371625,1
4,1471371626,1471371632,6
10,1471371629,1471371631,2
4,1471371632,1471371634,2
1,1471371636,1471371641,5
4,1471371644,1471371649,5
4,1471371649,1471371655,6
1,1471371651,1471371654,3
4,1471371655,1471371659,4
10,1471371656,1471371658,2
4,1471371659,1471371661,2
4,1471371661,1471371665,4
4,1471371665,1471371670,5
10,1471371670,1471371671,1
4,1471371678,1471371685,7
1,1471371682,1471371683,1
4,1471371685,1471371687,2
4,1471371688,1471371690,2
4,1471371690,1471371692,2
4,1471371692,1471371696,4
10,1471371695,1471371696,1
4,1471371696,1471371699,3
4,1471371702,1471371716,14
1,1471371703,1471371719,16
4,1471371716,1471371720,4
4,1471371720,1471371724,4
4,1471371724,1471371733,9
1,1471371725,1471371754,29
4,1471371738,1471371750,12
4,1471371750,1471371756,6
4,1471371756,1471371764,8
1,1471371757,1471371773,16
4,1471371764,1471371887,123
1,1471371776,1471371778,2
1,1471371812,1471371820,8
1,1471371832,1471371847,15
14,1471371845,1471371881,36
1,1471371855,1471371861,6
1,1471371868,1471371886,18
4,1471371887,1471371896,9
1,1471371893,1471371899,6
4,1471371897,1471371900,3
4,1471371901,1471371903,2
1,1471371904,1471371906,2
4,1471371909,1471371911,2
4,1471371911,1471371914,3
4,1471371914,1471371916,2
4,1471371916,1471371921,5
4,1471371921,1471371923,2
4,1471371923,1471371929,6
1,1471371927,1471371928,1
4,1471371929,1471371934,5
1,1471371935,1471371936,1
4,1471371937,1471371939,2
4,1471371939,1471371942,3
4,1471371942,1471371944,2
4,1471371945,1471371953,8
10,1471371946,1471371953,7
4,1471371953,1471371955,2
10,1471371953,1471371955,2
4,1471371955,1471371963,8
1,1471371960,1471371962,2
4,1471371963,1471371965,2
4,1471371965,1471371968,3
10,1471371966,1471371968,2
4,1471371968,1471371971,3
4,1471371972,1471371974,2
4,1471371975,1471372020,45
1,1471371991,1471372021,30
4,1471372020,1471372022,2
4,1471372022,1471372044,22
1,1471372025,1471372059,34
4,1471372047,1471372050,3
4,1471372053,1471372056,3
4,1471372056,1471372061,5
4,1471372061,1471372066,5
4,1471372066,1471372073,7
1,1471372070,1471372072,2
4,1471372073,1471372078,5
1,1471372081,1471372129,48
14,1471372095,1471372138,43
1,1471372138,1471372145,7
4,1471372146,1471372173,27
1,1471372162,1471372172,10
14,1471372164,1471372212,48
4,1471372173,1471372177,4
4,1471372179,1471372181,2
4,1471372181,1471372184,3
4,1471372184,1471372191,7
1,1471372188,1471372191,3
4,1471372192,1471372194,2
4,1471372194,1471372196,2
1,1471372215,1471372238,23
1,1471372245,1471372297,52
4,1471372293,1471372299,6
4,1471372299,1471372304,5
1,1471372300,1471372310,10
1,1471372314,1471372335,21
14,1471372320,1471372326,6
4,1471372336,1471372340,4
10,1471372338,1471372340,2
4,1471372341,1471372343,2
10,1471372341,1471372343,2
4,1471372343,1471372345,2
4,1471372346,1471372349,3
10,1471372348,1471372349,1
4,1471372349,1471372351,2
4,1471372351,1471372370,19
1,1471372358,1471372361,3
14,1471372360,1471372366,6
1,1471372367,1471372369,2
4,1471372371,1471372373,2
4,1471372374,1471372377,3
4,1471372377,1471372379,2
4,1471372379,1471372381,2
4,1471372381,1471372384,3
4,1471372384,1471372387,3
4,1471372387,1471372389,2
4,1471372390,1471372418,28
1,1471372392,1471372395,3
14,1471372395,1471372401,6
1,1471372404,1471372419,15
4,1471372418,1471372420,2
4,1471372420,1471372437,17
4,1471372437,1471372439,2
4,1471372439,1471372441,2
4,1471372444,1471372447,3
4,1471372447,1471372451,4
4,1471372451,1471372455,4
1,1471372452,1471372458,6
4,1471372455,1471372458,3
4,1471372458,1471372461,3
4,1471372461,1471372464,3
4,1471372464,1471372472,8
4,1471372472,1471372474,2
4,1471372474,1471372477,3
4,1471372477,1471372479,2
4,1471372479,1471372484,5
4,1471372484,1471372499,15
10,1471372485,1471372499,14
4,1471372499,1471372503,4
4,1471372504,1471372507,3
4,1471372507,1471372509,2
4,1471372510,1471372513,3
4,1471372513,1471372515,2
10,1471372513,1471372515,2
4,1471372516,1471372523,7
10,1471372518,1471372523,5
4,1471372523,1471372526,3
4,1471372526,1471372531,5
10,1471372527,1471372528,1
10,1471372529,1471372531,2
4,1471372531,1471372537,6
10,1471372534,1471372535,1
1,1471372536,1471372541,5
4,1471372541,1471372544,3
4,1471372544,1471372548,4
10,1471372545,1471372546,1
4,1471372549,1471372590,41
1,1471372575,1471372582,7
1,1471372586,1471372588,2
4,1471372590,1471372593,3
10,1471372591,1471372592,1
10,1471372594,1471372596,2
4,1471372596,1471372621,25
1,1471372618,1471372626,8
4,1471372628,1471372632,4
10,1471372628,1471372629,1
4,1471372633,1471372635,2
4,1471372635,1471372638,3
4,1471372638,1471372640,2
4,1471372640,1471372642,2
4,1471372643,1471372646,3
4,1471372646,1471372649,3
4,1471372650,1471372653,3
4,1471372653,1471372656,3
10,1471372654,1471372656,2
4,1471372656,1471372658,2
4,1471372662,1471372664,2
4,1471372664,1471372668,4
4,1471372669,1471372676,7
1,1471372673,1471372675,2
4,1471372678,1471372680,2
4,1471372681,1471372684,3
10,1471372682,1471372684,2
4,1471372684,1471372688,4
4,1471372688,1471372690,2
10,1471372691,1471372692,1
4,1471372692,1471372698,6
4,1471372698,1471372709,11
1,1471372701,1471372708,7
4,1471372710,1471372712,2
10,1471372711,1471372712,1
4,1471372712,1471372715,3
4,1471372715,1471372717,2
4,1471372717,1471372720,3
10,1471372719,1471372720,1
4,1471372720,1471372722,2
4,1471372722,1471372725,3
4,1471372725,1471372729,4
1,1471372727,1471372728,1
4,1471372729,1471372737,8
1,1471372734,1471372736,2
4,1471372737,1471372740,3
4,1471372741,1471372757,16
1,1471372744,1471372751,7
14,1471372748,1471372803,55
11,1471372755,1471372759,4
1,1471372756,1471372781,25
11,1471372759,1471372793,34
1,1471372789,1471372815,26
4,1471372793,1471372804,11
11,1471372795,1471372803,8
5,1471372802,1471372803,1
4,1471372807,1471372821,14
14,1471372812,1471372843,31
11,1471372819,1471372823,4
4,1471372821,1471372832,11
11,1471372823,1471372831,8
1,1471372828,1471372835,7
11,1471372833,1471372835,2
11,1471372835,1471372843,8
1,1471372838,1471372857,19
5,1471372842,1471372843,1
4,1471372843,1471372849,6
14,1471372853,1471372965,112
11,1471372859,1471372864,5
4,1471372861,1471372872,11
11,1471372864,1471372871,7
1,1471372870,1471372888,18
11,1471372874,1471372878,4
11,1471372879,1471372880,1
11,1471372881,1471372897,16
1,1471372895,1471372909,14
4,1471372898,1471372966,68
11,1471372902,1471372903,1
11,1471372905,1471372907,2
11,1471372907,1471372965,58
1,1471372951,1471372954,3
1,1471372962,1471372966,4
5,1471372964,1471372965,1
4,1471372971,1471372977,6
4,1471372977,1471372983,6
1,1471372979,1471372988,9
4,1471372986,1471372989,3
4,1471372989,1471372994,5
1,1471372991,1471373000,9
4,1471372995,1471373003,8
4,1471373003,1471373010,7
1,1471373006,1471373014,8
4,1471373010,1471373039,29
1,1471373027,1471373028,1
1,1471373036,1471373037,1
4,1471373041,1471373043,2
10,1471373042,1471373043,1
4,1471373043,1471373047,4
10,1471373045,1471373047,2
4,1471373047,1471373049,2
4,1471373049,1471373055,6
10,1471373055,1471373059,4
4,1471373059,1471373061,2
4,1471373063,1471373065,2
4,1471373066,1471373068,2
4,1471373068,1471373071,3
4,1471373071,1471373074,3
4,1471373074,1471373077,3
4,1471373077,1471373079,2
4,1471373079,1471373082,3
4,1471373082,1471373087,5
4,1471373088,1471373091,3
4,1471373091,1471373096,5
4,1471373096,1471373100,4
4,1471373100,1471373102,2
10,1471373101,1471373102,1
4,1471373103,1471373172,69
10,1471373104,1471373106,2
1,1471373117,1471373135,18
1,1471373162,1471373170,8
4,1471373172,1471373174,2
4,1471373174,1471373182,8
1,1471373176,1471373186,10
4,1471373182,1471373187,5
4,1471373188,1471373193,5
4,1471373193,1471373214,21
1,1471373194,1471373199,5
14,1471373199,1471373205,6
1,1471373207,1471373226,19
4,1471373216,1471373222,6
4,1471373222,1471373227,5
4,1471373227,1471373229,2
4,1471373229,1471373232,3
1,1471373233,1471373236,3
4,1471373237,1471373239,2
4,1471373239,1471373278,39
1,1471373246,1471373250,4
14,1471373248,1471373254,6
1,1471373256,1471373258,2
1,1471373262,1471373280,18
4,1471373278,1471373283,5
4,1471373283,1471373401,118
1,1471373288,1471373291,3
14,1471373291,1471373297,6
1,1471373316,1471373322,6
1,1471373335,1471373348,13
1,1471373360,1471373364,4
1,1471373391,1471373400,9
4,1471373401,1471373408,7
10,1471373403,1471373404,1
1,1471373404,1471373409,5
4,1471373410,1471373412,2
4,1471373412,1471373416,4
1,1471373414,1471373423,9
4,1471373417,1471373420,3
4,1471373424,1471373427,3
4,1471373427,1471373438,11
1,1471373434,1471373436,2
4,1471373438,1471373441,3
4,1471373441,1471373452,11
4,1471373453,1471373458,5
4,1471373458,1471373462,4
4,1471373463,1471373467,4
4,1471373467,1471373469,2
4,1471373478,1471373481,3
4,1471373481,1471373483,2
4,1471373483,1471373485,2
4,1471373486,1471373490,4
4,1471373490,1471373493,3
10,1471373491,1471373492,1
4,1471373499,1471373504,5
4,1471373504,1471373508,4
1,1471373506,1471373507,1
4,1471373509,1471373512,3
4,1471373512,1471373518,6
4,1471373518,1471373543,25
1,1471373526,1471373542,16
4,1471373544,1471373548,4
10,1471373544,1471373548,4
4,1471373548,1471373552,4
4,1471373552,1471373573,21
1,1471373559,1471373564,5
1,1471373570,1471373572,2
4,1471373573,1471373591,18
1,1471373583,1471373592,9
4,1471373591,1471373593,2
4,1471373593,1471373604,11
4,1471373604,1471373606,2
4,1471373606,1471373608,2
4,1471373608,1471373620,12
1,1471373622,1471373624,2
4,1471373626,1471373637,11
1,1471373633,1471373642,9
4,1471373637,1471373642,5
4,1471373643,1471373647,4
4,1471373648,1471373652,4
4,1471373653,1471373655,2
4,1471373655,1471373657,2
10,1471373657,1471373659,2
4,1471373660,1471373662,2
4,1471373663,1471373665,2
4,1471373665,1471373667,2
4,1471373667,1471373669,2
4,1471373670,1471373676,6
4,1471373676,1471373680,4
4,1471373682,1471373685,3
10,1471373683,1471373685,2
4,1471373686,1471373688,2
4,1471373688,1471373691,3
10,1471373689,1471373691,2
4,1471373691,1471373700,9
10,1471373692,1471373698,6
4,1471373701,1471373705,4
10,1471373703,1471373704,1
4,1471373705,1471373710,5
10,1471373706,1471373710,4
4,1471373710,1471373712,2
4,1471373712,1471373714,2
4,1471373714,1471373716,2
4,1471373716,1471373719,3
4,1471373720,1471373722,2
4,1471373722,1471373726,4
10,1471373724,1471373726,2
4,1471373727,1471373729,2
10,1471373729,1471373737,8
4,1471373737,1471373741,4
4,1471373741,1471373745,4
4,1471373745,1471373747,2
4,1471373748,1471373757,9
10,1471373748,1471373751,3
1,1471373754,1471373756,2
4,1471373757,1471373760,3
10,1471373759,1471373760,1
4,1471373760,1471373763,3
4,1471373763,1471373766,3
1,1471373766,1471373770,4
1,1471373774,1471373791,17
1,1471373794,1471373807,13
4,1471373807,1471373809,2
10,1471373810,1471373811,1
4,1471373811,1471373816,5
10,1471373811,1471373816,5
4,1471373816,1471373831,15
1,1471373818,1471373832,14
4,1471373833,1471373837,4
4,1471373837,1471373840,3
4,1471373840,1471373851,11
1,1471373842,1471373850,8
4,1471373851,1471373853,2
4,1471373853,1471373864,11
1,1471373854,1471373863,9
4,1471373864,1471373877,13
1,1471373869,1471373874,5
10,1471373875,1471373877,2
4,1471373877,1471373882,5
4,1471373882,1471373893,11
1,1471373885,1471373892,7
4,1471373893,1471373896,3
4,1471373896,1471373919,23
10,1471373896,1471373919,23
4,1471373919,1471373924,5
4,1471373924,1471373927,3
10,1471373925,1471373926,1
4,1471373927,1471373929,2
10,1471373927,1471373929,2
4,1471373929,1471373941,12
4,1471373944,1471373964,20
1,1471373946,1471373950,4
14,1471373949,1471373954,5
1,1471373955,1471373963,8
4,1471373964,1471373977,13
1,1471373967,1471373974,7
4,1471373977,1471373979,2
10,1471373978,1471373979,1
4,1471373979,1471373982,3
10,1471373980,1471373982,2
4,1471373982,1471373987,5
10,1471373983,1471373987,4
4,1471373987,1471373990,3
4,1471373991,1471373994,3
10,1471373992,1471373994,2
4,1471373994,1471373996,2
4,1471373996,1471373998,2
4,1471373999,1471374001,2
4,1471374002,1471374008,6
4,1471374008,1471374011,3
4,1471374011,1471374014,3
4,1471374014,1471374019,5
1,1471374017,1471374018,1
4,1471374019,1471374021,2
4,1471374022,1471374024,2
4,1471374024,1471374027,3
4,1471374027,1471374035,8
1,1471374029,1471374034,5
4,1471374035,1471374052,17
1,1471374040,1471374051,11
4,1471374052,1471374054,2
4,1471374055,1471374058,3
4,1471374059,1471374062,3
4,1471374062,1471374068,6
4,1471374068,1471374076,8
1,1471374071,1471374081,10
4,1471374076,1471374110,34
1,1471374087,1471374090,3
1,1471374094,1471374107,13
4,1471374110,1471374128,18
10,1471374110,1471374111,1
1,1471374115,1471374121,6
14,1471374121,1471374192,71
11,1471374127,1471374131,4
4,1471374129,1471374131,2
11,1471374131,1471374145,14
1,1471374138,1471374174,36
4,1471374145,1471374192,47
11,1471374145,1471374192,47
1,1471374184,1471374193,9
4,1471374194,1471374199,5
1,1471374197,1471374212,15
4,1471374202,1471374206,4
4,1471374206,1471374209,3
4,1471374210,1471374213,3
4,1471374213,1471374215,2
4,1471374215,1471374218,3
4,1471374218,1471374223,5
4,1471374224,1471374227,3
1,1471374224,1471374226,2
4,1471374227,1471374271,44
1,1471374232,1471374236,4
1,1471374269,1471374270,1
4,1471374271,1471374314,43
1,1471374302,1471374318,16
4,1471374314,1471374319,5
10,1471374315,1471374316,1
4,1471374319,1471374321,2
10,1471374320,1471374321,1
10,1471374321,1471374323,2
4,1471374323,1471374328,5
4,1471374329,1471374334,5
10,1471374329,1471374334,5
4,1471374335,1471374338,3
10,1471374336,1471374338,2
10,1471374338,1471374340,2
4,1471374340,1471374353,13
10,1471374342,1471374353,11
1,1471374343,1471374347,4
1,1471374350,1471374353,3
4,1471374353,1471374363,10
1,1471374357,1471374362,5
4,1471374363,1471374365,2
10,1471374367,1471374371,4
4,1471374371,1471374374,3
4,1471374374,1471374378,4
10,1471374377,1471374378,1
4,1471374378,1471374391,13
1,1471374388,1471374390,2
10,1471374391,1471374393,2
4,1471374393,1471374409,16
1,1471374395,1471374423,28
4,1471374409,1471374455,46
1,1471374429,1471374433,4
14,1471374433,1471374438,5
1,1471374439,1471374467,28
4,1471374455,1471374460,5
14,1471374466,1471374471,5
1,1471374470,1471374483,13
4,1471374478,1471374481,3
4,1471374483,1471374487,4
1,1471374488,1471374491,3
14,1471374491,1471374496,5
1,1471374499,1471374506,7
4,1471374504,1471374508,4
4,1471374508,1471374514,6
4,1471374515,1471374519,4
4,1471374519,1471374521,2
4,1471374522,1471374525,3
4,1471374525,1471374528,3
4,1471374528,1471374531,3
4,1471374531,1471374533,2
4,1471374533,1471374538,5
1,1471374535,1471374540,5
4,1471374538,1471374543,5
4,1471374543,1471374549,6
1,1471374544,1471374548,4
4,1471374549,1471374551,2
1,1471374552,1471374554,2
4,1471374555,1471374559,4
10,1471374557,1471374559,2
4,1471374559,1471374568,9
1,1471374562,1471374566,4
4,1471374568,1471374571,3
10,1471374570,1471374571,1
4,1471374571,1471374574,3
1,1471374572,1471374574,2
4,1471374574,1471374576,2
4,1471374577,1471374579,2
4,1471374580,1471374582,2
4,1471374582,1471374587,5
1,1471374585,1471374589,4
4,1471374587,1471374590,3
4,1471374590,1471374593,3
1,1471374593,1471374599,6
14,1471374598,1471374633,35
11,1471374603,1471374607,4
4,1471374604,1471374608,4
11,1471374607,1471374624,17
1,1471374613,1471374640,27
4,1471374625,1471374632,7
11,1471374625,1471374631,6
11,1471374631,1471374633,2
4,1471374632,1471374665,33
1,1471374646,1471374651,5
4,1471374665,1471374673,8
1,1471374667,1471374676,9
4,1471374674,1471374678,4
4,1471374678,1471374683,5
10,1471374679,1471374680,1
1,1471374680,1471374710,30
4,1471374684,1471374688,4
4,1471374688,1471374694,6
10,1471374688,1471374691,3
4,1471374698,1471374702,4
4,1471374704,1471374710,6
4,1471374710,1471374713,3
4,1471374713,1471374716,3
4,1471374717,1471374734,17
10,1471374718,1471374720,2
1,1471374730,1471374731,1
4,1471374734,1471374754,20
1,1471374738,1471374740,2
14,1471374740,1471374745,5
1,1471374746,1471374753,7
4,1471374756,1471374758,2
4,1471374759,1471374764,5
4,1471374765,1471374767,2
10,1471374767,1471374768,1
1,1471374782,1471374785,3
14,1471374784,1471374789,5
1,1471374790,1471374812,22
4,1471374823,1471374826,3
4,1471374826,1471374832,6
1,1471374828,1471374844,16
4,1471374835,1471374838,3
4,1471374838,1471374842,4
14,1471374844,1471374849,5
1,1471374854,1471374885,31
4,1471374869,1471374872,3
4,1471374873,1471374877,4
4,1471374878,1471374883,5
4,1471374884,1471374937,53
1,1471374910,1471374914,4
14,1471374913,1471374917,4
1,1471374921,1471374927,6
1,1471374932,1471374938,6
1,1471374944,1471374945,1
4,1471374947,1471374961,14
1,1471374958,1471374963,5
4,1471374961,1471374964,3
4,1471374964,1471374967,3
10,1471374965,1471374967,2
4,1471374967,1471374972,5
1,1471374970,1471374972,2
4,1471374973,1471374977,4
4,1471374977,1471374980,3
4,1471374980,1471374991,11
4,1471374991,1471374994,3
4,1471374995,1471375000,5
10,1471374996,1471375000,4
4,1471375000,1471375006,6
4,1471375006,1471375013,7
1,1471375011,1471375019,8
4,1471375016,1471375019,3
4,1471375020,1471375023,3
4,1471375023,1471375025,2
4,1471375027,1471375034,7
1,1471375030,1471375033,3
4,1471375034,1471375036,2
4,1471375036,1471375040,4
4,1471375041,1471375043,2
4,1471375043,1471375046,3
10,1471375044,1471375046,2
10,1471375046,1471375056,10
4,1471375056,1471375060,4
4,1471375060,1471375063,3
10,1471375060,1471375063,3
4,1471375063,1471375071,8
10,1471375064,1471375065,1
1,1471375068,1471375070,2
4,1471375071,1471375074,3
4,1471375076,1471375083,7
1,1471375077,1471375078,1
4,1471375083,1471375085,2
10,1471375084,1471375085,1
4,1471375085,1471375088,3
4,1471375088,1471375098,10
1,1471375090,1471375096,6
4,1471375100,1471375107,7
1,1471375103,1471375105,2
4,1471375107,1471375110,3
10,1471375108,1471375110,2
4,1471375110,1471375113,3
4,1471375113,1471375120,7
1,1471375116,1471375118,2
4,1471375121,1471375124,3
4,1471375127,1471375153,26
1,1471375128,1471375131,3
14,1471375131,1471375136,5
1,1471375137,1471375152,15
4,1471375153,1471375158,5
10,1471375154,1471375155,1
4,1471375158,1471375160,2
4,1471375161,1471375163,2
4,1471375164,1471375166,2
10,1471375164,1471375165,1
1,1471375168,1471375171,3
14,1471375170,1471375176,6
1,1471375174,1471375184,10
4,1471375184,1471375188,4
10,1471375187,1471375188,1
4,1471375188,1471375192,4
10,1471375189,1471375192,3
4,1471375192,1471375195,3
4,1471375195,1471375198,3
4,1471375199,1471375201,2
4,1471375201,1471375204,3
10,1471375203,1471375204,1
4,1471375204,1471375207,3
4,1471375207,1471375210,3
4,1471375210,1471375213,3
4,1471375217,1471375228,11
1,1471375217,1471375229,12
1,1471375233,1471375236,3
4,1471375234,1471375241,7
1,1471375240,1471375248,8
14,1471375248,1471375253,5
1,1471375348,1471375361,13
1,1471378056,1471378057,1
1,1471378189,1471378192,3
1,1471378259,1471378263,4
1,1471386881,1471386892,11
1,1471386903,1471386906,3
4,1471386907,1471386909,2
4,1471386910,1471386912,2
4,1471386912,1471386914,2
4,1471386914,1471386916,2
4,1471386916,1471386918,2
4,1471386919,1471386922,3
10,1471386919,1471386922,3
4,1471386922,1471386925,3
4,1471386925,1471386937,12
4,1471386938,1471386940,2
4,1471386941,1471386944,3
4,1471386944,1471386946,2
4,1471386946,1471386952,6
4,1471386952,1471386965,13
1,1471386955,1471386967,12
4,1471386966,1471386969,3
4,1471386969,1471386971,2
4,1471386971,1471386977,6
1,1471386972,1471386989,17
4,1471386977,1471386985,8
4,1471386990,1471386992,2
4,1471386992,1471386995,3
4,1471386995,1471386997,2
4,1471386998,1471387000,2
10,1471386998,1471387000,2
4,1471387000,1471387068,68
1,1471387005,1471387007,2
14,1471387008,1471387014,6
1,1471387015,1471387031,16
1,1471387060,1471387067,7
1,1471387073,1471387088,15
4,1471387082,1471387089,7
4,1471387089,1471387091,2
4,1471387091,1471387095,4
4,1471387095,1471387097,2
4,1471387097,1471387101,4
4,1471387101,1471387104,3
4,1471387104,1471387108,4
4,1471387108,1471387110,2
4,1471387111,1471387114,3
10,1471387111,1471387113,2
4,1471387115,1471387117,2
4,1471387117,1471387124,7
4,1471387124,1471387127,3
4,1471387127,1471387131,4
10,1471387128,1471387131,3
4,1471387131,1471387143,12
10,1471387143,1471387145,2
4,1471387145,1471387147,2
4,1471387147,1471387150,3
4,1471387151,1471387155,4
4,1471387156,1471387159,3
10,1471387158,1471387159,1
4,1471387159,1471387162,3
4,1471387162,1471387164,2
4,1471387164,1471387182,18
4,1471387183,1471387186,3
4,1471387186,1471387190,4
4,1471387191,1471387195,4
4,1471387195,1471387200,5
1,1471387197,1471387199,2
4,1471387200,1471387203,3
4,1471387203,1471387205,2
4,1471387205,1471387213,8
1,1471387207,1471387223,16
4,1471387214,1471387218,4
4,1471387220,1471387224,4
4,1471387224,1471387231,7
4,1471387232,1471387234,2
10,1471387232,1471387233,1
4,1471387234,1471387239,5
4,1471387239,1471387242,3
4,1471387242,1471387245,3
4,1471387245,1471387247,2
4,1471387247,1471387252,5
4,1471387252,1471387255,3
4,1471387255,1471387267,12
1,1471387256,1471387265,9
4,1471387268,1471387273,5
4,1471387273,1471387297,24
1,1471387294,1471387300,6
4,1471387297,1471387300,3
4,1471387300,1471387305,5
4,1471387305,1471387310,5
4,1471387310,1471387322,12
1,1471387314,1471387316,2
1,1471387319,1471387324,5
4,1471387322,1471387325,3
4,1471387325,1471387330,5
1,1471387328,1471387329,1
4,1471387330,1471387336,6
4,1471387336,1471387344,8
1,1471387341,1471387359,18
4,1471387346,1471387427,81
1,1471387363,1471387373,10
1,1471387378,1471387435,57
4,1471387427,1471387431,4
4,1471387431,1471387440,9
4,1471387441,1471387444,3
10,1471387442,1471387444,2
1,1471387443,1471387447,4
4,1471387444,1471387447,3
4,1471387448,1471387461,13
1,1471387450,1471387461,11
4,1471387462,1471387464,2
4,1471387464,1471387470,6
1,1471387466,1471387469,3
4,1471387470,1471387494,24
1,1471387473,1471387479,6
1,1471387483,1471387484,1
1,1471387489,1471387502,13
4,1471387494,1471387503,9
4,1471387503,1471387506,3
4,1471387506,1471387508,2
4,1471387508,1471387521,13
1,1471387509,1471387518,9
4,1471387521,1471387523,2
10,1471387525,1471387526,1
1,1471387525,1471387529,4
4,1471387531,1471387533,2
4,1471387533,1471387536,3
10,1471387534,1471387536,2
4,1471387536,1471387539,3
4,1471387540,1471387562,22
1,1471387558,1471387560,2
4,1471387564,1471387568,4
1,1471387565,1471387567,2
4,1471387568,1471387571,3
4,1471387571,1471387580,9
4,1471387585,1471387611,26
1,1471387587,1471387594,7
14,1471387594,1471387599,5
1,1471387601,1471387617,16
4,1471387611,1471387613,2
4,1471387613,1471387615,2
4,1471387616,1471387618,2
4,1471387618,1471387620,2
10,1471387619,1471387620,1
4,1471387620,1471387623,3
10,1471387621,1471387622,1
4,1471387623,1471387626,3
4,1471387627,1471387632,5
4,1471387632,1471387671,39
1,1471387636,1471387646,10
14,1471387638,1471387643,5
1,1471387657,1471387660,3
1,1471387663,1471387669,6
4,1471387674,1471387701,27
10,1471387675,1471387678,3
1,1471387678,1471387689,11
1,1471387692,1471387698,6
4,1471387702,1471387706,4
1,1471387704,1471387709,5
4,1471387707,1471387710,3
10,1471387707,1471387709,2
4,1471387710,1471387716,6
1,1471387713,1471387715,2
1,1471387718,1471387721,3
4,1471387723,1471387725,2
4,1471387725,1471387729,4
1,1471387727,1471387729,2
4,1471387729,1471387735,6
10,1471387730,1471387733,3
1,1471387732,1471387743,11
4,1471387735,1471387740,5
4,1471387743,1471387747,4
4,1471387747,1471387762,15
1,1471387750,1471387756,6
1,1471387760,1471387762,2
10,1471387763,1471387764,1
4,1471387764,1471387767,3
4,1471387767,1471387770,3
4,1471387771,1471387773,2
4,1471387774,1471387780,6
1,1471387777,1471387794,17
4,1471387780,1471387791,11
10,1471387781,1471387783,2
4,1471387791,1471387795,4
4,1471387795,1471387797,2
4,1471387797,1471387813,16
1,1471387798,1471387805,7
4,1471387813,1471387816,3
4,1471387817,1471387820,3
4,1471387821,1471387824,3
4,1471387824,1471387827,3
4,1471387827,1471387830,3
4,1471387830,1471387832,2
4,1471387832,1471387838,6
1,1471387834,1471387836,2
10,1471387837,1471387838,1
4,1471387838,1471387842,4
1,1471387855,1471387860,5
14,1471387858,1471387863,5
1,1471387864,1471387888,24
4,1471387890,1471387893,3
10,1471387890,1471387891,1
4,1471387894,1471387896,2
4,1471387896,1471387900,4
4,1471387900,1471387902,2
4,1471387902,1471387905,3
4,1471387905,1471387909,4
10,1471387907,1471387909,2
4,1471387909,1471387925,16
1,1471387914,1471387925,11
14,1471387917,1471387922,5
4,1471387926,1471387955,29
10,1471387928,1471387930,2
1,1471387933,1471387939,6
1,1471387943,1471387957,14
4,1471387956,1471388022,66
10,1471387958,1471387968,10
1,1471387967,1471387970,3
1,1471387994,1471387998,4
14,1471387996,1471388001,5
1,1471388002,1471388026,24
4,1471388022,1471388025,3
4,1471388027,1471388033,6
4,1471388034,1471388036,2
4,1471388037,1471388040,3
4,1471388040,1471388046,6
10,1471388042,1471388043,1
1,1471388043,1471388045,2
4,1471388046,1471388059,13
1,1471388048,1471388051,3
1,1471388057,1471388076,19
4,1471388064,1471388070,6
4,1471388071,1471388074,3
4,1471388075,1471388103,28
1,1471388099,1471388105,6
4,1471388106,1471388116,10
1,1471388114,1471388115,1
4,1471388116,1471388121,5
10,1471388117,1471388118,1
1,1471388118,1471388122,4
10,1471388123,1471388124,1
4,1471388124,1471388153,29
1,1471388130,1471388135,5
14,1471388134,1471388139,5
1,1471388140,1471388141,1
1,1471388148,1471388157,9
4,1471388156,1471388219,63
1,1471388160,1471388165,5
14,1471388164,1471388169,5
1,1471388170,1471388174,4
1,1471388183,1471388186,3
1,1471388198,1471388206,8
1,1471388212,1471388217,5
4,1471388219,1471388222,3
4,1471388222,1471388241,19
1,1471388223,1471388227,4
14,1471388225,1471388231,6
1,1471388232,1471388263,31
4,1471388241,1471388257,16
4,1471388260,1471388263,3
4,1471388265,1471388267,2
4,1471388267,1471388272,5
10,1471388269,1471388271,2
1,1471388269,1471388271,2
1,1471388274,1471388278,4
14,1471388277,1471388283,6
1,1471388282,1471388288,6
1,1471388292,1471388298,6
4,1471388296,1471388299,3
4,1471388299,1471388310,11
1,1471388301,1471388323,22
4,1471388310,1471388317,7
10,1471388311,1471388312,1
4,1471388317,1471388320,3
4,1471388320,1471388324,4
4,1471388324,1471388329,5
1,1471388361,1471388373,12
4,1471388371,1471388375,4
4,1471388375,1471388379,4
1,1471388376,1471388384,8
4,1471388379,1471388405,26
14,1471388384,1471388391,7
1,1471388391,1471388411,20
1,1471388416,1471388423,7
4,1471388419,1471388425,6
4,1471388425,1471388430,5
1,1471388427,1471388430,3
1,1471388433,1471388438,5
14,1471388437,1471388443,6
1,1471388445,1471388449,4
1,1471388452,1471388462,10
1,1471388477,1471388479,2
1,1471388494,1471388505,11
4,1471388504,1471388506,2
4,1471388506,1471388511,5
1,1471388508,1471388510,2
4,1471388511,1471388513,2
4,1471388514,1471388516,2
4,1471388518,1471388520,2
4,1471388521,1471388524,3
4,1471388525,1471388527,2
1,1471388525,1471388526,1
4,1471388527,1471388534,7
1,1471388530,1471388536,6
4,1471388534,1471388538,4
4,1471388539,1471388542,3
4,1471388542,1471388547,5
1,1471388545,1471388560,15
4,1471388548,1471388553,5
4,1471388554,1471388559,5
10,1471388555,1471388556,1
4,1471388559,1471388562,3
4,1471388563,1471388567,4
1,1471388564,1471388565,1
4,1471388567,1471388570,3
4,1471388571,1471388574,3
10,1471388572,1471388574,2
4,1471388574,1471388580,6
1,1471388577,1471388580,3
4,1471388581,1471388584,3
4,1471388584,1471388586,2
4,1471388586,1471388589,3
4,1471388589,1471388591,2
4,1471388593,1471388600,7
4,1471388601,1471388605,4
4,1471388605,1471388650,45
1,1471388605,1471388622,17
14,1471388610,1471388615,5
1,1471388626,1471388630,4
1,1471388634,1471388649,15
4,1471388650,1471388653,3
4,1471388654,1471388666,12
1,1471388656,1471388668,12
4,1471388666,1471388669,3
4,1471388669,1471388671,2
4,1471388671,1471388676,5
10,1471388673,1471388674,1
1,1471388673,1471388674,1
4,1471388676,1471388681,5
1,1471388677,1471388681,4
4,1471388684,1471388689,5
1,1471388685,1471388688,3
4,1471388689,1471388692,3
4,1471388692,1471388713,21
1,1471388696,1471388699,3
14,1471388699,1471388704,5
1,1471388705,1471388737,32
4,1471388715,1471388718,3
4,1471388719,1471388721,2
4,1471388722,1471388725,3
4,1471388725,1471388729,4
4,1471388729,1471388766,37
14,1471388737,1471388743,6
1,1471388750,1471388755,5
1,1471388763,1471388765,2
4,1471388766,1471388768,2
4,1471388769,1471388830,61
1,1471388794,1471388796,2
1,1471388819,1471388833,14
4,1471388830,1471388834,4
4,1471388834,1471388836,2
4,1471388836,1471388839,3
4,1471388839,1471388854,15
1,1471388842,1471388851,9
4,1471388856,1471388858,2
4,1471388858,1471388860,2
4,1471388861,1471388867,6
1,1471388864,1471388867,3
4,1471388869,1471388873,4
4,1471388873,1471388893,20
1,1471388875,1471388880,5
14,1471388879,1471388885,6
1,1471388888,1471388900,12
4,1471388895,1471388900,5
4,1471388904,1471388908,4
1,1471388905,1471388917,12
4,1471388909,1471389009,100
14,1471388915,1471388921,6
1,1471388928,1471388944,16
1,1471389007,1471389008,1
4,1471389009,1471389088,79
10,1471389011,1471389018,7
1,1471389079,1471389087,8
4,1471389088,1471389215,127
1,1471389109,1471389126,17
1,1471389192,1471389206,14
4,1471389215,1471389217,2
4,1471389217,1471389219,2
4,1471389219,1471389221,2
4,1471389221,1471389224,3
10,1471389222,1471389224,2
4,1471389224,1471389229,5
10,1471389226,1471389229,3
4,1471389229,1471389231,2
4,1471389231,1471389239,8
1,1471389235,1471389239,4
4,1471389240,1471389243,3
4,1471389244,1471389246,2
4,1471389246,1471389249,3
4,1471389249,1471389251,2
4,1471389251,1471389254,3
4,1471389254,1471389257,3
4,1471389257,1471389259,2
4,1471389260,1471389276,16
10,1471389261,1471389276,15
4,1471389276,1471389280,4
4,1471389280,1471389285,5
4,1471389285,1471389287,2
4,1471389288,1471389293,5
4,1471389293,1471389302,9
1,1471389300,1471389301,1
4,1471389302,1471389304,2
4,1471389305,1471389313,8
1,1471389309,1471389313,4
4,1471389314,1471389316,2
4,1471389316,1471389324,8
4,1471389324,1471389331,7
1,1471389329,1471389335,6
4,1471389332,1471389335,3
4,1471389336,1471389338,2
4,1471389338,1471389340,2
4,1471389340,1471389345,5
10,1471389341,1471389343,2
1,1471389341,1471389362,21
4,1471389346,1471389355,9
4,1471389359,1471389383,24
14,1471389362,1471389369,7
1,1471389379,1471389396,17
4,1471389384,1471389388,4
4,1471389391,1471389396,5
4,1471389397,1471389399,2
4,1471389399,1471389407,8
1,1471389400,1471389408,8
4,1471389407,1471389420,13
1,1471389412,1471389413,1
1,1471389417,1471389423,6
4,1471389420,1471389424,4
4,1471389424,1471389429,5
1,1471389427,1471389461,34
4,1471389429,1471389431,2
4,1471389435,1471389441,6
4,1471389448,1471389452,4
4,1471389452,1471389455,3
4,1471389456,1471389554,98
10,1471389457,1471389458,1
1,1471389478,1471389481,3
14,1471389481,1471389487,6
1,1471389488,1471389489,1
1,1471389496,1471389501,5
1,1471389541,1471389551,10
14,1471389544,1471389545,1
4,1471389555,1471389558,3
4,1471389558,1471389560,2
4,1471389560,1471389563,3
4,1471389564,1471389566,2
4,1471389566,1471389569,3
4,1471389569,1471389572,3
4,1471389572,1471389576,4
10,1471389573,1471389575,2
4,1471389576,1471389579,3
10,1471389578,1471389579,1
4,1471389579,1471389581,2
4,1471389581,1471389583,2
4,1471389584,1471389588,4
4,1471389588,1471389592,4
4,1471389592,1471389594,2
10,1471389593,1471389594,1
4,1471389594,1471389598,4
4,1471389599,1471389601,2
4,1471389601,1471389608,7
1,1471389602,1471389604,2
4,1471389608,1471389612,4
4,1471389613,1471389615,2
4,1471389615,1471389618,3
4,1471389618,1471389622,4
4,1471389623,1471389625,2
4,1471389625,1471389627,2
4,1471389629,1471389631,2
4,1471389631,1471389634,3
10,1471389632,1471389633,1
4,1471389634,1471389648,14
10,1471389635,1471389636,1
4,1471389648,1471389651,3
1,1471389655,1471389658,3
4,1471389661,1471389663,2
4,1471389663,1471389672,9
1,1471389666,1471389670,4
4,1471389672,1471389676,4
10,1471389673,1471389674,1
10,1471389674,1471389676,2
4,1471389676,1471389732,56
1,1471389684,1471389690,6
14,1471389689,1471389694,5
1,1471389696,1471389697,1
1,1471389701,1471389705,4
1,1471389712,1471389717,5
1,1471389729,1471389735,6
4,1471389732,1471389736,4
4,1471389736,1471389739,3
4,1471389739,1471389744,5
4,1471389744,1471389746,2
4,1471389746,1471389751,5
4,1471389751,1471389753,2
4,1471389754,1471389763,9
1,1471389760,1471389761,1
4,1471389763,1471389783,20
1,1471389766,1471389782,16
4,1471389783,1471389788,5
1,1471389786,1471389787,1
4,1471389788,1471389840,52
1,1471389791,1471389795,4
14,1471389795,1471389801,6
1,1471389802,1471389810,8
1,1471389819,1471389839,20
10,1471389840,1471389842,2
4,1471389842,1471389846,4
10,1471389842,1471389844,2
10,1471389844,1471389846,2
4,1471389846,1471389857,11
10,1471389847,1471389849,2
4,1471389857,1471389860,3
10,1471389857,1471389859,2
10,1471389859,1471389860,1
4,1471389860,1471389863,3
4,1471389863,1471389868,5
10,1471389865,1471389868,3
4,1471389868,1471389881,13
10,1471389878,1471389881,3
4,1471389881,1471389885,4
4,1471389885,1471389888,3
4,1471389888,1471389895,7
10,1471389890,1471389895,5
4,1471389895,1471389982,87
1,1471389977,1471389980,3
4,1471389982,1471389985,3
4,1471389986,1471389999,13
1,1471389989,1471389998,9
4,1471389999,1471390004,5
4,1471390005,1471390007,2
4,1471390008,1471390012,4
10,1471390009,1471390012,3
4,1471390012,1471390015,3
4,1471390015,1471390019,4
4,1471390019,1471390054,35
10,1471390020,1471390024,4
1,1471390023,1471390029,6
14,1471390027,1471390033,6
1,1471390034,1471390035,1
1,1471390039,1471390082,43
14,1471390050,1471390115,65
11,1471390052,1471390056,4
11,1471390056,1471390067,11
4,1471390057,1471390068,11
11,1471390067,1471390070,3
4,1471390068,1471390070,2
11,1471390070,1471390079,9
11,1471390079,1471390082,3
4,1471390079,1471390105,26
11,1471390082,1471390086,4
1,1471390086,1471390119,33
11,1471390086,1471390087,1
11,1471390087,1471390088,1
11,1471390088,1471390090,2
11,1471390090,1471390091,1
11,1471390091,1471390092,1
11,1471390093,1471390094,1
11,1471390098,1471390099,1
11,1471390101,1471390103,2
11,1471390103,1471390104,1
11,1471390105,1471390109,4
11,1471390109,1471390115,6
4,1471390116,1471390123,7
14,1471390119,1471390137,18
11,1471390121,1471390126,5
4,1471390124,1471390126,2
11,1471390126,1471390135,9
1,1471390127,1471390136,9
11,1471390135,1471390138,3
4,1471390136,1471390138,2
1,1471390143,1471390155,12
14,1471390155,1471390174,19
11,1471390157,1471390161,4
4,1471390159,1471390164,5
11,1471390161,1471390163,2
1,1471390162,1471390166,4
11,1471390164,1471390166,2
11,1471390166,1471390174,8
1,1471390170,1471390191,21
4,1471390175,1471390179,4
4,1471390179,1471390185,6
4,1471390191,1471390194,3
4,1471390194,1471390196,2
4,1471390196,1471390198,2
4,1471390199,1471390201,2
4,1471390201,1471390207,6
1,1471390204,1471390215,11
4,1471390211,1471390244,33
14,1471390215,1471390221,6
1,1471390223,1471390251,28
4,1471390244,1471390249,5
4,1471390252,1471390254,2
4,1471390254,1471390258,4
4,1471390261,1471390263,2
4,1471390263,1471390265,2
4,1471390265,1471390267,2
4,1471390267,1471390270,3
4,1471390270,1471390273,3
4,1471390273,1471390276,3
4,1471390276,1471390278,2
4,1471390278,1471390281,3
4,1471390281,1471390283,2
4,1471390283,1471390286,3
10,1471390284,1471390286,2
4,1471390286,1471390289,3
4,1471390289,1471390294,5
1,1471390298,1471390302,4
1,1471390307,1471390309,2
1,1471390316,1471390319,3
4,1471390325,1471390335,10
1,1471390328,1471390334,6
4,1471390335,1471390338,3
4,1471390338,1471390340,2
4,1471390340,1471390344,4
4,1471390344,1471390349,5
4,1471390349,1471390353,4
4,1471390353,1471390356,3
4,1471390356,1471390362,6
1,1471390359,1471390361,2
4,1471390366,1471390368,2
4,1471390368,1471390370,2
4,1471390371,1471390374,3
4,1471390374,1471390376,2
4,1471390376,1471390381,5
4,1471390381,1471390385,4
4,1471390385,1471390389,4
4,1471390390,1471390394,4
4,1471390394,1471390398,4
1,1471390396,1471390400,4
1,1471390403,1471390406,3
4,1471390408,1471390410,2
4,1471390410,1471390416,6
1,1471390413,1471390415,2
4,1471390416,1471390418,2
4,1471390419,1471390421,2
4,1471390422,1471390424,2
4,1471390425,1471390430,5
4,1471390430,1471390438,8
1,1471390431,1471390437,6
4,1471390438,1471390441,3
10,1471390440,1471390441,1
4,1471390441,1471390444,3
4,1471390444,1471390448,4
10,1471390445,1471390448,3
4,1471390448,1471390450,2
4,1471390451,1471390471,20
10,1471390453,1471390454,1
1,1471390457,1471390461,4
14,1471390459,1471390465,6
1,1471390466,1471390471,5
4,1471390472,1471390483,11
10,1471390473,1471390474,1
1,1471390480,1471390482,2
4,1471390484,1471390489,5
4,1471390489,1471390493,4
4,1471390493,1471390496,3
4,1471390496,1471390505,9
1,1471390499,1471390508,9
4,1471390505,1471390512,7
4,1471390513,1471390516,3
4,1471390517,1471390520,3
4,1471390520,1471390526,6
1,1471390527,1471390529,2
14,1471390529,1471390536,7
1,1471390536,1471390537,1
1,1471390549,1471390553,4
4,1471390553,1471390557,4
4,1471390557,1471390559,2
10,1471390558,1471390560,2
4,1471390560,1471390562,2
4,1471390562,1471390568,6
4,1471390580,1471390582,2
1,1471390583,1471390587,4
14,1471390585,1471390591,6
1,1471390592,1471390601,9
4,1471390604,1471390610,6
10,1471390604,1471390607,3
4,1471390611,1471390614,3
4,1471390614,1471390619,5
4,1471390620,1471390622,2
4,1471390622,1471390624,2
4,1471390624,1471390627,3
4,1471390628,1471390630,2
4,1471390630,1471390632,2
4,1471390633,1471390636,3
4,1471390636,1471390638,2
4,1471390638,1471390644,6
4,1471390644,1471390648,4
4,1471390648,1471390652,4
4,1471390652,1471390659,7
1,1471390654,1471390658,4
4,1471390659,1471390662,3
4,1471390662,1471390664,2
4,1471390664,1471390666,2
4,1471390667,1471390672,5
1,1471390669,1471390675,6
4,1471390678,1471390680,2
4,1471390680,1471390684,4
4,1471390684,1471390687,3
1,1471390691,1471390693,2
4,1471390693,1471390697,4
1,1471390697,1471390702,5
14,1471390700,1471390706,6
1,1471390749,1471390751,2
4,1471390751,1471390760,9
10,1471390754,1471390755,1
4,1471390761,1471390764,3
1,1471390772,1471390780,8
4,1471390780,1471390784,4
4,1471390784,1471390836,52
1,1471390788,1471390794,6
14,1471390792,1471390799,7
1,1471390800,1471390805,5
1,1471390809,1471390823,14
1,1471390835,1471390841,6
4,1471390836,1471390842,6
4,1471390842,1471390850,8
1,1471390845,1471390854,9
4,1471390850,1471390856,6
1,1471390867,1471390876,9
4,1471390882,1471390890,8
1,1471390887,1471390892,5
4,1471390893,1471390896,3
10,1471390895,1471390896,1
4,1471390896,1471390901,5
1,1471390898,1471390901,3
4,1471390902,1471390904,2
4,1471390904,1471390906,2
4,1471390906,1471390910,4
4,1471390910,1471390993,83
1,1471390914,1471390916,2
1,1471390924,1471390930,6
1,1471390986,1471390992,6
4,1471390994,1471390997,3
10,1471391000,1471391001,1
4,1471391001,1471391004,3
4,1471391004,1471391007,3
1,1471391009,1471391011,2
4,1471391015,1471391022,7
1,1471391018,1471391030,12
4,1471391022,1471391026,4
10,1471391023,1471391024,1
4,1471391026,1471391032,6
10,1471391027,1471391028,1
1,1471391038,1471391039,1
4,1471391040,1471391042,2
4,1471391043,1471391046,3
10,1471391044,1471391046,2
4,1471391046,1471391049,3
10,1471391047,1471391049,2
4,1471391049,1471391052,3
10,1471391049,1471391052,3
4,1471391053,1471391058,5
4,1471391058,1471391061,3
4,1471391067,1471391075,8
1,1471391069,1471391074,5
4,1471391075,1471391077,2
4,1471391078,1471391083,5
4,1471391083,1471391090,7
1,1471391084,1471391088,4
4,1471391090,1471391097,7
4,1471391097,1471391112,15
1,1471391100,1471391102,2
1,1471391106,1471391108,2
4,1471391112,1471391125,13
1,1471391117,1471391121,4
4,1471391125,1471391127,2
4,1471391127,1471391129,2
10,1471391128,1471391129,1
10,1471391129,1471391131,2
4,1471391131,1471391135,4
4,1471391136,1471391141,5
4,1471391141,1471391144,3
10,1471391144,1471391145,1
4,1471391145,1471391147,2
10,1471391146,1471391147,1
4,1471391147,1471391159,12
10,1471391150,1471391151,1
1,1471391152,1471391157,5
1,1471391162,1471391168,6
4,1471391170,1471391174,4
1,1471391172,1471391177,5
4,1471391178,1471391188,10
1,1471391182,1471391186,4
4,1471391188,1471391192,4
1,1471391191,1471391193,2
4,1471391192,1471391195,3
4,1471391195,1471391203,8
4,1471391203,1471391239,36
1,1471391213,1471391215,2
1,1471391230,1471391231,1
1,1471391236,1471391245,9
4,1471391241,1471391245,4
1,1471391249,1471391252,3
4,1471391253,1471391256,3
4,1471391256,1471391260,4
1,1471391257,1471391272,15
4,1471391263,1471391267,4
1,1471391279,1471391301,22
4,1471391283,1471391287,4
4,1471391287,1471391294,7
4,1471391300,1471391310,10
4,1471391310,1471391370,60
1,1471391319,1471391331,12
4,1471391371,1471391373,2
4,1471391374,1471391378,4
4,1471391378,1471391407,29
1,1471391381,1471391383,2
1,1471391398,1471391406,8
4,1471391407,1471391410,3
4,1471391410,1471391412,2
4,1471391415,1471391418,3
1,1471391419,1471391421,2
4,1471391422,1471391426,4
4,1471391426,1471391491,65
1,1471391426,1471391437,11
1,1471391453,1471391457,4
1,1471391469,1471391473,4
1,1471391482,1471391510,28
4,1471391495,1471391503,8
4,1471391505,1471391513,8
4,1471391515,1471391522,7
1,1471391518,1471391522,4
4,1471391523,1471391525,2
4,1471391525,1471391529,4
1,1471391534,1471391536,2
1,1471391539,1471391544,5
4,1471391545,1471391551,6
4,1471391555,1471391579,24
1,1471391563,1471391570,7
1,1471391576,1471391585,9
4,1471391587,1471391593,6
4,1471391593,1471391613,20
1,1471391600,1471391610,10
1,1471391616,1471391621,5
4,1471391622,1471391633,11
1,1471391625,1471391633,8
4,1471391634,1471391637,3
1,1471391636,1471391641,5
1,1471391647,1471391649,2
10,1471391649,1471391650,1
4,1471391653,1471391655,2
4,1471391655,1471391660,5
4,1471391660,1471391662,2
4,1471391662,1471391664,2
10,1471391663,1471391664,1
4,1471391665,1471391667,2
4,1471391667,1471391676,9
1,1471391669,1471391670,1
1,1471391674,1471391683,9
4,1471391676,1471391679,3
4,1471391679,1471391683,4
4,1471391683,1471391686,3
4,1471391686,1471391689,3
4,1471391689,1471391691,2
4,1471391691,1471391695,4
10,1471391693,1471391695,2
4,1471391695,1471391704,9
1,1471391699,1471391709,10
4,1471391705,1471391707,2
4,1471391707,1471391710,3
4,1471391710,1471391712,2
4,1471391712,1471391714,2
4,1471391714,1471391717,3
4,1471391717,1471391719,2
4,1471391719,1471391740,21
1,1471391724,1471391734,10
4,1471391740,1471391748,8
1,1471391744,1471391747,3
4,1471391748,1471391750,2
10,1471391749,1471391750,1
4,1471391750,1471391753,3
4,1471391753,1471391755,2
4,1471391757,1471391778,21
1,1471391766,1471391819,53
4,1471391778,1471391780,2
4,1471391780,1471391784,4
4,1471391784,1471391788,4
4,1471391794,1471391801,7
4,1471391810,1471391820,10
1,1471391832,1471391846,14
1,1471391859,1471391865,6
1,1471391870,1471391879,9
1,1471391885,1471391886,1
4,1471391888,1471391895,7
4,1471391895,1471391953,58
1,1471391897,1471391908,11
1,1471391914,1471391918,4
1,1471391937,1471391942,5
1,1471391946,1471391949,3
4,1471391953,1471391974,21
1,1471391959,1471391964,5
1,1471391971,1471391973,2
4,1471391975,1471391978,3
4,1471391979,1471391981,2
4,1471391981,1471391984,3
4,1471391985,1471391989,4
10,1471391987,1471391989,2
4,1471391989,1471391991,2
10,1471391989,1471391991,2
4,1471391991,1471392059,68
1,1471392018,1471392019,1
1,1471392043,1471392049,6
1,1471392052,1471392089,37
4,1471392059,1471392207,148
1,1471392128,1471392142,14
1,1471392148,1471392160,12
1,1471392164,1471392181,17
14,1471392180,1471392201,21
1,1471392186,1471392192,6
1,1471392197,1471392206,9
4,1471392207,1471392278,71
1,1471392209,1471392213,4
1,1471392220,1471392224,4
1,1471392235,1471392237,2
1,1471392243,1471392279,36
14,1471392274,1471393005,731
11,1471392276,1471392286,10
4,1471392278,1471392281,3
4,1471392281,1471392283,2
4,1471392284,1471392304,20
1,1471392285,1471392286,1
11,1471392286,1471392294,8
1,1471392289,1471392300,11
11,1471392294,1471392297,3
11,1471392297,1471392304,7
11,1471392304,1471392312,8
11,1471392312,1471392615,303
11,1471392615,1471392621,6
1,1471392615,1471392618,3
4,1471392615,1471392621,6
1,1471392621,1471392623,2
11,1471392622,1471392652,30
1,1471392651,1471392657,6
11,1471392653,1471392654,1
11,1471392654,1471392657,3
11,1471392657,1471392687,30
11,1471392687,1471392703,16
1,1471392696,1471392703,7
11,1471392703,1471392757,54
1,1471392707,1471392735,28
4,1471392732,1471392735,3
4,1471392736,1471392738,2
4,1471392739,1471392741,2
4,1471392741,1471392744,3
4,1471392744,1471392746,2
4,1471392746,1471392749,3
4,1471392749,1471392752,3
4,1471392752,1471392754,2
4,1471392755,1471392771,16
11,1471392757,1471392766,9
1,1471392761,1471392774,13
11,1471392766,1471392771,5
11,1471392771,1471393005,234
4,1471392774,1471392783,9
1,1471392781,1471392784,3
4,1471392785,1471392789,4
4,1471392789,1471392792,3
4,1471392795,1471392798,3
4,1471392798,1471392831,33
4,1471392832,1471392834,2
4,1471392834,1471392836,2
4,1471392837,1471392839,2
4,1471392839,1471392843,4
4,1471392843,1471392845,2
4,1471392845,1471392848,3
4,1471392848,1471392850,2
4,1471392852,1471392858,6
4,1471392860,1471392863,3
4,1471392864,1471392866,2
4,1471392866,1471392868,2
4,1471392869,1471392876,7
4,1471392907,1471392938,31
1,1471392945,1471392976,31
4,1471392959,1471392967,8
4,1471392971,1471392975,4
4,1471392983,1471392985,2
1,1471392987,1471392990,3
4,1471392988,1471393006,18
1,1471392994,1471393004,10
5,1471392996,1471392999,3
1,1471393010,1471393017,7
1,1471393023,1471393025,2
1,1471393033,1471393087,54
4,1471393084,1471393087,3
4,1471393088,1471393106,18
10,1471393089,1471393092,3
1,1471393090,1471393092,2
1,1471393098,1471393107,9
4,1471393108,1471393127,19
1,1471393113,1471393126,13
4,1471393127,1471393129,2
4,1471393130,1471393132,2
4,1471393132,1471393135,3
4,1471393136,1471393138,2
4,1471393138,1471393144,6
10,1471393140,1471393143,3
1,1471393142,1471393143,1
4,1471393144,1471393146,2
4,1471393146,1471393155,9
1,1471393148,1471393163,15
4,1471393155,1471393164,9
4,1471393166,1471393169,3
4,1471393169,1471393178,9
1,1471393170,1471393185,15
4,1471393178,1471393191,13
1,1471393192,1471393208,16
4,1471393194,1471393197,3
4,1471393197,1471393201,4
4,1471393209,1471393212,3
1,1471393212,1471393216,4
4,1471393213,1471393217,4
4,1471393222,1471393226,4
10,1471393224,1471393226,2
4,1471393226,1471393228,2
10,1471393226,1471393228,2
4,1471393228,1471393231,3
4,1471393232,1471393235,3
4,1471393235,1471393240,5
10,1471393236,1471393239,3
4,1471393240,1471393242,2
4,1471393243,1471393245,2
4,1471393245,1471393250,5
1,1471393247,1471393257,10
4,1471393250,1471393254,4
4,1471393259,1471393267,8
1,1471393260,1471393264,4
4,1471393268,1471393270,2
4,1471393270,1471393272,2
4,1471393277,1471393299,22
1,1471393282,1471393293,11
14,1471393290,1471393341,51
11,1471393297,1471393302,5
4,1471393300,1471393308,8
11,1471393302,1471393307,5
1,1471393303,1471393319,16
11,1471393308,1471393328,20
4,1471393309,1471393329,20
1,1471393326,1471393330,4
11,1471393329,1471393333,4
1,1471393333,1471393345,12
11,1471393334,1471393335,1
4,1471393336,1471393342,6
11,1471393336,1471393341,5
5,1471393340,1471393341,1
1,1471393358,1471393359,1
4,1471393360,1471393366,6
1,1471393363,1471393372,9
4,1471393369,1471393373,4
4,1471393373,1471393377,4
4,1471393377,1471393380,3
4,1471393380,1471393383,3
4,1471393383,1471393385,2
4,1471393385,1471393454,69
1,1471393389,1471393398,9
1,1471393401,1471393403,2
1,1471393416,1471393433,17
1,1471393436,1471393444,8
1,1471393452,1471393453,1
4,1471393455,1471393457,2
10,1471393457,1471393463,6
1,1471393463,1471393472,9
4,1471393467,1471393470,3
4,1471393471,1471393473,2
4,1471393473,1471393484,11
1,1471393475,1471393482,7
10,1471393476,1471393482,6
4,1471393484,1471393487,3
10,1471393485,1471393487,2
4,1471393487,1471393490,3
4,1471393490,1471393495,5
4,1471393495,1471393499,4
4,1471393499,1471393528,29
1,1471393503,1471393515,12
1,1471393520,1471393525,5
4,1471393529,1471393531,2
4,1471393531,1471393533,2
4,1471393533,1471393536,3
1,1471393535,1471393536,1
4,1471393537,1471393552,15
1,1471393543,1471393550,7
4,1471393552,1471393565,13
10,1471393553,1471393554,1
1,1471393562,1471393563,1
4,1471393565,1471393568,3
10,1471393567,1471393568,1
4,1471393568,1471393573,5
4,1471393573,1471393577,4
1,1471393575,1471393606,31
4,1471393578,1471393583,5
4,1471393586,1471393592,6
4,1471393597,1471393602,5
4,1471393605,1471393614,9
1,1471393609,1471393620,11
4,1471393618,1471393620,2
4,1471393620,1471393642,22
1,1471393627,1471393654,27
4,1471393644,1471393715,71
1,1471393657,1471393659,2
1,1471393663,1471393673,10
14,1471393670,1471393676,6
1,1471393676,1471393684,8
1,1471393705,1471393714,9
4,1471393715,1471393725,10
10,1471393717,1471393719,2
1,1471393718,1471393738,20
4,1471393727,1471393731,4
4,1471393733,1471393736,3
4,1471393736,1471393740,4
4,1471393740,1471393743,3
1,1471393744,1471393748,4
14,1471393747,1471393754,7
1,1471393756,1471393775,19
4,1471393773,1471393786,13
1,1471393780,1471393784,4
4,1471393786,1471393791,5
1,1471393788,1471393793,5
4,1471393793,1471393832,39
10,1471393795,1471393798,3
1,1471393797,1471393801,4
14,1471393801,1471393807,6
1,1471393808,1471393810,2
1,1471393815,1471393830,15
4,1471393832,1471393872,40
1,1471393834,1471393837,3
14,1471393836,1471393842,6
1,1471393844,1471393849,5
1,1471393853,1471393856,3
1,1471393860,1471393874,14
1,1471393882,1471393894,12
4,1471393886,1471394147,261
1,1471393898,1471393923,25
1,1471393978,1471393983,5
1,1471393987,1471393990,3
1,1471394051,1471394058,7
1,1471394061,1471394069,8
1,1471394144,1471394151,7
4,1471394147,1471471382,77235
1,1471394156,1471394159,3
1,1471471175,1471471176,1
1,1471471180,1471471183,3
1,1471471195,1471471207,12
1,1471471210,1471471213,3
1,1471471221,1471471238,17
1,1471471242,1471471254,12
1,1471471258,1471471292,34
1,1471471295,1471471303,8
1,1471471307,1471471326,19
5,1471471325,1471471328,3
1,1471471330,1471471348,18
1,1471471353,1471471371,18
1,1471471377,1471471381,4
4,1471471382,1471471385,3
4,1471471386,1471471394,8
4,1471471395,1471471397,2
4,1471471398,1471471408,10
1,1471471400,1471471425,25
4,1471471417,1471471419,2
4,1471471426,1471471429,3
4,1471471429,1471471431,2
4,1471471431,1471471443,12
1,1471471434,1471471444,10
4,1471471447,1471471451,4
1,1471471456,1471471476,20
14,1471471459,1471471488,29
1,1471471488,1471471502,14
14,1471471500,1471471509,9
1,1471471507,1471471518,11
1,1471471522,1471471524,2
4,1471471528,1471471535,7
1,1471471530,1471471534,4
4,1471471538,1471471540,2
4,1471471540,1471471543,3
4,1471471543,1471471545,2
4,1471471545,1471471548,3
4,1471471549,1471471552,3
4,1471471552,1471471559,7
1,1471471555,1471471562,7
4,1471471559,1471471563,4
4,1471471563,1471471570,7
10,1471471565,1471471570,5
1,1471471568,1471471574,6
4,1471471577,1471471583,6
1,1471471579,1471471582,3
4,1471471583,1471471585,2
4,1471471585,1471471587,2
4,1471471588,1471471590,2
4,1471471590,1471471593,3
4,1471471593,1471471595,2
4,1471471595,1471471658,63
1,1471471600,1471471606,6
14,1471471605,1471471629,24
1,1471471625,1471471635,10
1,1471471656,1471471662,6
4,1471471659,1471471826,167
1,1471471668,1471471670,2
1,1471471691,1471471702,11
14,1471471702,1471471749,47
1,1471471709,1471471716,7
1,1471471722,1471471728,6
1,1471471736,1471471742,6
1,1471471748,1471471758,10
14,1471471756,1471471784,28
1,1471471769,1471471775,6
1,1471471786,1471471787,1
1,1471471790,1471471800,10
5,1471471800,1471471808,8
1,1471471808,1471471812,4
1,1471471815,1471471827,12
4,1471471826,1471471829,3
4,1471471829,1471471851,22
1,1471471831,1471471849,18
4,1471471851,1471471853,2
4,1471471853,1471471862,9
10,1471471855,1471471860,5
1,1471471859,1471471866,7
4,1471471862,1471471869,7
10,1471471867,1471471870,3
4,1471471871,1471471879,8
10,1471471872,1471471879,7
4,1471471879,1471471881,2
4,1471471881,1471471889,8
1,1471471883,1471471886,3
4,1471471889,1471471897,8
1,1471471891,1471471896,5
4,1471471897,1471471899,2
4,1471471900,1471471905,5
4,1471471905,1471471909,4
4,1471471909,1471471916,7
10,1471471909,1471471911,2
10,1471471911,1471471916,5
4,1471471916,1471471923,7
4,1471471923,1471471925,2
4,1471471925,1471471929,4
4,1471471930,1471471940,10
1,1471471935,1471471939,4
4,1471471940,1471471942,2
10,1471471941,1471471942,1
4,1471471943,1471471982,39
1,1471471960,1471471962,2
1,1471471967,1471471970,3
10,1471471973,1471471981,8
4,1471471982,1471471991,9
10,1471471984,1471471985,1
1,1471471986,1471471990,4
1,1471471995,1471471999,4
4,1471472000,1471472006,6
4,1471472007,1471472012,5
4,1471472012,1471472015,3
4,1471472016,1471472018,2
4,1471472020,1471472022,2
4,1471472022,1471472024,2
4,1471472025,1471472029,4
1,1471472028,1471472030,2
4,1471472031,1471472034,3
10,1471472032,1471472033,1
4,1471472034,1471472038,4
4,1471472039,1471472042,3
4,1471472042,1471472045,3
1,1471472043,1471472044,1
4,1471472045,1471472047,2
4,1471472047,1471472050,3
4,1471472052,1471472058,6
10,1471472052,1471472058,6
4,1471472058,1471472061,3
4,1471472061,1471472066,5
4,1471472066,1471472074,8
1,1471472068,1471472073,5
4,1471472074,1471472079,5
10,1471472075,1471472078,3
4,1471472079,1471472081,2
1,1471472080,1471472089,9
4,1471472085,1471472087,2
1,1471472095,1471472116,21
4,1471472098,1471472124,26
1,1471472121,1471472123,2
4,1471472124,1471472126,2
4,1471472126,1471472129,3
4,1471472129,1471472131,2
4,1471472131,1471472134,3
4,1471472134,1471472209,75
1,1471472189,1471472191,2
1,1471472205,1471472208,3
4,1471472211,1471472219,8
1,1471472214,1471472217,3
4,1471472219,1471472221,2
4,1471472222,1471472224,2
4,1471472224,1471472226,2
10,1471472227,1471472232,5
4,1471472232,1471472235,3
4,1471472236,1471472238,2
4,1471472239,1471472265,26
10,1471472239,1471472240,1
1,1471472244,1471472253,9
1,1471472262,1471472265,3
4,1471472269,1471472277,8
1,1471472273,1471472276,3
4,1471472277,1471472280,3
10,1471472279,1471472280,1
4,1471472280,1471472282,2
10,1471472280,1471472282,2
10,1471472282,1471472285,3
4,1471472285,1471472287,2
4,1471472289,1471472294,5
4,1471472294,1471472321,27
1,1471472303,1471472307,4
4,1471472322,1471472324,2
1,1471472323,1471472330,7
4,1471472334,1471472337,3
4,1471472337,1471472340,3
1,1471472338,1471472339,1
4,1471472341,1471472345,4
1,1471472343,1471472345,2
4,1471472345,1471472348,3
10,1471472346,1471472348,2
4,1471472348,1471472352,4
10,1471472350,1471472351,1
1,1471472350,1471472359,9
4,1471472352,1471472360,8
10,1471472353,1471472355,2
4,1471472363,1471472370,7
1,1471472364,1471472369,5
4,1471472371,1471472376,5
1,1471472373,1471472375,2
4,1471472376,1471472383,7
1,1471472379,1471472382,3
4,1471472383,1471472387,4
4,1471472387,1471472390,3
4,1471472391,1471472393,2
4,1471472393,1471472477,84
1,1471472396,1471472400,4
1,1471472442,1471472446,4
1,1471472459,1471472461,2
1,1471472473,1471472477,4
4,1471472480,1471472491,11
1,1471472486,1471472489,3
4,1471472492,1471472517,25
1,1471472494,1471472499,5
1,1471472513,1471472518,5
4,1471472521,1471472561,40
1,1471472546,1471472552,6
1,1471472556,1471472559,3
4,1471472561,1471472633,72
10,1471472564,1471472570,6
1,1471472572,1471472576,4
1,1471472613,1471472614,1
4,1471472634,1471472637,3
4,1471472637,1471472640,3
4,1471472640,1471472643,3
4,1471472643,1471472647,4
4,1471472647,1471472650,3
10,1471472648,1471472649,1
4,1471472650,1471472652,2
4,1471472652,1471472655,3
10,1471472653,1471472655,2
10,1471472657,1471472660,3
1,1471472658,1471472660,2
4,1471472661,1471472664,3
4,1471472664,1471472668,4
4,1471472668,1471472672,4
4,1471472673,1471472676,3
4,1471472677,1471472679,2
10,1471472678,1471472679,1
4,1471472679,1471472681,2
10,1471472680,1471472681,1
4,1471472682,1471472685,3
10,1471472682,1471472685,3
4,1471472685,1471472690,5
10,1471472687,1471472690,3
4,1471472690,1471472695,5
10,1471472690,1471472691,1
4,1471472695,1471472698,3
1,1471472696,1471472698,2
4,1471472698,1471472707,9
1,1471472705,1471472706,1
4,1471472707,1471472711,4
4,1471472711,1471472716,5
1,1471472713,1471472715,2
4,1471472716,1471472721,5
10,1471472717,1471472718,1
4,1471472724,1471472726,2
4,1471472726,1471472728,2
4,1471472728,1471472730,2
4,1471472730,1471472734,4
10,1471472732,1471472735,3
4,1471472735,1471472737,2
10,1471472737,1471472738,1
4,1471472737,1471472740,3
4,1471472740,1471472744,4
4,1471472747,1471472754,7
1,1471472750,1471472753,3
4,1471472754,1471472762,8
1,1471472757,1471472787,30
4,1471472769,1471472775,6
4,1471472778,1471472783,5
4,1471472788,1471472796,8
1,1471472799,1471472802,3
4,1471472803,1471472808,5
4,1471472808,1471472814,6
4,1471472814,1471472822,8
10,1471472815,1471472816,1
1,1471472816,1471472819,3
1,1471472826,1471472829,3
4,1471472831,1471472833,2
4,1471472833,1471472837,4
10,1471472836,1471472838,2
4,1471472838,1471472840,2
4,1471472840,1471472845,5
10,1471472841,1471472843,2
4,1471472845,1471472851,6
4,1471472851,1471472853,2
4,1471472853,1471472855,2
4,1471472856,1471472860,4
4,1471472864,1471472868,4
1,1471472865,1471472866,1
4,1471472869,1471472880,11
1,1471472872,1471472879,7
4,1471472881,1471472884,3
4,1471472884,1471472889,5
4,1471472890,1471472893,3
4,1471472899,1471472901,2
4,1471472903,1471472905,2
4,1471472905,1471472909,4
4,1471472911,1471472915,4
1,1471472912,1471472917,5
4,1471472918,1471472926,8
10,1471472920,1471472921,1
1,1471472921,1471472923,2
4,1471472930,1471472937,7
1,1471472933,1471472957,24
4,1471472939,1471472946,7
4,1471472948,1471472952,4
4,1471472953,1471473004,51
1,1471472962,1471472964,2
1,1471472980,1471472987,7
1,1471472994,1471473003,9
4,1471473004,1471473007,3
4,1471473007,1471473009,2
4,1471473009,1471473017,8
1,1471473012,1471473019,7
4,1471473017,1471473028,11
4,1471473028,1471473030,2
10,1471473029,1471473030,1
10,1471473030,1471473034,4
4,1471473034,1471473038,4
10,1471473036,1471473038,2
4,1471473038,1471473041,3
4,1471473041,1471473045,4
4,1471473046,1471473048,2
10,1471473048,1471473049,1
4,1471473049,1471473053,4
10,1471473049,1471473051,2
10,1471473052,1471473053,1
4,1471473054,1471473056,2
10,1471473054,1471473055,1
10,1471473055,1471473056,1
4,1471473058,1471473060,2
4,1471473060,1471473063,3
4,1471473063,1471473065,2
4,1471473070,1471473073,3
10,1471473071,1471473072,1
4,1471473074,1471473077,3
4,1471473077,1471473079,2
4,1471473080,1471473086,6
4,1471473088,1471473090,2
4,1471473091,1471473093,2
4,1471473093,1471473095,2
1,1471473104,1471473108,4
4,1471473111,1471473113,2
4,1471473114,1471473140,26
1,1471473136,1471473137,1
4,1471473140,1471473158,18
1,1471473155,1471473157,2
4,1471473158,1471473160,2
4,1471473160,1471473164,4
10,1471473161,1471473162,1
4,1471473164,1471473167,3
4,1471473167,1471473172,5
1,1471473168,1471473171,3
4,1471473172,1471473175,3
10,1471473174,1471473176,2
4,1471473175,1471473177,2
4,1471473177,1471473180,3
4,1471473180,1471473182,2
4,1471473183,1471473186,3
4,1471473186,1471473188,2
4,1471473191,1471473193,2
4,1471473193,1471473195,2
4,1471473197,1471473203,6
10,1471473198,1471473201,3
4,1471473205,1471473208,3
4,1471473209,1471473215,6
4,1471473215,1471473218,3
10,1471473216,1471473217,1
4,1471473218,1471473220,2
4,1471473221,1471473223,2
4,1471473224,1471473226,2
4,1471473226,1471473228,2
4,1471473228,1471473233,5
1,1471473234,1471473235,1
4,1471473237,1471473257,20
1,1471473244,1471473256,12
4,1471473258,1471473270,12
4,1471473272,1471473274,2
4,1471473274,1471473276,2
4,1471473278,1471473281,3
10,1471473279,1471473281,2
4,1471473281,1471473283,2
4,1471473284,1471473287,3
4,1471473288,1471473291,3
4,1471473291,1471473293,2
4,1471473293,1471473296,3
4,1471473296,1471473298,2
4,1471473299,1471473303,4
10,1471473300,1471473302,2
10,1471473305,1471473306,1
4,1471473306,1471473308,2
4,1471473308,1471473312,4
4,1471473312,1471473315,3
4,1471473318,1471473322,4
1,1471473320,1471473321,1
4,1471473322,1471473324,2
4,1471473325,1471473331,6
10,1471473326,1471473328,2
4,1471473331,1471473338,7
4,1471473339,1471473344,5
10,1471473340,1471473343,3
4,1471473344,1471473349,5
10,1471473346,1471473348,2
1,1471473347,1471473348,1
4,1471473349,1471473357,8
10,1471473353,1471473356,3
4,1471473358,1471473360,2
4,1471473360,1471473363,3
10,1471473361,1471473363,2
4,1471473363,1471473366,3
4,1471473369,1471473372,3
10,1471473371,1471473372,1
4,1471473373,1471473377,4
10,1471473375,1471473377,2
4,1471473379,1471473386,7
4,1471473386,1471473388,2
4,1471473389,1471473392,3
4,1471473392,1471473394,2
4,1471473394,1471473400,6
10,1471473396,1471473398,2
1,1471473398,1471473400,2
1,1471473404,1471473410,6
4,1471473408,1471473416,8
10,1471473409,1471473410,1
1,1471473413,1471473419,6
4,1471473416,1471473419,3
4,1471473421,1471473423,2
10,1471473423,1471473424,1
4,1471473424,1471473427,3
4,1471473427,1471473429,2
4,1471473430,1471473432,2
4,1471473433,1471473437,4
4,1471473437,1471473440,3
4,1471473440,1471473443,3
4,1471473443,1471473445,2
4,1471473448,1471473452,4
4,1471473453,1471473456,3
4,1471473456,1471473459,3
4,1471473459,1471473466,7
1,1471473463,1471473465,2
4,1471473468,1471473470,2
1,1471473484,1471473486,2
4,1471473488,1471473490,2
4,1471473492,1471473495,3
4,1471473495,1471473498,3
4,1471473498,1471473501,3
4,1471473501,1471473505,4
4,1471473506,1471473508,2
4,1471473508,1471473510,2
4,1471473511,1471473513,2
4,1471473513,1471473516,3
4,1471473516,1471473518,2
4,1471473518,1471473520,2
4,1471473521,1471473523,2
4,1471473524,1471473527,3
4,1471473527,1471473529,2
4,1471473530,1471473532,2
4,1471473532,1471473534,2
4,1471473534,1471473539,5
4,1471473541,1471473544,3
4,1471473544,1471473547,3
4,1471473547,1471473586,39
1,1471473550,1471473553,3
1,1471473560,1471473564,4
1,1471473584,1471473590,6
4,1471473586,1471473591,5
10,1471473587,1471473588,1
10,1471473591,1471473595,4
4,1471473595,1471473601,6
1,1471473597,1471473602,5
4,1471473602,1471473605,3
4,1471473607,1471473611,4
4,1471473611,1471473617,6
1,1471473615,1471473617,2
4,1471473617,1471473623,6
4,1471473624,1471473628,4
10,1471473625,1471473626,1
4,1471473629,1471473632,3
4,1471473632,1471473635,3
4,1471473636,1471473639,3
4,1471473639,1471473642,3
10,1471473641,1471473642,1
4,1471473642,1471473644,2
4,1471473644,1471473652,8
4,1471473652,1471473655,3
4,1471473655,1471473657,2
4,1471473657,1471473664,7
1,1471473661,1471473663,2
4,1471473664,1471473667,3
4,1471473668,1471473670,2
10,1471473672,1471473673,1
4,1471473675,1471473679,4
1,1471473677,1471473679,2
4,1471473679,1471473685,6
1,1471473683,1471473684,1
4,1471473685,1471473690,5
1,1471473689,1471473690,1
4,1471473692,1471473709,17
1,1471473696,1471473697,1
1,1471473703,1471473708,5
4,1471473709,1471473712,3
4,1471473712,1471473714,2
4,1471473715,1471473717,2
4,1471473717,1471473722,5
1,1471473720,1471473728,8
4,1471473722,1471473917,195
1,1471473747,1471473753,6
1,1471473790,1471473793,3
1,1471473911,1471473915,4
4,1471473917,1471473919,2
4,1471473921,1471473925,4
4,1471473925,1471473928,3
4,1471473930,1471473932,2
4,1471473933,1471473935,2
4,1471473942,1471473945,3
10,1471473943,1471473944,1
4,1471473945,1471473947,2
4,1471473947,1471473949,2
4,1471473951,1471473953,2
4,1471473954,1471473962,8
10,1471473955,1471473957,2
1,1471473958,1471473964,6
4,1471473962,1471473966,4
4,1471473966,1471473974,8
10,1471473975,1471473983,8
4,1471473988,1471473990,2
10,1471473991,1471473993,2
4,1471473998,1471474001,3
1,1471474004,1471474006,2
1,1471474030,1471474031,1
4,1471474032,1471474038,6
4,1471474041,1471474049,8
1,1471474044,1471474047,3
4,1471474049,1471474053,4
10,1471474050,1471474052,2
4,1471474053,1471474058,5
1,1471474061,1471474063,2
1,1471474080,1471474082,2
4,1471474083,1471474125,42
1,1471474119,1471474124,5
4,1471474125,1471474128,3
11,1471474126,1471474127,1
11,1471474127,1471474145,18
1,1471474129,1471474156,27
4,1471474131,1471474133,2
4,1471474145,1471474150,5
4,1471474150,1471474170,20
1,1471474164,1471474167,3
4,1471474171,1471474175,4
10,1471474174,1471474175,1
4,1471474175,1471474179,4
4,1471474179,1471474182,3
4,1471474184,1471474192,8
1,1471474187,1471474189,2
4,1471474192,1471474194,2
10,1471474192,1471474193,1
4,1471474194,1471474198,4
1,1471474195,1471474197,2
4,1471474198,1471474207,9
10,1471474200,1471474202,2
1,1471474211,1471474222,11
4,1471474213,1471474244,31
1,1471474235,1471474253,18
4,1471474245,1471474248,3
11,1471474247,1471474252,5
4,1471474249,1471474254,5
11,1471474252,1471474276,24
1,1471474275,1471474335,60
11,1471474276,1471474327,51
5,1471474302,1471474303,1
4,1471474328,1471474336,8
1,1471474339,1471474340,1
1,1471474343,1471474353,10
4,1471474350,1471474354,4
10,1471474351,1471474353,2
4,1471474354,1471474363,9
10,1471474356,1471474361,5
1,1471474361,1471474369,8
4,1471474363,1471474369,6
1,1471474374,1471474386,12
1,1471474392,1471474396,4
4,1471474397,1471474400,3
11,1471474398,1471474400,2
11,1471474400,1471474403,3
1,1471474400,1471474404,4
4,1471474403,1471474429,26
11,1471474403,1471474438,35
1,1471474438,1471474444,6
4,1471474439,1471474444,5
4,1471474449,1471474451,2
1,1471474459,1471474466,7
1,1471474501,1471474502,1
1,1471474505,1471474507,2
4,1471474508,1471474511,3
11,1471474509,1471474510,1
11,1471474510,1471474513,3
11,1471474513,1471474529,16
4,1471474513,1471474530,17
11,1471474529,1471474579,50
4,1471474559,1471474580,21
1,1471474580,1471474583,3
4,1471474583,1471474616,33
1,1471474589,1471474591,2
1,1471474612,1471474614,2
4,1471474616,1471474619,3
11,1471474618,1471474635,17
1,1471474621,1471474623,2
4,1471474621,1471474636,15
1,1471474632,1471474651,19
4,1471474651,1471474686,35
1,1471474664,1471474704,40
4,1471474701,1471474704,3
4,1471474706,1471474712,6
10,1471474709,1471474712,3
4,1471474713,1471474715,2
4,1471474716,1471474721,5
10,1471474719,1471474721,2
4,1471474722,1471474724,2
4,1471474724,1471474726,2
1,1471474730,1471474749,19
4,1471474731,1471474740,9
4,1471474742,1471474747,5
4,1471474747,1471474750,3
4,1471474750,1471474753,3
4,1471474754,1471474760,6
10,1471474756,1471474758,2
1,1471474757,1471474763,6
4,1471474764,1471474766,2
4,1471474766,1471474769,3
10,1471474767,1471474769,2
4,1471474769,1471474772,3
4,1471474773,1471474775,2
10,1471474774,1471474775,1
4,1471474775,1471474778,3
1,1471474776,1471474778,2
10,1471474779,1471474790,11
4,1471474793,1471474800,7
10,1471474794,1471474798,4
1,1471474798,1471474800,2
10,1471474803,1471474805,2
4,1471474807,1471474821,14
1,1471474809,1471474818,9
4,1471474821,1471474823,2
4,1471474823,1471474826,3
4,1471474826,1471474828,2
4,1471474828,1471474831,3
4,1471474831,1471474833,2
4,1471474833,1471474836,3
4,1471474836,1471474839,3
4,1471474839,1471474841,2
10,1471474842,1471474843,1
4,1471474843,1471474846,3
4,1471474852,1471474857,5
4,1471474857,1471474885,28
1,1471474860,1471474863,3
1,1471474866,1471474882,16
4,1471474885,1471474887,2
10,1471474885,1471474886,1
10,1471474886,1471474887,1
4,1471474887,1471474923,36
1,1471474889,1471474915,26
1,1471474918,1471474946,28
11,1471474925,1471474928,3
4,1471474926,1471474928,2
11,1471474929,1471474930,1
4,1471474929,1471474946,17
11,1471474932,1471474934,2
11,1471474934,1471474956,22
1,1471474953,1471474999,46
11,1471474957,1471474966,9
11,1471474967,1471474968,1
11,1471474968,1471474971,3
4,1471474972,1471474995,23
11,1471474972,1471474980,8
11,1471474981,1471474982,1
11,1471474982,1471474991,9
11,1471474991,1471474994,3
11,1471474995,1471474998,3
11,1471474998,1471474999,1
11,1471474999,1471475012,13
1,1471475006,1471475027,21
11,1471475012,1471475015,3
11,1471475015,1471475017,2
4,1471475016,1471475057,41
11,1471475018,1471475022,4
11,1471475023,1471475034,11
1,1471475031,1471475042,11
11,1471475034,1471475038,4
11,1471475038,1471475056,18
1,1471475049,1471475068,19
11,1471475057,1471475058,1
11,1471475058,1471475060,2
11,1471475060,1471475062,2
11,1471475064,1471475065,1
11,1471475065,1471475067,2
11,1471475067,1471475081,14
1,1471475081,1471475084,3
4,1471475081,1471475085,4
4,1471475085,1471475088,3
4,1471475088,1471475091,3
4,1471475091,1471475097,6
1,1471475094,1471475103,9
4,1471475097,1471475120,23
1,1471475116,1471475119,3
4,1471475123,1471475208,85
1,1471475202,1471475213,11
1,1471475227,1471475231,4
4,1471475231,1471475236,5
1,1471475330,1471475334,4
1,1471475338,1471475341,3
1,1471475374,1471475379,5
1,1471475391,1471475395,4
1,1471475510,1471475513,3
4,1471475533,1471475536,3
4,1471475537,1471475543,6
1,1471475540,1471475543,3
4,1471475545,1471475548,3
4,1471475548,1471475551,3
4,1471475551,1471475560,9
4,1471475561,1471475566,5
4,1471475566,1471475569,3
10,1471475568,1471475569,1
4,1471475569,1471475575,6
10,1471475570,1471475575,5
10,1471475575,1471475577,2
4,1471475577,1471475581,4
10,1471475580,1471475581,1
4,1471475582,1471475585,3
4,1471475585,1471475587,2
4,1471475588,1471475590,2
4,1471475590,1471475598,8
1,1471475602,1471475619,17
1,1471475630,1471475642,12
4,1471475633,1471475654,21
1,1471475648,1471475654,6
4,1471475659,1471475763,104
1,1471475758,1471475761,3
4,1471475763,1471475765,2
4,1471475765,1471475768,3
10,1471475766,1471475768,2
4,1471475769,1471475772,3
4,1471475772,1471475779,7
1,1471475775,1471475778,3
4,1471475779,1471475781,2
4,1471475783,1471475786,3
10,1471475784,1471475786,2
4,1471475786,1471475788,2
4,1471475788,1471475790,2
4,1471475790,1471475794,4
10,1471475791,1471475794,3
1,1471475803,1471475817,14
1,1471475828,1471475831,3
4,1471475832,1471475847,15
1,1471475970,1471475979,9
1,1471475985,1471475989,4
1,1471476016,1471476020,4
1,1471476024,1471476027,3
1,1471476035,1471476036,1
1,1471476043,1471476057,14
1,1471476061,1471476065,4
4,1471476066,1471476070,4
11,1471476068,1471476069,1
11,1471476069,1471476080,11
1,1471476069,1471476087,18
11,1471476080,1471476082,2
4,1471476080,1471476100,20
11,1471476083,1471476088,5
11,1471476088,1471476166,78
4,1471476114,1471476124,10
11,1471476166,1471476172,6
1,1471476166,1471476200,34
4,1471476166,1471476382,216
11,1471476172,1471476225,53
1,1471476204,1471476210,6
1,1471476223,1471476235,12
11,1471476226,1471476382,156
1,1471476239,1471476256,17
1,1471476260,1471476265,5
1,1471476323,1471476325,2
1,1471476333,1471476336,3
1,1471476372,1471476391,19
4,1471476392,1471476397,5
10,1471476394,1471476395,1
1,1471476399,1471476402,3
4,1471476402,1471476404,2
4,1471476405,1471476409,4
4,1471476409,1471476411,2
4,1471476411,1471476415,4
4,1471476416,1471476422,6
4,1471476422,1471476435,13
4,1471476435,1471476437,2
4,1471476437,1471476444,7
4,1471476447,1471476449,2
4,1471476450,1471476453,3
4,1471476456,1471476459,3
4,1471476459,1471476462,3
1,1471476460,1471476462,2
4,1471476462,1471476464,2
4,1471476465,1471476469,4
1,1471476466,1471476467,1
4,1471476473,1471476476,3
4,1471476476,1471476480,4
10,1471476477,1471476480,3
4,1471476480,1471476482,2
4,1471476483,1471476485,2
4,1471476485,1471476488,3
4,1471476488,1471476492,4
4,1471476492,1471476496,4
4,1471476496,1471476505,9
1,1471476498,1471476522,24
4,1471476507,1471476509,2
4,1471476510,1471476512,2
10,1471476510,1471476512,2
4,1471476513,1471476515,2
4,1471476515,1471476519,4
4,1471476523,1471476526,3
4,1471476527,1471476531,4
4,1471476532,1471476535,3
4,1471476535,1471476542,7
1,1471476540,1471476541,1
4,1471476542,1471476561,19
1,1471476546,1471476549,3
1,1471476556,1471476557,1
10,1471476557,1471476561,4
4,1471476561,1471476588,27
1,1471476564,1471476566,2
1,1471476578,1471476579,1
1,1471476586,1471476588,2
4,1471476589,1471476591,2
1,1471476592,1471476594,2
4,1471476594,1471476598,4
4,1471476598,1471476601,3
1,1471476598,1471476604,6
4,1471476605,1471476609,4
4,1471476609,1471476613,4
4,1471476613,1471476616,3
1,1471476614,1471476615,1
4,1471476616,1471476619,3
4,1471476619,1471476622,3
1,1471476620,1471476621,1
4,1471476622,1471476660,38
1,1471476627,1471476642,15
1,1471476646,1471476647,1
1,1471476657,1471476659,2
4,1471476660,1471476662,2
4,1471476663,1471476665,2
4,1471476665,1471476669,4
1,1471476667,1471476668,1
4,1471476669,1471476671,2
10,1471476670,1471476671,1
4,1471476671,1471476673,2
1,1471476677,1471476680,3
4,1471476682,1471476685,3
4,1471476685,1471476689,4
1,1471476686,1471476688,2
4,1471476689,1471476696,7
1,1471476694,1471476695,1
4,1471476696,1471476701,5
10,1471476698,1471476700,2
4,1471476701,1471476709,8
4,1471476709,1471476716,7
1,1471476711,1471476713,2
4,1471476716,1471476735,19
1,1471476732,1471476734,2
4,1471476735,1471476749,14
1,1471476740,1471476748,8
4,1471476749,1471476752,3
4,1471476752,1471476759,7
1,1471476756,1471476757,1
4,1471476759,1471476777,18
1,1471476762,1471476768,6
1,1471476774,1471476776,2
1,1471476782,1471476787,5
1,1471476793,1471476818,25
4,1471476810,1471476896,86
1,1471476888,1471476893,5
4,1471476898,1471476977,79
1,1471476970,1471476973,3
4,1471476982,1471476988,6
4,1471476988,1471476999,11
1,1471476997,1471476998,1
4,1471477000,1471477002,2
4,1471477003,1471477005,2
10,1471477004,1471477005,1
4,1471477005,1471477009,4
4,1471477009,1471477011,2
4,1471477011,1471477013,2
4,1471477013,1471477016,3
4,1471477016,1471477019,3
4,1471477019,1471477024,5
10,1471477021,1471477023,2
1,1471477022,1471477031,9
4,1471477029,1471477032,3
4,1471477032,1471477035,3
4,1471477035,1471477037,2
4,1471477038,1471477040,2
4,1471477040,1471477059,19
1,1471477042,1471477043,1
1,1471477047,1471477062,15
4,1471477064,1471477068,4
1,1471477065,1471477105,40
4,1471477069,1471477073,4
4,1471477076,1471477079,3
4,1471477079,1471477086,7
10,1471477081,1471477083,2
4,1471477100,1471477106,6
4,1471477113,1471477131,18
1,1471477114,1471477120,6
1,1471477125,1471477134,9
4,1471477131,1471477143,12
4,1471477143,1471477149,6
1,1471477145,1471477148,3
4,1471477150,1471477152,2
4,1471477152,1471477177,25
1,1471477153,1471477159,6
1,1471477172,1471477177,5
4,1471477181,1471477304,123
1,1471477297,1471477302,5
4,1471477304,1471477310,6
1,1471477308,1471477309,1
4,1471477310,1471477360,50
1,1471477336,1471477341,5
1,1471477357,1471477359,2
4,1471477364,1471478114,750
1,1471477608,1471477615,7
1,1471477624,1471477626,2
1,1471477632,1471477648,16
1,1471477664,1471477687,23
1,1471478111,1471478112,1
5,1471478113,1471478114,1
4,1471478114,1471478167,53
1,1471478117,1471478120,3
5,1471478124,1471478155,31
1,1471478134,1471478138,4
1,1471478158,1471478161,3
5,1471478161,1471478216,55
1,1471478199,1471478201,2
1,1471478205,1471478211,6
4,1471478217,1471478227,10
1,1471478224,1471478226,2
4,1471478228,1471478231,3
10,1471478229,1471478231,2
10,1471478231,1471478232,1
4,1471478232,1471478235,3
4,1471478235,1471478238,3
4,1471478238,1471478242,4
10,1471478239,1471478240,1
10,1471478241,1471478242,1
4,1471478243,1471478258,15
10,1471478243,1471478244,1
10,1471478245,1471478257,12
4,1471478258,1471478274,16
10,1471478258,1471478260,2
10,1471478260,1471478262,2
10,1471478262,1471478264,2
4,1471478275,1471478277,2
10,1471478276,1471478277,1
4,1471478277,1471478322,45
10,1471478277,1471478280,3
10,1471478324,1471478327,3
4,1471478327,1471478342,15
10,1471478328,1471478342,14
1,1471478330,1471478342,12
4,1471478342,1471478345,3
4,1471478345,1471478368,23
10,1471478346,1471478365,19
1,1471478347,1471478366,19
10,1471478372,1471478375,3
1,1471478376,1471478391,15
4,1471478392,1471478394,2
4,1471478394,1471478397,3
10,1471478394,1471478396,2
10,1471478398,1471478406,8
1,1471478418,1471478420,2
4,1471478421,1471478561,140
10,1471478423,1471478424,1
1,1471478553,1471478560,7
4,1471478561,1471478572,11
10,1471478563,1471478572,9
4,1471478572,1471478639,67
10,1471478576,1471478596,20
1,1471478585,1471478599,14
4,1471478639,1471478642,3
10,1471478641,1471478642,1
4,1471478643,1471478645,2
4,1471478645,1471478648,3
10,1471478646,1471478648,2
4,1471478648,1471478652,4
4,1471478652,1471478656,4
10,1471478654,1471478656,2
4,1471478656,1471478659,3
4,1471478663,1471478667,4
10,1471478664,1471478665,1
4,1471478668,1471478671,3
4,1471478671,1471478675,4
1,1471478672,1471478674,2
4,1471478675,1471478679,4
10,1471478679,1471478680,1
4,1471478680,1471478682,2
4,1471478683,1471478685,2
4,1471478686,1471478694,8
10,1471478686,1471478688,2
1,1471478691,1471478693,2
4,1471478694,1471478698,4
10,1471478695,1471478696,1
10,1471478696,1471478698,2
4,1471478698,1471478700,2
4,1471478701,1471478703,2
4,1471478707,1471478711,4
10,1471478709,1471478711,2
4,1471478711,1471478720,9
10,1471478712,1471478720,8
4,1471478720,1471478724,4
10,1471478721,1471478724,3
4,1471478724,1471478729,5
1,1471478727,1471478728,1
4,1471478729,1471478732,3
4,1471478732,1471478738,6
1,1471478737,1471478741,4
4,1471478741,1471478746,5
4,1471478747,1471478749,2
10,1471478748,1471478749,1
10,1471478749,1471478750,1
4,1471478750,1471478752,2
10,1471478750,1471478752,2
4,1471478753,1471478755,2
4,1471478755,1471478759,4
10,1471478756,1471478759,3
10,1471478759,1471478760,1
4,1471478760,1471478764,4
4,1471478764,1471478767,3
10,1471478765,1471478767,2
4,1471478767,1471478769,2
4,1471478769,1471478772,3
4,1471478772,1471478775,3
4,1471478776,1471478778,2
4,1471478779,1471478781,2
4,1471478781,1471478784,3
4,1471478792,1471478794,2
4,1471478794,1471478797,3
4,1471478797,1471478814,17
1,1471478800,1471478817,17
4,1471478817,1471478866,49
1,1471478858,1471478863,5
4,1471478866,1471478875,9
10,1471478867,1471478875,8
10,1471478875,1471478877,2
4,1471478876,1471478880,4
10,1471478877,1471478878,1
10,1471478878,1471478880,2
4,1471478882,1471478886,4
1,1471478887,1471478906,19
4,1471478890,1471478892,2
4,1471478904,1471478907,3
1,1471478949,1471478954,5
4,1471478955,1471478957,2
4,1471478957,1471478961,4
1,1471478959,1471478966,7
4,1471478963,1471478967,4
4,1471478969,1471478974,5
1,1471478971,1471478985,14
4,1471478985,1471478987,2
1,1471479004,1471479019,15
4,1471479008,1471479017,9
4,1471479020,1471479026,6
1,1471479024,1471479025,1
4,1471479051,1471479057,6
1,1471479055,1471479056,1
4,1471479057,1471479059,2
4,1471479060,1471479063,3
4,1471479065,1471479067,2
4,1471479068,1471479070,2
4,1471479070,1471479073,3
10,1471479072,1471479073,1
10,1471479073,1471479075,2
4,1471479075,1471479079,4
10,1471479075,1471479076,1
10,1471479076,1471479079,3
4,1471479079,1471479084,5
4,1471479085,1471479088,3
10,1471479086,1471479088,2
4,1471479088,1471479104,16
4,1471479104,1471479125,21
1,1471479106,1471479111,5
4,1471479125,1471479129,4
1,1471479127,1471479128,1
4,1471479129,1471479131,2
10,1471479130,1471479131,1
4,1471479132,1471479134,2
4,1471479134,1471479140,6
1,1471479137,1471479142,5
4,1471479143,1471479145,2
10,1471479144,1471479145,1
4,1471479145,1471479148,3
4,1471479148,1471479150,2
10,1471479149,1471479150,1
4,1471479151,1471479154,3
10,1471479154,1471479156,2
4,1471479156,1471479160,4
1,1471479157,1471479163,6
4,1471479162,1471479165,3
4,1471479165,1471479181,16
10,1471479167,1471479170,3
1,1471479178,1471479180,2
4,1471479181,1471479184,3
10,1471479182,1471479184,2
4,1471479185,1471479187,2
4,1471479187,1471479191,4
4,1471479191,1471479200,9
1,1471479192,1471479206,14
4,1471479202,1471479207,5
4,1471479207,1471479214,7
1,1471479211,1471479214,3
4,1471479215,1471479220,5
10,1471479215,1471479216,1
10,1471479216,1471479220,4
4,1471479220,1471479223,3
4,1471479223,1471479227,4
10,1471479225,1471479227,2
4,1471479227,1471479231,4
10,1471479227,1471479231,4
4,1471479231,1471479233,2
4,1471479233,1471479240,7
10,1471479235,1471479240,5
4,1471479240,1471479245,5
10,1471479240,1471479245,5
4,1471479245,1471479299,54
1,1471479248,1471479254,6
1,1471479290,1471479298,8
4,1471479299,1471479302,3
10,1471479300,1471479301,1
10,1471479301,1471479302,1
4,1471479304,1471479309,5
10,1471479304,1471479309,5
4,1471479309,1471479314,5
1,1471479311,1471479313,2
4,1471479315,1471479318,3
1,1471479322,1471479326,4
1,1471479430,1471479436,6
4,1471479434,1471479443,9
1,1471479442,1471479446,4
4,1471479448,1471479452,4
1,1471479450,1471479451,1
10,1471479454,1471479456,2
4,1471479456,1471479458,2
4,1471479459,1471479487,28
10,1471479461,1471479463,2
1,1471479467,1471479486,19
5,1471479471,1471479483,12
4,1471479487,1471479491,4
1,1471479494,1471479501,7
4,1471479499,1471479502,3
4,1471479502,1471479505,3
4,1471479505,1471479507,2
4,1471479507,1471479524,17
1,1471479511,1471479513,2
1,1471479521,1471479523,2
4,1471479524,1471479526,2
4,1471479526,1471479531,5
1,1471479527,1471479529,2
4,1471479531,1471479541,10
1,1471479536,1471479543,7
1,1471479566,1471479570,4
4,1471479572,1471479576,4
4,1471479576,1471479579,3
1,1471479577,1471479578,1
4,1471479579,1471479582,3
1,1471479585,1471479591,6
1,1471479605,1471479610,5
4,1471479612,1471479615,3
4,1471479616,1471479645,29
1,1471479628,1471479636,8
1,1471479642,1471479644,2
1,1471479647,1471479650,3
1,1471479663,1471479666,3
4,1471479667,1471479674,7
1,1471479669,1471479673,4
4,1471479674,1471479809,135
1,1471479677,1471479685,8
1,1471479801,1471479808,7
4,1471479809,1471479812,3
4,1471479812,1471479814,2
10,1471479814,1471479816,2
4,1471479816,1471479819,3
10,1471479818,1471479819,1
1,1471479821,1471479828,7
1,1471479839,1471479842,3
4,1471479844,1471479850,6
10,1471479845,1471479850,5
4,1471479850,1471479858,8
1,1471479853,1471479859,6
4,1471479860,1471479881,21
1,1471479865,1471479870,5
1,1471479878,1471479880,2
4,1471479881,1471479883,2
4,1471479884,1471479889,5
10,1471479885,1471479887,2
10,1471479887,1471479889,2
4,1471479889,1471479894,5
10,1471479895,1471479899,4
4,1471479899,1471479903,4
1,1471479901,1471479903,2
10,1471479905,1471479906,1
4,1471479906,1471479940,34
10,1471479906,1471479908,2
1,1471479910,1471479913,3
1,1471479932,1471479946,14
4,1471479942,1471479947,5
4,1471479948,1471479953,5
1,1471479950,1471479952,2
4,1471479953,1471480086,133
1,1471479956,1471479959,3
1,1471480024,1471480033,9
1,1471480039,1471480048,9
1,1471480072,1471480073,1
1,1471480085,1471480091,6
4,1471480086,1471480098,12
10,1471480086,1471480088,2
4,1471480100,1471480105,5
4,1471480105,1471480114,9
1,1471480108,1471480113,5
4,1471480114,1471480116,2
4,1471480116,1471480119,3
4,1471480119,1471480121,2
4,1471480121,1471480124,3
4,1471480124,1471480138,14
1,1471480132,1471480139,7
4,1471480138,1471480140,2
4,1471480140,1471480157,17
10,1471480142,1471480143,1
1,1471480150,1471480166,16
4,1471480161,1471480165,4
4,1471480167,1471480170,3
10,1471480168,1471480170,2
10,1471480170,1471480171,1
4,1471480171,1471480174,3
1,1471480172,1471480176,4
4,1471480176,1471480179,3
4,1471480179,1471480184,5
4,1471480186,1471480203,17
1,1471480199,1471480202,3
4,1471480203,1471480262,59
1,1471480207,1471480213,6
1,1471480255,1471480267,12
4,1471480268,1471480272,4
10,1471480270,1471480271,1
4,1471480272,1471480274,2
4,1471480274,1471480277,3
4,1471480277,1471480279,2
4,1471480280,1471480321,41
1,1471480286,1471480295,9
1,1471480318,1471480325,7
1,1471480339,1471480342,3
4,1471480343,1471480346,3
4,1471480348,1471480351,3
1,1471480349,1471480356,7
4,1471480351,1471480376,25
1,1471480368,1471480406,38
4,1471480376,1471480379,3
4,1471480379,1471480387,8
10,1471480379,1471480380,1
4,1471480387,1471480391,4
4,1471480392,1471480397,5
10,1471480392,1471480393,1
4,1471480400,1471480403,3
4,1471480403,1471480425,22
1,1471480409,1471480416,7
1,1471480422,1471480435,13
4,1471480425,1471480428,3
4,1471480432,1471480436,4
10,1471480436,1471480438,2
4,1471480438,1471480442,4
1,1471480439,1471480443,4
4,1471480442,1471480454,12
1,1471480446,1471480452,6
4,1471480454,1471480458,4
4,1471480458,1471480487,29
1,1471480459,1471480465,6
4,1471480487,1471480490,3
4,1471480491,1471480493,2
4,1471480494,1471480496,2
4,1471480496,1471480498,2
4,1471480498,1471480503,5
10,1471480500,1471480503,3
4,1471480503,1471480505,2
4,1471480505,1471480509,4
10,1471480507,1471480509,2
1,1471480508,1471480510,2
4,1471480509,1471480512,3
4,1471480512,1471480526,14
1,1471480513,1471480517,4
1,1471480523,1471480524,1
4,1471480526,1471480537,11
10,1471480526,1471480535,9
1,1471480528,1471480536,8
4,1471480537,1471480582,45
10,1471480538,1471480539,1
1,1471480539,1471480542,3
1,1471480567,1471480580,13
10,1471480568,1471480576,8
1,1471480589,1471480594,5
4,1471480595,1471480598,3
4,1471480598,1471480600,2
4,1471480600,1471480615,15
1,1471480608,1471480614,6
10,1471480610,1471480613,3
10,1471480616,1471480618,2
4,1471480618,1471480624,6
10,1471480618,1471480624,6
4,1471480624,1471480626,2
4,1471480626,1471480628,2
4,1471480628,1471480633,5
4,1471480633,1471480635,2
4,1471480636,1471480638,2
4,1471480638,1471480649,11
1,1471480643,1471480658,15
4,1471480649,1471480744,95
1,1471480740,1471480743,3
4,1471480744,1471480747,3
10,1471480745,1471480747,2
4,1471480747,1471480757,10
1,1471480752,1471480756,4
4,1471480757,1471480760,3
10,1471480757,1471480760,3
4,1471480760,1471480763,3
4,1471480763,1471480766,3
4,1471480766,1471480769,3
4,1471480769,1471480772,3
1,1471480773,1471480782,9
4,1471480775,1471480790,15
4,1471480790,1471480831,41
1,1471480793,1471480804,11
1,1471480812,1471480817,5
1,1471480822,1471480824,2
4,1471480831,1471480833,2
10,1471480832,1471480833,1
4,1471480833,1471480840,7
1,1471480838,1471480840,2
4,1471480841,1471480849,8
10,1471480841,1471480842,1
10,1471480843,1471480849,6
1,1471480844,1471480846,2
4,1471480850,1471480916,66
10,1471480852,1471480876,24
1,1471480856,1471480864,8
1,1471480875,1471480877,2
1,1471480911,1471480915,4
4,1471480916,1471480918,2
4,1471480918,1471480921,3
4,1471480923,1471480928,5
10,1471480924,1471480925,1
4,1471480931,1471481029,98
1,1471480934,1471480940,6
1,1471481027,1471481028,1
4,1471481029,1471481036,7
1,1471481031,1471481035,4
1,1471481042,1471481079,37
4,1471481056,1471481068,12
4,1471481083,1471481087,4
4,1471481087,1471481090,3
10,1471481088,1471481089,1
1,1471481088,1471481097,9
10,1471481090,1471481091,1
1,1471481277,1471481280,3
4,1471481281,1471481283,2
10,1471481282,1471481283,1
4,1471481283,1471481288,5
10,1471481289,1471481290,1
4,1471481290,1471481294,4
10,1471481292,1471481294,2
10,1471481294,1471481296,2
4,1471481297,1471481303,6
10,1471481299,1471481301,2
10,1471481302,1471481303,1
4,1471481303,1471481305,2
4,1471481306,1471481309,3
10,1471481307,1471481309,2
4,1471481309,1471481311,2
4,1471481311,1471481314,3
10,1471481312,1471481313,1
4,1471481314,1471481316,2
4,1471481316,1471481339,23
10,1471481317,1471481339,22
4,1471481339,1471481342,3
4,1471481342,1471481345,3
4,1471481346,1471481348,2
4,1471481350,1471481354,4
1,1471481351,1471481353,2
4,1471481354,1471481356,2
4,1471481356,1471481359,3
4,1471481360,1471481362,2
4,1471481362,1471481365,3
10,1471481362,1471481365,3
4,1471481365,1471481368,3
1,1471481366,1471481367,1
4,1471481368,1471481371,3
4,1471481371,1471481374,3
1,1471481371,1471481372,1
4,1471481374,1471481378,4
10,1471481376,1471481377,1
1,1471481376,1471481378,2
4,1471481378,1471481407,29
1,1471481382,1471481386,4
1,1471481401,1471481406,5
4,1471481407,1471481638,231
10,1471481408,1471481410,2
10,1471481410,1471481432,22
1,1471481412,1471481421,9
1,1471481425,1471481435,10
1,1471481626,1471481635,9
1,1471481639,1471481706,67
4,1471481648,1471481655,7
4,1471481661,1471481681,20
4,1471481684,1471481688,4
4,1471481692,1471481698,6
11,1471481708,1471481709,1
11,1471481709,1471481711,2
1,1471481709,1471481711,2
4,1471481710,1471481712,2
1,1471481716,1471481732,16
4,1471481724,1471481772,48
11,1471481725,1471481726,1
11,1471481726,1471481729,3
11,1471481729,1471481733,4
11,1471481733,1471481875,142
1,1471481739,1471481742,3
1,1471481757,1471481762,5
1,1471481766,1471481795,29
4,1471481779,1471481782,3
1,1471481801,1471481803,2
4,1471481805,1471481811,6
1,1471481807,1471481843,36
4,1471481823,1471481830,7
1,1471481846,1471481853,7
1,1471481857,1471481867,10
1,1471481873,1471481878,5
4,1471481875,1471481886,11
1,1471481882,1471481886,4
4,1471481887,1471481889,2
4,1471481890,1471481895,5
10,1471481892,1471481893,1
4,1471481895,1471481898,3
10,1471481896,1471481897,1
10,1471481897,1471481898,1
4,1471481899,1471481902,3
10,1471481899,1471481901,2
4,1471481902,1471481904,2
4,1471481904,1471481918,14
10,1471481906,1471481913,7
1,1471481914,1471481916,2
1,1471481919,1471481968,49
4,1471481927,1471481931,4
1,1471481973,1471481997,24
1,1471482004,1471482017,13
4,1471482018,1471482020,2
4,1471482021,1471482024,3
4,1471482024,1471482027,3
4,1471482027,1471482030,3
10,1471482028,1471482030,2
4,1471482031,1471482033,2
4,1471482034,1471482076,42
1,1471482041,1471482048,7
1,1471482070,1471482074,4
4,1471482077,1471482079,2
4,1471482079,1471482082,3
4,1471482082,1471482088,6
1,1471482085,1471482091,6
4,1471482089,1471482092,3
4,1471482094,1471482096,2
4,1471482096,1471482100,4
1,1471482101,1471482109,8
1,1471482121,1471482124,3
1,1471482178,1471482179,1
4,1471482180,1471482183,3
4,1471482187,1471482190,3
10,1471482188,1471482190,2
4,1471482191,1471482196,5
4,1471482198,1471482200,2
4,1471482201,1471482203,2
4,1471482204,1471482245,41
1,1471482205,1471482213,8
1,1471482230,1471482235,5
1,1471482242,1471482253,11
4,1471482247,1471482254,7
1,1471482257,1471482259,2
4,1471482260,1471482292,32
1,1471482262,1471482271,9
1,1471482283,1471482295,12
4,1471482293,1471482300,7
1,1471482298,1471482306,8
4,1471482309,1471482311,2
4,1471482313,1471482320,7
1,1471482315,1471482323,8
4,1471482324,1471482326,2
4,1471482326,1471482335,9
10,1471482327,1471482328,1
4,1471482336,1471482342,6
4,1471482343,1471482351,8
1,1471482349,1471482352,3
4,1471482351,1471482354,3
4,1471482354,1471482356,2
4,1471482356,1471482369,13
1,1471482359,1471482371,12
4,1471482372,1471558239,75867
1,1471482374,1471482385,11
1,1471482389,1471482393,4
1,1471522029,1471522033,4
1,1471522208,1471522225,17
1,1471538580,1471538583,3
1,1471558223,1471558249,26
4,1471558239,1471558322,83
1,1471558271,1471558274,3
1,1471558280,1471558282,2
1,1471558304,1471558314,10
5,1471558313,1471558319,6
1,1471558319,1471558327,8
5,1471558327,1471558335,8
1,1471558335,1471558348,13
4,1471558340,1471558345,5
4,1471558346,1471558351,5
4,1471558354,1471558368,14
1,1471558355,1471558369,14
1,1471558385,1471558411,26
5,1471558398,1471558399,1
5,1471558403,1471558440,37
4,1471558403,1471558442,39
1,1471558422,1471558432,10
1,1471558438,1471558454,16
1,1471558458,1471558460,2
4,1471558461,1471558464,3
4,1471558464,1471558467,3
10,1471558465,1471558467,2
4,1471558467,1471558469,2
10,1471558468,1471558469,1
1,1471558471,1471558481,10
4,1471558475,1471558482,7
4,1471558482,1471558484,2
1,1471558486,1471558523,37
4,1471558488,1471558493,5
4,1471558493,1471558516,23
5,1471558501,1471558510,9
4,1471558526,1471558707,181
1,1471558530,1471558546,16
1,1471558557,1471558580,23
1,1471558585,1471558586,1
1,1471558591,1471558594,3
1,1471558613,1471558615,2
1,1471558619,1471558623,4
1,1471558627,1471558631,4
1,1471558637,1471558642,5
1,1471558649,1471558650,1
1,1471558655,1471558665,10
1,1471558669,1471558696,27
1,1471558699,1471558709,10
4,1471558714,1471558729,15
1,1471558724,1471558726,2
4,1471558729,1471558731,2
4,1471558732,1471558736,4
10,1471558733,1471558735,2
4,1471558739,1471558741,2
4,1471558741,1471558743,2
10,1471558741,1471558742,1
4,1471558744,1471558747,3
4,1471558747,1471558749,2
4,1471558749,1471558796,47
1,1471558766,1471558779,13
5,1471558779,1471558785,6
1,1471558785,1471558804,19
4,1471558800,1471558805,5
4,1471558805,1471558807,2
4,1471558808,1471558810,2
4,1471558810,1471558812,2
4,1471558812,1471558814,2
4,1471558814,1471558816,2
4,1471558816,1471558819,3
4,1471558819,1471558821,2
4,1471558824,1471558827,3
4,1471558828,1471558830,2
4,1471558830,1471558835,5
1,1471558833,1471558834,1
4,1471558835,1471558837,2
4,1471558837,1471558839,2
4,1471558840,1471558842,2
4,1471558843,1471558845,2
4,1471558845,1471558850,5
1,1471558848,1471558850,2
4,1471558850,1471558856,6
4,1471558856,1471558859,3
4,1471558859,1471558863,4
4,1471558863,1471558865,2
4,1471558865,1471558870,5
10,1471558866,1471558870,4
10,1471558871,1471558875,4
4,1471558875,1471558877,2
10,1471558876,1471558877,1
10,1471558878,1471558883,5
1,1471558882,1471558886,4
1,1471558893,1471558904,11
4,1471558905,1471558908,3
4,1471558909,1471558911,2
4,1471558911,1471558913,2
4,1471558913,1471558917,4
10,1471558915,1471558917,2
4,1471558917,1471558925,8
1,1471558920,1471558922,2
4,1471558928,1471558930,2
4,1471558930,1471558934,4
4,1471558935,1471558942,7
4,1471558943,1471558945,2
4,1471558945,1471558953,8
1,1471558947,1471558952,5
4,1471558953,1471558958,5
1,1471558955,1471558961,6
4,1471558962,1471558965,3
4,1471558966,1471558970,4
10,1471558968,1471558970,2
4,1471558971,1471558973,2
4,1471558973,1471559014,41
1,1471558977,1471558979,2
1,1471558988,1471558993,5
1,1471558998,1471559018,20
4,1471559014,1471559020,6
4,1471559020,1471559025,5
10,1471559023,1471559025,2
4,1471559025,1471559035,10
10,1471559026,1471559027,1
1,1471559029,1471559037,8
4,1471559036,1471559038,2
4,1471559038,1471559052,14
1,1471559050,1471559060,10
4,1471559053,1471559061,8
4,1471559061,1471559085,24
10,1471559063,1471559064,1
1,1471559081,1471559084,3
4,1471559086,1471559088,2
4,1471559089,1471559091,2
10,1471559091,1471559093,2
4,1471559093,1471559095,2
4,1471559095,1471559097,2
4,1471559097,1471559128,31
10,1471559099,1471559128,29
4,1471559128,1471559137,9
4,1471559138,1471559141,3
4,1471559142,1471559146,4
4,1471559146,1471559148,2
4,1471559149,1471559155,6
4,1471559156,1471559158,2
4,1471559158,1471559175,17
4,1471559175,1471559179,4
4,1471559179,1471559185,6
1,1471559182,1471559183,1
4,1471559185,1471559188,3
10,1471559189,1471559229,40
4,1471559229,1471559233,4
1,1471559230,1471559235,5
4,1471559233,1471559236,3
4,1471559236,1471559256,20
1,1471559238,1471559244,6
1,1471559251,1471559265,14
4,1471559256,1471559259,3
4,1471559262,1471559265,3
4,1471559268,1471559285,17
1,1471559271,1471559272,1
1,1471559279,1471559282,3
4,1471559285,1471559287,2
4,1471559287,1471559295,8
10,1471559288,1471559295,7
4,1471559296,1471559298,2
10,1471559297,1471559298,1
4,1471559300,1471559306,6
10,1471559301,1471559306,5
4,1471559307,1471559310,3
10,1471559308,1471559310,2
4,1471559311,1471559325,14
10,1471559311,1471559323,12
1,1471559313,1471559316,3
1,1471559320,1471559322,2
4,1471559326,1471559329,3
10,1471559327,1471559329,2
4,1471559329,1471559332,3
10,1471559331,1471559332,1
10,1471559332,1471559348,16
4,1471559352,1471559357,5
10,1471559354,1471559355,1
4,1471559358,1471559361,3
10,1471559360,1471559361,1
4,1471559361,1471559364,3
4,1471559364,1471559366,2
4,1471559366,1471559369,3
4,1471559369,1471559374,5
10,1471559374,1471559375,1
4,1471559375,1471559378,3
4,1471559378,1471559381,3
10,1471559381,1471559385,4
4,1471559385,1471559387,2
4,1471559387,1471559390,3
4,1471559390,1471559393,3
10,1471559390,1471559393,3
4,1471559393,1471559396,3
4,1471559401,1471559404,3
4,1471559404,1471559409,5
4,1471559409,1471559411,2
4,1471559411,1471559416,5
4,1471559416,1471559419,3
4,1471559419,1471559421,2
4,1471559424,1471559428,4
1,1471559425,1471559428,3
4,1471559429,1471559431,2
10,1471559430,1471559431,1
4,1471559431,1471559434,3
10,1471559431,1471559433,2
10,1471559435,1471559436,1
4,1471559436,1471559438,2
10,1471559436,1471559438,2
4,1471559438,1471559440,2
4,1471559440,1471559442,2
4,1471559442,1471559445,3
10,1471559443,1471559444,1
4,1471559445,1471559448,3
4,1471559448,1471559453,5
1,1471559449,1471559464,15
4,1471559456,1471559458,2
4,1471559460,1471559465,5
4,1471559468,1471559470,2
4,1471559470,1471559478,8
10,1471559471,1471559475,4
1,1471559474,1471559486,12
4,1471559478,1471559489,11
10,1471559485,1471559487,2
10,1471559488,1471559489,1
4,1471559489,1471559494,5
4,1471559494,1471559500,6
1,1471559496,1471559502,6
4,1471559504,1471559506,2
4,1471559506,1471559508,2
4,1471559508,1471559512,4
4,1471559512,1471559515,3
4,1471559515,1471559517,2
4,1471559517,1471559521,4
4,1471559522,1471559524,2
4,1471559524,1471559526,2
4,1471559527,1471559530,3
4,1471559531,1471559541,10
4,1471559541,1471559547,6
1,1471559548,1471559549,1
4,1471559553,1471559555,2
4,1471559557,1471559562,5
1,1471559558,1471559559,1
4,1471559562,1471559564,2
10,1471559563,1471559564,1
4,1471559564,1471559567,3
4,1471559569,1471559571,2
4,1471559571,1471559579,8
10,1471559573,1471559574,1
1,1471559573,1471559585,12
4,1471559582,1471559603,21
1,1471559598,1471559624,26
4,1471559605,1471559612,7
4,1471559612,1471559616,4
4,1471559619,1471559622,3
10,1471559623,1471559624,1
4,1471559627,1471559664,37
1,1471559645,1471559664,19
4,1471559674,1471559677,3
4,1471559678,1471559682,4
4,1471559682,1471559686,4
10,1471559684,1471559685,1
4,1471559686,1471559690,4
1,1471559689,1471559690,1
4,1471559691,1471559696,5
1,1471559694,1471559695,1
4,1471559697,1471559700,3
4,1471559700,1471559702,2
4,1471559704,1471559706,2
4,1471559706,1471559708,2
4,1471559708,1471559710,2
4,1471559711,1471559713,2
4,1471559713,1471559715,2
4,1471559716,1471559721,5
4,1471559722,1471559725,3
1,1471559728,1471559742,14
4,1471559732,1471559736,4
4,1471559736,1471559743,7
4,1471559743,1471559746,3
4,1471559746,1471559748,2
10,1471559747,1471559748,1
4,1471559748,1471559750,2
10,1471559749,1471559750,1
4,1471559750,1471559752,2
4,1471559753,1471559757,4
10,1471559755,1471559757,2
4,1471559757,1471559759,2
4,1471559761,1471559763,2
4,1471559763,1471559766,3
4,1471559766,1471559768,2
4,1471559768,1471559771,3
4,1471559771,1471559776,5
4,1471559776,1471559778,2
4,1471559778,1471559785,7
4,1471559786,1471559789,3
10,1471559786,1471559789,3
4,1471559790,1471559792,2
4,1471559794,1471559799,5
4,1471559799,1471559802,3
4,1471559802,1471559806,4
10,1471559803,1471559805,2
4,1471559807,1471559811,4
1,1471559808,1471559813,5
4,1471559811,1471559813,2
4,1471559814,1471559817,3
1,1471559816,1471559824,8
4,1471559817,1471559821,4
10,1471559818,1471559819,1
4,1471559823,1471559870,47
1,1471559829,1471559840,11
1,1471559852,1471559861,9
1,1471559868,1471559869,1
1,1471559874,1471559890,16
4,1471559874,1471559960,86
1,1471559935,1471559937,2
1,1471559948,1471559956,8
14,1471559956,1471560058,102
11,1471559958,1471559964,6
1,1471559959,1471560039,80
4,1471559961,1471559965,4
11,1471559964,1471560058,94
4,1471560035,1471560052,17
1,1471560043,1471560051,8
4,1471560052,1471560058,6
1,1471560054,1471560063,9
5,1471560056,1471560058,2
14,1471560063,1471560101,38
11,1471560071,1471560077,6
4,1471560072,1471560075,3
4,1471560075,1471560077,2
11,1471560077,1471560101,24
1,1471560081,1471560088,7
1,1471560095,1471560107,12
5,1471560100,1471560101,1
4,1471560102,1471560107,5
4,1471560108,1471560139,31
10,1471560109,1471560128,19
1,1471560128,1471560135,7
4,1471560139,1471560141,2
4,1471560141,1471560148,7
4,1471560149,1471560151,2
4,1471560151,1471560153,2
4,1471560153,1471560157,4
4,1471560158,1471560160,2
4,1471560160,1471560162,2
4,1471560162,1471560165,3
1,1471560164,1471560166,2
4,1471560165,1471560167,2
4,1471560167,1471560169,2
4,1471560170,1471560179,9
1,1471560172,1471560201,29
4,1471560180,1471560202,22
1,1471560207,1471560209,2
4,1471560211,1471560213,2
4,1471560214,1471560216,2
4,1471560217,1471560220,3
10,1471560217,1471560219,2
4,1471560220,1471560223,3
4,1471560228,1471560231,3
4,1471560231,1471560234,3
1,1471560232,1471560234,2
4,1471560235,1471560237,2
4,1471560237,1471560243,6
10,1471560244,1471560245,1
1,1471560244,1471560247,3
4,1471560247,1471560250,3
4,1471560251,1471560255,4
4,1471560255,1471560263,8
10,1471560256,1471560262,6
4,1471560264,1471560266,2
4,1471560267,1471560269,2
1,1471560270,1471560271,1
4,1471560271,1471560274,3
4,1471560274,1471560277,3
1,1471560275,1471560279,4
10,1471560277,1471560278,1
1,1471560282,1471560286,4
4,1471560286,1471560289,3
4,1471560289,1471560307,18
4,1471560320,1471560323,3
4,1471560323,1471560326,3
4,1471560326,1471560330,4
10,1471560328,1471560330,2
4,1471560330,1471560332,2
4,1471560332,1471560335,3
4,1471560335,1471560342,7
1,1471560340,1471560341,1
4,1471560344,1471560352,8
1,1471560347,1471560353,6
4,1471560354,1471560361,7
4,1471560361,1471560365,4
4,1471560365,1471560367,2
4,1471560368,1471560370,2
4,1471560370,1471560376,6
1,1471560371,1471560377,6
1,1471560382,1471560384,2
1,1471560398,1471560399,1
1,1471560414,1471560423,9
4,1471560424,1471560461,37
10,1471560424,1471560461,37
1,1471560438,1471560443,5
1,1471560457,1471560461,4
4,1471560463,1471560465,2
4,1471560465,1471560468,3
10,1471560466,1471560468,2
4,1471560468,1471560471,3
10,1471560470,1471560471,1
4,1471560472,1471560476,4
10,1471560474,1471560476,2
10,1471560476,1471560480,4
1,1471560481,1471560484,3
4,1471560485,1471560487,2
4,1471560487,1471560489,2
4,1471560490,1471560492,2
1,1471560490,1471560491,1
4,1471560493,1471560503,10
1,1471560497,1471560503,6
4,1471560504,1471560508,4
4,1471560509,1471560511,2
1,1471560511,1471560520,9
4,1471560513,1471560521,8
4,1471560521,1471560525,4
4,1471560525,1471560528,3
4,1471560528,1471560536,8
10,1471560530,1471560536,6
4,1471560537,1471560543,6
4,1471560543,1471560549,6
1,1471560544,1471560546,2
4,1471560549,1471560558,9
1,1471560551,1471560554,3
4,1471560558,1471560564,6
4,1471560564,1471560572,8
1,1471560566,1471560570,4
1,1471560574,1471560583,9
4,1471560577,1471560580,3
4,1471560580,1471560585,5
4,1471560587,1471560589,2
4,1471560589,1471560591,2
4,1471560602,1471560606,4
4,1471560607,1471560609,2
10,1471560608,1471560609,1
4,1471560615,1471560621,6
1,1471560619,1471560624,5
4,1471560627,1471560629,2
4,1471560629,1471560636,7
10,1471560631,1471560633,2
1,1471560637,1471560649,12
4,1471560643,1471560650,7
4,1471560650,1471560656,6
1,1471560652,1471560655,3
4,1471560656,1471560658,2
4,1471560658,1471560663,5
4,1471560663,1471560665,2
1,1471560667,1471560674,7
4,1471560674,1471560678,4
10,1471560676,1471560677,1
10,1471560679,1471560681,2
4,1471560681,1471560683,2
4,1471560684,1471560686,2
4,1471560687,1471560695,8
1,1471560689,1471560694,5
4,1471560695,1471560697,2
4,1471560697,1471560700,3
1,1471560701,1471560702,1
4,1471560703,1471560705,2
4,1471560705,1471560708,3
1,1471560710,1471560720,10
4,1471560715,1471560718,3
1,1471560734,1471560738,4
1,1471560741,1471560746,5
4,1471560748,1471560776,28
10,1471560749,1471560751,2
1,1471560750,1471560752,2
1,1471560757,1471560804,47
4,1471560776,1471560782,6
4,1471560785,1471560791,6
10,1471560785,1471560787,2
4,1471560791,1471560805,14
1,1471560807,1471560815,8
4,1471560816,1471560823,7
10,1471560818,1471560819,1
1,1471560819,1471560823,4
4,1471560826,1471560852,26
1,1471560826,1471560829,3
1,1471560844,1471560849,5
4,1471560854,1471560858,4
4,1471560859,1471560867,8
1,1471560861,1471560871,10
4,1471560867,1471560871,4
4,1471560873,1471560877,4
1,1471560874,1471560883,9
4,1471560878,1471560884,6
4,1471560886,1471560890,4
4,1471560890,1471560893,3
4,1471560893,1471560902,9
1,1471560897,1471560901,4
4,1471560902,1471560904,2
4,1471560904,1471560910,6
1,1471560907,1471560912,5
4,1471560910,1471560914,4
4,1471560914,1471560937,23
1,1471560921,1471560936,15
4,1471560938,1471560977,39
1,1471560944,1471560952,8
1,1471560966,1471560991,25
4,1471560978,1471560981,3
10,1471560979,1471560980,1
4,1471560981,1471560985,4
10,1471560983,1471560986,3
4,1471560985,1471561071,86
14,1471560991,1471560999,8
1,1471561019,1471561021,2
14,1471561022,1471561024,2
1,1471561028,1471561030,2
1,1471561039,1471561044,5
14,1471561041,1471561043,2
1,1471561068,1471561083,15
4,1471561074,1471561126,52
14,1471561076,1471561084,8
1,1471561109,1471561141,32
4,1471561126,1471561131,5
14,1471561136,1471561145,9
1,1471561157,1471561163,6
4,1471561167,1471561208,41
1,1471561169,1471561172,3
14,1471561171,1471561179,8
1,1471561185,1471561193,8
1,1471561197,1471561199,2
1,1471561205,1471561212,7
4,1471561208,1471561212,4
4,1471561212,1471561222,10
4,1471561223,1471561230,7
10,1471561231,1471561232,1
1,1471561232,1471561243,11
4,1471561235,1471561237,2
4,1471561238,1471561241,3
1,1471561247,1471561252,5
4,1471561250,1471561256,6
4,1471561256,1471561264,8
1,1471561257,1471561261,4
4,1471561264,1471561267,3
1,1471561266,1471561267,1
1,1471561274,1471561283,9
4,1471561276,1471561280,4
4,1471561280,1471561284,4
4,1471561284,1471561286,2
4,1471561286,1471561288,2
4,1471561288,1471561291,3
4,1471561291,1471561295,4
4,1471561298,1471561300,2
4,1471561300,1471561303,3
4,1471561303,1471561305,2
4,1471561306,1471561309,3
10,1471561307,1471561309,2
4,1471561309,1471561317,8
1,1471561314,1471561317,3
4,1471561317,1471561319,2
4,1471561319,1471561329,10
10,1471561322,1471561323,1
1,1471561324,1471561328,4
4,1471561329,1471561331,2
4,1471561331,1471561334,3
4,1471561334,1471561338,4
4,1471561339,1471561343,4
10,1471561340,1471561343,3
4,1471561344,1471561347,3
4,1471561349,1471561352,3
4,1471561352,1471561354,2
4,1471561354,1471561363,9
1,1471561361,1471561363,2
4,1471561363,1471561367,4
4,1471561371,1471561378,7
1,1471561374,1471561376,2
1,1471561381,1471561388,7
4,1471561389,1471561391,2
4,1471561391,1471561395,4
4,1471561396,1471561398,2
4,1471561398,1471561400,2
10,1471561399,1471561400,1
4,1471561400,1471561402,2
10,1471561401,1471561402,1
4,1471561403,1471561411,8
1,1471561407,1471561408,1
1,1471561414,1471561418,4
14,1471561417,1471561425,8
1,1471561451,1471561454,3
1,1471561483,1471561487,4
4,1471561488,1471561490,2
4,1471561492,1471561505,13
10,1471561494,1471561496,2
1,1471561496,1471561504,8
4,1471561505,1471561514,9
1,1471561507,1471561514,7
1,1471561529,1471561531,2
1,1471561557,1471561558,1
1,1471561569,1471561574,5
14,1471561572,1471561580,8
1,1471561578,1471561581,3
4,1471561609,1471561611,2
4,1471561611,1471561614,3
4,1471561615,1471561638,23
1,1471561616,1471561619,3
14,1471561619,1471561627,8
1,1471561628,1471561629,1
4,1471561638,1471561642,4
1,1471561640,1471561642,2
4,1471561642,1471561645,3
4,1471561645,1471561647,2
4,1471561649,1471561653,4
1,1471561651,1471561653,2
4,1471561654,1471561656,2
4,1471561656,1471561668,12
1,1471561657,1471561666,9
1,1471561670,1471561691,21
4,1471561688,1471561693,5
4,1471561693,1471561699,6
1,1471561696,1471561728,32
4,1471561700,1471561704,4
4,1471561706,1471561712,6
4,1471561712,1471561716,4
4,1471561716,1471561747,31
14,1471561727,1471561735,8
4,1471561747,1471561781,34
10,1471561748,1471561749,1
10,1471561750,1471561779,29
1,1471561766,1471561779,13
4,1471561783,1471561788,5
4,1471561792,1471561798,6
1,1471561792,1471561803,11
4,1471561804,1471561827,23
1,1471561807,1471561812,5
14,1471561811,1471561820,9
1,1471561825,1471561826,1
1,1471561830,1471561840,10
14,1471561833,1471561842,9
1,1471561848,1471561857,9
4,1471561854,1471561887,33
14,1471561857,1471561865,8
1,1471561885,1471561900,15
4,1471561895,1471561936,41
14,1471561899,1471561907,8
1,1471561903,1471561907,4
4,1471561936,1471561938,2
10,1471561937,1471561938,1
4,1471561941,1471561951,10
10,1471561942,1471561950,8
1,1471561949,1471561950,1
4,1471561953,1471561955,2
4,1471561955,1471561957,2
4,1471561957,1471561960,3
10,1471561958,1471561960,2
4,1471561960,1471561962,2
4,1471561965,1471561967,2
4,1471561967,1471561973,6
1,1471561970,1471561972,2
4,1471561974,1471561977,3
4,1471561977,1471561979,2
4,1471561980,1471561983,3
10,1471561982,1471561983,1
4,1471561983,1471561987,4
4,1471561989,1471561994,5
10,1471561989,1471561990,1
4,1471561994,1471562002,8
1,1471561995,1471562001,6
4,1471562002,1471562010,8
4,1471562010,1471562029,19
4,1471562029,1471562032,3
1,1471562030,1471562031,1
4,1471562032,1471562036,4
4,1471562036,1471562045,9
1,1471562038,1471562047,9
4,1471562045,1471562061,16
1,1471562056,1471562058,2
4,1471562061,1471562065,4
4,1471562065,1471562074,9
1,1471562071,1471562076,5
1,1471562087,1471562089,2
4,1471562092,1471562098,6
4,1471562101,1471562106,5
1,1471562103,1471562105,2
4,1471562109,1471562111,2
4,1471562111,1471562113,2
4,1471562114,1471562118,4
1,1471562114,1471562136,22
4,1471562120,1471562125,5
4,1471562129,1471562135,6
4,1471562167,1471562169,2
4,1471562170,1471562172,2
4,1471562172,1471562175,3
4,1471562175,1471562177,2
4,1471562178,1471562181,3
4,1471562181,1471562183,2
4,1471562183,1471562190,7
10,1471562184,1471562186,2
1,1471562187,1471562190,3
4,1471562191,1471562197,6
1,1471562193,1471562196,3
4,1471562198,1471562200,2
4,1471562200,1471562203,3
10,1471562201,1471562202,1
1,1471562201,1471562203,2
4,1471562203,1471562206,3
4,1471562206,1471562212,6
4,1471562212,1471562214,2
4,1471562214,1471562218,4
4,1471562219,1471562221,2
4,1471562222,1471562224,2
4,1471562225,1471562228,3
4,1471562230,1471562233,3
4,1471562237,1471562242,5
1,1471562237,1471562244,7
4,1471562242,1471562245,3
4,1471562245,1471562250,5
4,1471562250,1471562252,2
4,1471562252,1471562255,3
1,1471562256,1471562265,9
4,1471562262,1471562264,2
1,1471562281,1471562282,1
4,1471562283,1471562292,9
1,1471562287,1471562305,18
4,1471562295,1471562307,12
4,1471562307,1471562312,5
1,1471562308,1471562312,4
4,1471562319,1471562321,2
4,1471562321,1471562326,5
1,1471562323,1471562332,9
4,1471562327,1471562332,5
4,1471562336,1471562384,48
1,1471562340,1471562352,12
14,1471562348,1471562356,8
1,1471562374,1471562387,13
4,1471562384,1471562388,4
4,1471562388,1471562393,5
1,1471562391,1471562393,2
4,1471562393,1471562397,4
10,1471562394,1471562397,3
4,1471562397,1471562405,8
10,1471562398,1471562399,1
1,1471562402,1471562414,12
4,1471562405,1471562410,5
4,1471562412,1471562414,2
4,1471562415,1471562420,5
4,1471562420,1471562428,8
4,1471562428,1471562469,41
1,1471562430,1471562446,16
14,1471562446,1471562453,7
1,1471562463,1471562485,22
4,1471562470,1471562475,5
4,1471562482,1471562486,4
4,1471562486,1471562488,2
10,1471562487,1471562488,1
4,1471562489,1471562493,4
10,1471562491,1471562493,2
4,1471562493,1471562495,2
4,1471562495,1471562504,9
10,1471562497,1471562504,7
4,1471562505,1471562508,3
4,1471562508,1471562511,3
10,1471562510,1471562511,1
10,1471562511,1471562515,4
4,1471562515,1471562519,4
4,1471562519,1471562549,30
1,1471562522,1471562528,6
14,1471562527,1471562535,8
1,1471562547,1471562548,1
4,1471562549,1471562560,11
10,1471562550,1471562560,10
4,1471562560,1471562562,2
10,1471562563,1471562566,3
4,1471562566,1471562573,7
1,1471562571,1471562572,1
4,1471562573,1471562577,4
10,1471562575,1471562576,1
4,1471562577,1471562580,3
10,1471562578,1471562580,2
1,1471562584,1471562590,6
14,1471562590,1471562599,9
1,1471562614,1471562618,4
1,1471562626,1471562637,11
4,1471562634,1471562637,3
4,1471562637,1471562640,3
4,1471562640,1471562644,4
1,1471562641,1471562649,8
4,1471562644,1471562651,7
4,1471562651,1471562654,3
4,1471562654,1471562659,5
1,1471562656,1471562663,7
4,1471562664,1471562668,4
10,1471562664,1471562665,1
1,1471562666,1471562668,2
4,1471562669,1471562673,4
4,1471562673,1471562711,38
1,1471562673,1471562681,8
14,1471562679,1471562686,7
1,1471562685,1471562686,1
1,1471562698,1471562707,9
4,1471562712,1471562714,2
1,1471562712,1471562720,8
4,1471562714,1471562723,9
4,1471562724,1471562741,17
10,1471562725,1471562741,16
1,1471562726,1471562739,13
4,1471562741,1471562744,3
10,1471562741,1471562744,3
4,1471562745,1471562748,3
4,1471562748,1471562752,4
4,1471562752,1471562756,4
1,1471562753,1471562760,7
4,1471562756,1471562761,5
4,1471562762,1471562767,5
10,1471562763,1471562764,1
10,1471562765,1471562767,2
4,1471562767,1471562769,2
4,1471562769,1471562771,2
4,1471562772,1471562774,2
1,1471562773,1471562777,4
4,1471562784,1471562786,2
4,1471562786,1471564908,2122
1,1471562787,1471562794,7
14,1471562792,1471562801,9
1,1471564887,1471564888,1
1,1471564895,1471564907,12
4,1471564908,1471564912,4
4,1471564912,1471564915,3
4,1471564915,1471564918,3
4,1471564918,1471564920,2
4,1471564920,1471564927,7
10,1471564921,1471564927,6
4,1471564927,1471564929,2
4,1471564929,1471564931,2
4,1471564932,1471564935,3
4,1471564937,1471564941,4
4,1471564941,1471564943,2
4,1471564943,1471564947,4
10,1471564944,1471564947,3
4,1471564947,1471564950,3
10,1471564948,1471564950,2
4,1471564950,1471564992,42
1,1471564988,1471564990,2
4,1471564993,1471565001,8
10,1471564993,1471565001,8
4,1471565002,1471565008,6
10,1471565003,1471565007,4
10,1471565009,1471565014,5
4,1471565014,1471565018,4
4,1471565020,1471565022,2
4,1471565022,1471565026,4
4,1471565026,1471565029,3
4,1471565029,1471565033,4
1,1471565030,1471565042,12
4,1471565033,1471565039,6
4,1471565041,1471565043,2
4,1471565043,1471565047,4
10,1471565044,1471565045,1
4,1471565048,1471565066,18
10,1471565048,1471565049,1
1,1471565062,1471565123,61
4,1471565066,1471565071,5
4,1471565075,1471565078,3
4,1471565084,1471565087,3
4,1471565095,1471565100,5
4,1471565102,1471565107,5
4,1471565113,1471565122,9
4,1471565124,1471565212,88
1,1471565190,1471565198,8
14,1471565197,1471565205,8
1,1471565210,1471565212,2
4,1471565213,1471565215,2
4,1471565217,1471565220,3
1,1471565221,1471565225,4
14,1471565225,1471565232,7
1,1471565242,1471565263,21
4,1471565251,1471565259,8
4,1471565261,1471565266,5
4,1471565266,1471565313,47
1,1471565267,1471565271,4
14,1471565271,1471565278,7
1,1471565302,1471565315,13
4,1471565314,1471565316,2
4,1471565316,1471565319,3
4,1471565319,1471565322,3
1,1471565320,1471565339,19
4,1471565323,1471565329,6
4,1471565330,1471565333,3
4,1471565335,1471565340,5
4,1471565341,1471565343,2
10,1471565342,1471565343,1
4,1471565343,1471565356,13
1,1471565354,1471565374,20
4,1471565357,1471565359,2
4,1471565360,1471565365,5
4,1471565366,1471565376,10
10,1471565367,1471565369,2
4,1471565376,1471565379,3
4,1471565379,1471565384,5
10,1471565381,1471565384,3
4,1471565384,1471565386,2
4,1471565387,1471565389,2
4,1471565389,1471565391,2
4,1471565391,1471565398,7
1,1471565395,1471565401,6
4,1471565399,1471565434,35
1,1471565424,1471565433,9
4,1471565435,1471565439,4
10,1471565435,1471565436,1
4,1471565440,1471565442,2
10,1471565442,1471565444,2
4,1471565450,1471565452,2
4,1471565453,1471565455,2
4,1471565455,1471565458,3
4,1471565458,1471565461,3
4,1471565461,1471565464,3
10,1471565462,1471565464,2
4,1471565465,1471565467,2
4,1471565468,1471565471,3
4,1471565471,1471565482,11
10,1471565474,1471565475,1
4,1471565483,1471565486,3
4,1471565486,1471565489,3
4,1471565490,1471565496,6
4,1471565496,1471565498,2
4,1471565499,1471565508,9
1,1471565501,1471565507,6
4,1471565509,1471565511,2
10,1471565510,1471565511,1
4,1471565512,1471565516,4
10,1471565514,1471565516,2
4,1471565516,1471565518,2
4,1471565519,1471565522,3
10,1471565520,1471565522,2
4,1471565523,1471565527,4
10,1471565524,1471565526,2
1,1471565525,1471565526,1
4,1471565527,1471565531,4
10,1471565528,1471565531,3
4,1471565531,1471565578,47
1,1471565531,1471565543,12
14,1471565538,1471565546,8
1,1471565580,1471565585,5
4,1471565588,1471565594,6
10,1471565589,1471565590,1
4,1471565595,1471565602,7
1,1471565599,1471565612,13
4,1471565602,1471565648,46
10,1471565603,1471565604,1
14,1471565610,1471565618,8
1,1471565616,1471565619,3
1,1471565633,1471565652,19
4,1471565648,1471565679,31
14,1471565652,1471565660,8
1,1471565669,1471565676,7
4,1471565679,1471565682,3
4,1471565682,1471565684,2
4,1471565685,1471565688,3
4,1471565688,1471565690,2
4,1471565690,1471565692,2
4,1471565693,1471565695,2
4,1471565695,1471565697,2
4,1471565697,1471565700,3
10,1471565699,1471565700,1
4,1471565700,1471565704,4
4,1471565704,1471565707,3
10,1471565707,1471565708,1
4,1471565708,1471565711,3
4,1471565711,1471565738,27
1,1471565712,1471565720,8
14,1471565717,1471565724,7
1,1471565736,1471565743,7
1,1471565748,1471565757,9
4,1471565755,1471565757,2
4,1471565759,1471565799,40
1,1471565764,1471565769,5
14,1471565767,1471565775,8
1,1471565773,1471565775,2
1,1471565790,1471565808,18
4,1471565804,1471565809,5
4,1471565809,1471565811,2
4,1471565811,1471565813,2
4,1471565813,1471565816,3
4,1471565816,1471565819,3
4,1471565819,1471565821,2
4,1471565822,1471565825,3
4,1471565826,1471565864,38
1,1471565828,1471565830,2
14,1471565830,1471565838,8
1,1471565849,1471565863,14
4,1471565864,1471565870,6
10,1471565865,1471565867,2
1,1471565868,1471565869,1
4,1471565870,1471565873,3
4,1471565873,1471565876,3
4,1471565877,1471565881,4
4,1471565881,1471565884,3
4,1471565884,1471565886,2
4,1471565886,1471565893,7
1,1471565889,1471565894,5
4,1471565894,1471565903,9
1,1471565898,1471565902,4
4,1471565903,1471565906,3
4,1471565907,1471565909,2
10,1471565907,1471565908,1
4,1471565909,1471565919,10
4,1471565919,1471565924,5
10,1471565921,1471565923,2
4,1471565924,1471565927,3
4,1471565927,1471565930,3
4,1471565930,1471565933,3
4,1471565934,1471565936,2
4,1471565936,1471565939,3
1,1471565940,1471565942,2
4,1471565943,1471565945,2
4,1471565946,1471565949,3
4,1471565949,1471565961,12
1,1471565951,1471565954,3
4,1471565961,1471566020,59
1,1471565974,1471565979,5
14,1471565977,1471565985,8
1,1471566018,1471566039,21
4,1471566023,1471566046,23
4,1471566046,1471566061,15
1,1471566050,1471566064,14
14,1471566064,1471566072,8
1,1471566079,1471566084,5
4,1471566081,1471566136,55
14,1471566084,1471566092,8
4,1471566136,1471566138,2
4,1471566138,1471566142,4
4,1471566143,1471566148,5
10,1471566146,1471566148,2
4,1471566148,1471566177,29
1,1471566151,1471566154,3
14,1471566154,1471566161,7
1,1471566175,1471566181,6
4,1471566177,1471566240,63
14,1471566181,1471566189,8
1,1471566211,1471566242,31
4,1471566243,1471566248,5
10,1471566244,1471566245,1
1,1471566246,1471566247,1
4,1471566248,1471566251,3
4,1471566251,1471566257,6
1,1471566252,1471566262,10
4,1471566262,1471566265,3
4,1471566265,1471566285,20
10,1471566267,1471566285,18
4,1471566285,1471566288,3
4,1471566288,1471566292,4
10,1471566290,1471566292,2
4,1471566292,1471566294,2
4,1471566295,1471566302,7
10,1471566298,1471566302,4
4,1471566302,1471566305,3
4,1471566305,1471566346,41
10,1471566324,1471566343,19
1,1471566327,1471566329,2
1,1471566334,1471566340,6
10,1471566345,1471566346,1
4,1471566346,1471566348,2
4,1471566348,1471566361,13
10,1471566350,1471566361,11
4,1471566361,1471566368,7
10,1471566364,1471566366,2
4,1471566368,1471566374,6
4,1471566374,1471566395,21
10,1471566375,1471566395,20
4,1471566395,1471566397,2
4,1471566398,1471566400,2
4,1471566402,1471566480,78
10,1471566405,1471566408,3
1,1471566408,1471566413,5
10,1471566412,1471566431,19
1,1471566460,1471566484,24
4,1471566480,1471566482,2
4,1471566482,1471566485,3
4,1471566485,1471566487,2
4,1471566487,1471566493,6
1,1471566489,1471566516,27
4,1471566494,1471566498,4
4,1471566498,1471566515,17
10,1471566499,1471566500,1
4,1471566517,1471566551,34
1,1471566527,1471566555,28
4,1471566551,1471566567,16
1,1471566562,1471566566,4
1,1471566580,1471566586,6
1,1471566589,1471566606,17
4,1471566593,1471566608,15
4,1471566608,1471566610,2
10,1471566609,1471566610,1
4,1471566611,1471566613,2
1,1471566615,1471566637,22
4,1471566620,1471566623,3
4,1471566624,1471566627,3
4,1471566647,1471566651,4
4,1471566651,1471566674,23
10,1471566651,1471566674,23
4,1471566675,1471566681,6
10,1471566676,1471566677,1
4,1471566688,1471566691,3
4,1471566691,1471566695,4
4,1471566695,1471566697,2
4,1471566697,1471566700,3
4,1471566700,1471566702,2
4,1471566702,1471566704,2
4,1471566707,1471566709,2
4,1471566709,1471566712,3
4,1471566712,1471566722,10
10,1471566713,1471566715,2
4,1471566722,1471566730,8
10,1471566723,1471566724,1
4,1471566732,1471566734,2
4,1471566734,1471566739,5
4,1471566739,1471566745,6
10,1471566740,1471566741,1
1,1471566742,1471566744,2
4,1471566745,1471566753,8
10,1471566747,1471566753,6
4,1471566755,1471566772,17
1,1471566757,1471566760,3
1,1471566768,1471566770,2
4,1471566772,1471566776,4
4,1471566776,1471566779,3
4,1471566779,1471566782,3
4,1471566782,1471566785,3
4,1471566786,1471566788,2
4,1471566789,1471566797,8
10,1471566789,1471566790,1
1,1471566791,1471566801,10
4,1471566797,1471566802,5
4,1471566802,1471566804,2
4,1471566804,1471566806,2
4,1471566806,1471566808,2
4,1471566808,1471566818,10
1,1471566810,1471566819,9
4,1471566819,1471566821,2
4,1471566821,1471566828,7
1,1471566823,1471566846,23
4,1471566828,1471566831,3
4,1471566831,1471566834,3
4,1471566835,1471566847,12
4,1471566847,1471566850,3
4,1471566850,1471566853,3
4,1471566854,1471566857,3
4,1471566857,1471566860,3
4,1471566860,1471566864,4
4,1471566868,1471567197,329
1,1471566869,1471566877,8
14,1471566876,1471566886,10
1,1471567182,1471567202,20
4,1471567197,1471567203,6
4,1471567203,1471567206,3
4,1471567206,1471567208,2
4,1471567208,1471567211,3
10,1471567210,1471567211,1
4,1471567211,1471567224,13
1,1471567219,1471567220,1
4,1471567225,1471567227,2
1,1471567225,1471567231,6
1,1471567242,1471567249,7
4,1471567251,1471567256,5
1,1471567253,1471567257,4
4,1471567256,1471567260,4
10,1471567258,1471567260,2
1,1471567261,1471567262,1
4,1471567264,1471567271,7
10,1471567265,1471567271,6
4,1471567271,1471567275,4
1,1471567272,1471567273,1
4,1471567275,1471567280,5
10,1471567281,1471567283,2
4,1471567283,1471567291,8
10,1471567283,1471567285,2
1,1471567289,1471567290,1
4,1471567291,1471567293,2
10,1471567292,1471567293,1
4,1471567293,1471567296,3
10,1471567294,1471567296,2
1,1471567298,1471567314,16
4,1471567308,1471567311,3
4,1471567311,1471567315,4
4,1471567315,1471567342,27
10,1471567317,1471567318,1
1,1471567317,1471567325,8
1,1471567328,1471567336,8
4,1471567342,1471567353,11
1,1471567344,1471567356,12
4,1471567354,1471567367,13
1,1471567362,1471567380,18
4,1471567370,1471567373,3
4,1471567373,1471567381,8
4,1471567381,1471567383,2
4,1471567383,1471567386,3
4,1471567386,1471567388,2
4,1471567390,1471567395,5
1,1471567393,1471567398,5
4,1471567399,1471567402,3
1,1471567405,1471567423,18
4,1471567410,1471567415,5
10,1471567416,1471567420,4
4,1471567422,1471567432,10
1,1471567429,1471567430,1
1,1471567434,1471567439,5
4,1471567436,1471567441,5
10,1471567438,1471567439,1
4,1471567441,1471567444,3
4,1471567444,1471567447,3
4,1471567447,1471567449,2
4,1471567450,1471567452,2
10,1471567451,1471567452,1
4,1471567454,1471567459,5
1,1471567456,1471567465,9
4,1471567459,1471567473,14
1,1471567469,1471567502,33
4,1471567473,1471567477,4
4,1471567477,1471567488,11
4,1471567488,1471567491,3
4,1471567495,1471567505,10
10,1471567498,1471567502,4
4,1471567506,1471567508,2
4,1471567509,1471567513,4
1,1471567510,1471567512,2
4,1471567513,1471567515,2
4,1471567516,1471567518,2
1,1471567522,1471567583,61
4,1471567532,1471567536,4
10,1471567533,1471567534,1
4,1471567536,1471567540,4
4,1471567540,1471567543,3
10,1471567544,1471567546,2
4,1471567546,1471567552,6
10,1471567547,1471567551,4
4,1471567553,1471567556,3
4,1471567556,1471567565,9
10,1471567558,1471567560,2
4,1471567572,1471567575,3
10,1471567572,1471567574,2
10,1471567576,1471567579,3
1,1471567588,1471567592,4
4,1471567594,1471567597,3
10,1471567596,1471567597,1
4,1471567597,1471567602,5
1,1471567599,1471567600,1
4,1471567602,1471567612,10
1,1471567605,1471567617,12
4,1471567614,1471567630,16
1,1471567624,1471567629,5
4,1471567630,1471567635,5
1,1471567636,1471567637,1
1,1471567642,1471567655,13
14,1471567651,1471567659,8
1,1471567666,1471567668,2
1,1471567672,1471567681,9
4,1471567676,1471567679,3
4,1471567681,1471567684,3
4,1471567684,1471567692,8
1,1471567688,1471567692,4
4,1471567695,1471567700,5
10,1471567697,1471567700,3
4,1471567700,1471567706,6
1,1471567702,1471567707,5
4,1471567707,1471567718,11
1,1471567710,1471567727,17
4,1471567720,1471567730,10
4,1471567730,1471567748,18
1,1471567731,1471567744,13
14,1471567740,1471567874,134
11,1471567747,1471567752,5
1,1471567748,1471567757,9
4,1471567749,1471567752,3
11,1471567752,1471567755,3
11,1471567755,1471567758,3
11,1471567758,1471567763,5
1,1471567763,1471567775,12
11,1471567765,1471567783,18
1,1471567778,1471567802,24
11,1471567783,1471567789,6
4,1471567783,1471567790,7
11,1471567789,1471567791,2
11,1471567791,1471567793,2
11,1471567793,1471567797,4
11,1471567798,1471567800,2
11,1471567800,1471567810,10
1,1471567809,1471567880,71
11,1471567811,1471567874,63
4,1471567875,1471567883,8
14,1471567880,1471567931,51
11,1471567882,1471567886,4
4,1471567883,1471567887,4
11,1471567886,1471567891,5
1,1471567889,1471567894,5
11,1471567891,1471567931,40
1,1471567903,1471567912,9
1,1471567917,1471567922,5
1,1471567928,1471567937,9
5,1471567929,1471567931,2
4,1471567932,1471567938,6
1,1471567947,1471567959,12
14,1471567955,1471568097,142
11,1471567969,1471567974,5
4,1471567970,1471567974,4
11,1471567974,1471567977,3
4,1471567975,1471567986,11
1,1471567975,1471567979,4
11,1471567977,1471567985,8
1,1471567983,1471568028,45
11,1471567989,1471567991,2
11,1471567991,1471567995,4
4,1471567991,1471568098,107
11,1471567996,1471568000,4
11,1471568000,1471568006,6
11,1471568011,1471568015,4
11,1471568015,1471568019,4
11,1471568023,1471568024,1
11,1471568024,1471568040,16
1,1471568037,1471568052,15
11,1471568040,1471568041,1
11,1471568041,1471568042,1
11,1471568049,1471568097,48
1,1471568058,1471568061,3
1,1471568065,1471568067,2
1,1471568070,1471568073,3
1,1471568091,1471568109,18
5,1471568096,1471568097,1
4,1471568103,1471568176,73
1,1471568113,1471568115,2
1,1471568122,1471568133,11
14,1471568124,1471568132,8
1,1471568170,1471568175,5
4,1471568176,1471568178,2
4,1471568178,1471568181,3
4,1471568181,1471568188,7
10,1471568182,1471568188,6
4,1471568188,1471568195,7
1,1471568191,1471568193,2
4,1471568195,1471568197,2
4,1471568197,1471568200,3
4,1471568200,1471568202,2
4,1471568202,1471568233,31
1,1471568203,1471568206,3
14,1471568205,1471568212,7
1,1471568219,1471568233,14
4,1471568234,1471568238,4
4,1471568238,1471568241,3
1,1471568239,1471568241,2
4,1471568241,1471568243,2
4,1471568243,1471568290,47
1,1471568246,1471568257,11
14,1471568249,1471568256,7
1,1471568282,1471568284,2
1,1471568287,1471568356,69
4,1471568293,1471568297,4
4,1471568299,1471568306,7
4,1471568310,1471568317,7
4,1471568317,1471568320,3
4,1471568323,1471568326,3
4,1471568337,1471568341,4
4,1471568348,1471568357,9
10,1471568357,1471568362,5
4,1471568362,1471568365,3
1,1471568363,1471568364,1
4,1471568365,1471568369,4
4,1471568369,1471568371,2
4,1471568371,1471568390,19
1,1471568373,1471568376,3
10,1471568375,1471568386,11
4,1471568390,1471568419,29
1,1471568391,1471568394,3
14,1471568394,1471568402,8
1,1471568408,1471568423,15
4,1471568419,1471568424,5
4,1471568424,1471568428,4
4,1471568428,1471568430,2
4,1471568430,1471568432,2
4,1471568432,1471568438,6
1,1471568434,1471568450,16
4,1471568442,1471568541,99
14,1471568449,1471568456,7
1,1471568475,1471568511,36
1,1471568516,1471568523,7
1,1471568531,1471568536,5
4,1471568542,1471568545,3
4,1471568545,1471568549,4
4,1471568549,1471568558,9
4,1471568559,1471568571,12
1,1471568562,1471568577,15
4,1471568571,1471568590,19
14,1471568577,1471568585,8
1,1471568585,1471568595,10
14,1471568595,1471568602,7
4,1471568607,1471568609,2
1,1471568611,1471568613,2
14,1471568613,1471568620,7
4,1471568642,1471568644,2
4,1471568645,1471568647,2
4,1471568648,1471568650,2
10,1471568649,1471568650,1
4,1471568651,1471568654,3
4,1471568654,1471568658,4
1,1471568655,1471568656,1
4,1471568658,1471568661,3
4,1471568661,1471568664,3
1,1471568662,1471568664,2
4,1471568664,1471568666,2
4,1471568666,1471568672,6
1,1471568671,1471568685,14
10,1471568673,1471568675,2
4,1471568674,1471568679,5
4,1471568679,1471568710,31
1,1471568694,1471568708,14
4,1471568711,1471568714,3
4,1471568714,1471568718,4
1,1471568717,1471568729,12
4,1471568718,1471568737,19
14,1471568722,1471568730,8
1,1471568734,1471568736,2
4,1471568739,1471568764,25
1,1471568741,1471568744,3
14,1471568743,1471568751,8
4,1471568765,1471568785,20
1,1471568766,1471568769,3
14,1471568769,1471568775,6
4,1471568785,1471568800,15
1,1471568789,1471568799,10
4,1471568800,1471568811,11
1,1471568808,1471568811,3
4,1471568812,1471568816,4
10,1471568813,1471568816,3
1,1471568814,1471568823,9
4,1471568816,1471568820,4
4,1471568820,1471568834,14
1,1471568827,1471568846,19
14,1471568845,1471568852,7
1,1471568912,1471568914,2
4,1471568915,1471568917,2
4,1471568918,1471568925,7
10,1471568920,1471568922,2
4,1471568926,1471568929,3
4,1471568929,1471568931,2
10,1471568931,1471568932,1
4,1471568932,1471568935,3
4,1471568935,1471568964,29
10,1471568936,1471568964,28
1,1471568938,1471568946,8
1,1471568950,1471568958,8
1,1471568961,1471568965,4
4,1471568964,1471568967,3
4,1471568967,1471569000,33
10,1471568968,1471568994,26
1,1471568976,1471568982,6
1,1471568994,1471568995,1
1,1471568998,1471568999,1
4,1471569000,1471569005,5
10,1471569001,1471569005,4
4,1471569005,1471569016,11
1,1471569010,1471569016,6
4,1471569016,1471569021,5
10,1471569019,1471569021,2
4,1471569021,1471569026,5
4,1471569026,1471569125,99
1,1471569034,1471569037,3
1,1471569118,1471569124,6
4,1471569125,1471569150,25
10,1471569127,1471569143,16
1,1471569138,1471569144,6
1,1471569147,1471569153,6
4,1471569154,1471569156,2
4,1471569158,1471569166,8
1,1471569163,1471569165,2
4,1471569166,1471569170,4
10,1471569168,1471569170,2
4,1471569170,1471569181,11
1,1471569172,1471569195,23
1,1471569199,1471569212,13
4,1471569213,1471569227,14
1,1471569221,1471569226,5
4,1471569227,1471569232,5
4,1471569232,1471569234,2
1,1471569236,1471569244,8
4,1471569240,1471569320,80
1,1471569247,1471569253,6
1,1471569261,1471569277,16
1,1471569282,1471569310,28
1,1471569313,1471569326,13
4,1471569322,1471569329,7
4,1471569329,1471569461,132
1,1471569333,1471569350,17
14,1471569341,1471569350,9
4,1471569461,1471569467,6
10,1471569464,1471569467,3
4,1471569467,1471569470,3
4,1471569470,1471569472,2
4,1471569472,1471569477,5
10,1471569475,1471569477,2
4,1471569477,1471569483,6
10,1471569483,1471569485,2
4,1471569485,1471569488,3
4,1471569488,1471569494,6
4,1471569494,1471569497,3
10,1471569495,1471569496,1
4,1471569498,1471569504,6
10,1471569500,1471569501,1
4,1471569504,1471569510,6
10,1471569508,1471569510,2
4,1471569510,1471569515,5
4,1471569515,1471569532,17
1,1471569517,1471569518,1
14,1471569518,1471569528,10
4,1471569532,1471569621,89
1,1471569536,1471569537,1
14,1471569537,1471569546,9
1,1471569610,1471569649,39
4,1471569644,1471569686,42
1,1471569655,1471569660,5
1,1471569675,1471569688,13
1,1471569694,1471569695,1
1,1471569700,1471569703,3
1,1471569725,1471569729,4
4,1471569730,1471569749,19
1,1471569741,1471569768,27
1,1471569772,1471569783,11
1,1471569863,1471569867,4
4,1471569868,1471569873,5
10,1471569870,1471569873,3
4,1471569873,1471569891,18
10,1471569876,1471569882,6
1,1471569880,1471569884,4
1,1471569889,1471569913,24
4,1471569891,1471569893,2
4,1471569896,1471569906,10
4,1471569909,1471569914,5
4,1471569914,1471569916,2
4,1471569918,1471569920,2
4,1471569920,1471569923,3
4,1471569924,1471569926,2
4,1471569928,1471569931,3
4,1471569931,1471569992,61
1,1471569937,1471569951,14
1,1471569984,1471569996,12
4,1471569997,1471570063,66
10,1471569998,1471570054,56
1,1471570000,1471570009,9
1,1471570013,1471570032,19
1,1471570035,1471570040,5
1,1471570048,1471570056,8
1,1471570059,1471570066,7
4,1471570068,1471570084,16
1,1471570072,1471570073,1
1,1471570077,1471570081,4
1,1471570088,1471570104,16
1,1471570114,1471570132,18
4,1471570126,1471570163,37
1,1471570142,1471570149,7
1,1471570156,1471570159,3
4,1471570163,1471570165,2
10,1471570163,1471570165,2
4,1471570165,1471570178,13
1,1471570169,1471570173,4
4,1471570178,1471570182,4
10,1471570178,1471570181,3
4,1471570182,1471570184,2
1,1471570186,1471570187,1
1,1471570200,1471570203,3
1,1471570212,1471570232,20
4,1471570221,1471570233,12
4,1471570233,1471570235,2
4,1471570236,1471570238,2
4,1471570238,1471570242,4
1,1471570243,1471570245,2
4,1471570245,1471570247,2
4,1471570247,1471570278,31
1,1471570274,1471570284,10
4,1471570279,1471570283,4
4,1471570283,1471570313,30
4,1471570313,1471570316,3
4,1471570316,1471570322,6
1,1471570321,1471570324,3
4,1471570322,1471570329,7
4,1471570329,1471570337,8
1,1471570334,1471570337,3
4,1471570337,1471570360,23
1,1471570342,1471570347,5
1,1471570351,1471570360,9
4,1471570365,1471570370,5
1,1471570369,1471570374,5
1,1471570394,1471570415,21
4,1471570406,1471570452,46
1,1471570420,1471570421,1
14,1471570421,1471570424,3
1,1471570433,1471570440,7
1,1471570444,1471570451,7
4,1471570452,1471570454,2
4,1471570456,1471570463,7
1,1471570458,1471570460,2
4,1471570464,1471570474,10
10,1471570465,1471570467,2
1,1471570465,1471570485,20
4,1471570476,1471570481,5
4,1471570487,1471570492,5
4,1471570493,1471570495,2
4,1471570495,1471570499,4
4,1471570499,1471570504,5
1,1471570501,1471570508,7
4,1471570506,1471570508,2
1,1471570524,1471570525,1
4,1471570529,1471570532,3
4,1471570533,1471570536,3
4,1471570536,1471570539,3
10,1471570538,1471570539,1
4,1471570541,1471570543,2
4,1471570543,1471570545,2
4,1471570546,1471570549,3
10,1471570547,1471570548,1
4,1471570550,1471570553,3
4,1471570553,1471570556,3
4,1471570557,1471570560,3
1,1471570558,1471570559,1
4,1471570561,1471570566,5
1,1471570563,1471570565,2
4,1471570568,1471570574,6
1,1471570570,1471570575,5
4,1471570576,1471570588,12
4,1471570588,1471570592,4
4,1471570592,1471570597,5
4,1471570600,1471570637,37
1,1471570603,1471570618,15
14,1471570613,1471570621,8
1,1471570634,1471570635,1
4,1471570637,1471570669,32
1,1471570639,1471570645,6
14,1471570644,1471570651,7
1,1471570667,1471570674,7
4,1471570670,1471570734,64
14,1471570673,1471570681,8
1,1471570705,1471570708,3
1,1471570726,1471570739,13
14,1471570738,1471570746,8
4,1471570783,1471570787,4
4,1471570787,1471570790,3
1,1471570791,1471570794,3
14,1471570793,1471570801,8
1,1471570877,1471570883,6
4,1471570880,1471570900,20
10,1471570881,1471570883,2
1,1471570886,1471570888,2
4,1471570900,1471570904,4
4,1471570904,1471570909,5
1,1471570908,1471570913,5
14,1471570913,1471570922,9
1,1471570949,1471570956,7
4,1471570953,1471570957,4
4,1471570959,1471570961,2
4,1471570962,1471570979,17
1,1471570963,1471570996,33
4,1471570980,1471570986,6
4,1471570989,1471570992,3
10,1471570993,1471570994,1
4,1471570999,1471571005,6
1,1471570999,1471571009,10
4,1471571005,1471571011,6
4,1471571011,1471571018,7
1,1471571015,1471571019,4
4,1471571019,1471571023,4
4,1471571023,1471571046,23
1,1471571023,1471571028,5
1,1471571035,1471571082,47
4,1471571047,1471571050,3
4,1471571051,1471571055,4
4,1471571057,1471571062,5
4,1471571064,1471571067,3
4,1471571068,1471571070,2
4,1471571072,1471571074,2
4,1471571076,1471571079,3
4,1471571080,1471571087,7
1,1471571087,1471571095,8
4,1471571087,1471571136,49
14,1471571092,1471571103,11
1,1471571105,1471571107,2
1,1471571133,1471571135,2
4,1471571137,1471571140,3
4,1471571141,1471571146,5
10,1471571141,1471571143,2
1,1471571142,1471571156,14
4,1471571150,1471571158,8
10,1471571152,1471571153,1
4,1471571158,1471571162,4
4,1471571162,1471571164,2
4,1471571164,1471571176,12
1,1471571166,1471571192,26
4,1471571187,1471571194,7
4,1471571194,1471571196,2
4,1471571197,1471571208,11
10,1471571198,1471571199,1
1,1471571199,1471571214,15
4,1471571211,1471571262,51
10,1471571212,1471571213,1
1,1471571219,1471571226,7
14,1471571222,1471571231,9
1,1471571231,1471571236,5
1,1471571260,1471571261,1
4,1471571264,1471571333,69
1,1471571277,1471571285,8
14,1471571284,1471571293,9
1,1471571298,1471571299,1
1,1471571327,1471571349,22
4,1471571336,1471571339,3
4,1471571339,1471571344,5
4,1471571347,1471571351,4
1,1471571355,1471571359,4
4,1471571360,1471571362,2
4,1471571362,1471571365,3
4,1471571365,1471571371,6
1,1471571371,1471571381,10
4,1471571371,1471571378,7
4,1471571378,1471571381,3
4,1471571382,1471571396,14
1,1471571387,1471571389,2
1,1471571392,1471571401,9
4,1471571398,1471571403,5
4,1471571403,1471571406,3
4,1471571406,1471571412,6
1,1471571408,1471571411,3
4,1471571412,1471571415,3
1,1471571417,1471571443,26
4,1471571421,1471571425,4
4,1471571425,1471571429,4
4,1471571430,1471571435,5
4,1471571440,1471571444,4
4,1471571444,1471571450,6
1,1471571447,1471571454,7
4,1471571452,1471571457,5
1,1471571457,1471571461,4
14,1471571461,1471571469,8
1,1471571486,1471571489,3
4,1471571491,1471571500,9
1,1471571495,1471571506,11
4,1471571500,1471571572,72
14,1471571505,1471571515,10
1,1471571515,1471571517,2
1,1471571532,1471571537,5
14,1471571533,1471571535,2
4,1471571573,1471571576,3
1,1471571581,1471571585,4
14,1471571584,1471571594,10
1,1471571592,1471571594,2
1,1471571621,1471571630,9
4,1471571626,1471571705,79
14,1471571630,1471571639,9
4,1471571706,1471571712,6
1,1471571709,1471571717,8
14,1471571717,1471571726,9
1,1471571726,1471571728,2
1,1471571800,1471571808,8
1,1471572185,1471572195,10
1,1471572198,1471572205,7
1,1471620120,1471620122,2
1,1471620675,1471620682,7
4,1471620683,1471620685,2
4,1471620685,1471620688,3
4,1471620688,1471620690,2
4,1471620691,1471620693,2
4,1471620694,1471620697,3
4,1471620699,1471620702,3
4,1471620702,1471620704,2
4,1471620704,1471620714,10
1,1471620708,1471620713,5
4,1471620714,1471620716,2
4,1471620716,1471620720,4
4,1471620720,1471620730,10
10,1471620722,1471620723,1
10,1471620729,1471620730,1
4,1471620730,1471620735,5
1,1471620732,1471620735,3
4,1471620735,1471620737,2
4,1471620737,1471620742,5
4,1471620742,1471620753,11
1,1471620744,1471620756,12
4,1471620753,1471620758,5
4,1471620758,1471620809,51
1,1471620790,1471620791,1
1,1471620794,1471620802,8
4,1471620818,1471620845,27
1,1471620827,1471620830,3
1,1471620833,1471620843,10
4,1471620845,1471620847,2
4,1471620848,1471620850,2
4,1471620850,1471620855,5
4,1471620856,1471620862,6
1,1471620860,1471620861,1
4,1471620870,1471620872,2
10,1471620871,1471620872,1
4,1471620873,1471620879,6
10,1471620873,1471620876,3
1,1471620877,1471620879,2
4,1471620879,1471620884,5
4,1471620884,1471620888,4
1,1471620885,1471620892,7
4,1471620888,1471620892,4
4,1471620892,1471620898,6
1,1471620895,1471620897,2
4,1471620898,1471620901,3
4,1471620901,1471620903,2
4,1471620904,1471620909,5
1,1471620905,1471620907,2
4,1471620909,1471620915,6
1,1471620911,1471620919,8
4,1471620917,1471620920,3
4,1471620920,1471620923,3
4,1471620923,1471620926,3
4,1471620926,1471620929,3
1,1471620930,1471620950,20
1,1471620955,1471620957,2
4,1471620958,1471620964,6
10,1471620960,1471620963,3
4,1471620964,1471620974,10
4,1471620974,1471620981,7
1,1471621767,1471621768,1
6,1471621792,1471621794,2
1,1471621835,1471621851,16
1,1471621854,1471621855,1
1,1471621862,1471621877,15
1,1471621881,1471621900,19
4,1471621883,1471621887,4
1,1471621904,1471621906,2
1,1471621912,1471621931,19
4,1471622038,1471622060,22
1,1471622038,1471622045,7
1,1471622048,1471622053,5
4,1471622060,1471622137,77
1,1471622071,1471622079,8
1,1471622095,1471622109,14
5,1471622109,1471622121,12
1,1471622113,1471622144,31
1,1471622148,1471622153,5
4,1471622154,1471622158,4
10,1471622156,1471622158,2
4,1471622158,1471622160,2
4,1471622160,1471622169,9
1,1471622163,1471622172,9
4,1471622173,1471622177,4
1,1471622177,1471622184,7
1,1471622208,1471622215,7
1,1471622221,1471622223,2
1,1471622227,1471622235,8
1,1471622239,1471622244,5
1,1471622250,1471622256,6
1,1471622259,1471622342,83
5,1471622300,1471622302,2
1,1471622356,1471622380,24
4,1471622380,1471622383,3
1,1471622392,1471622401,9
4,1471622398,1471622402,4
4,1471622402,1471622404,2
4,1471622404,1471622408,4
1,1471622406,1471622408,2
4,1471622409,1471622412,3
4,1471622412,1471622420,8
10,1471622414,1471622415,1
1,1471622415,1471622512,97
4,1471622423,1471622446,23
4,1471622454,1471622459,5
4,1471622462,1471622468,6
1,1471622516,1471622526,10
4,1471622524,1471622601,77
1,1471622529,1471622535,6
1,1471622599,1471622601,2
4,1471622604,1471622638,34
1,1471622632,1471622646,14
4,1471622638,1471622642,4
4,1471622643,1471622646,3
10,1471622643,1471622644,1
4,1471622647,1471622651,4
1,1471622651,1471622658,7
1,1471622665,1471622678,13
4,1471622674,1471622682,8
1,1471622737,1471622748,11
4,1471622739,1471622742,3
4,1471622742,1471622793,51
1,1471622766,1471622789,23
1,1471622870,1471622887,17
4,1471622875,1471623032,157
1,1471622892,1471622906,14
1,1471622910,1471622912,2
1,1471623028,1471623032,4
4,1471623035,1471623066,31
1,1471623052,1471623057,5
1,1471623061,1471623065,4
4,1471623066,1471623068,2
4,1471623068,1471623071,3
10,1471623070,1471623071,1
10,1471623071,1471623073,2
4,1471623073,1471623075,2
4,1471623075,1471623077,2
4,1471623077,1471623080,3
10,1471623078,1471623079,1
4,1471623083,1471623086,3
4,1471623088,1471623091,3
4,1471623091,1471623095,4
1,1471623093,1471623094,1
4,1471623096,1471623098,2
4,1471623099,1471623103,4
4,1471623103,1471623105,2
4,1471623105,1471623117,12
1,1471623106,1471623112,6
11,1471623118,1471623122,4
4,1471623118,1471623122,4
4,1471623122,1471623219,97
11,1471623122,1471623172,50
1,1471623125,1471623142,17
1,1471623153,1471623156,3
1,1471623169,1471623199,30
11,1471623172,1471623188,16
11,1471623189,1471623276,87
1,1471623204,1471623218,14
4,1471623221,1471623223,2
4,1471623223,1471623226,3
4,1471623227,1471623230,3
10,1471623228,1471623230,2
4,1471623230,1471623233,3
10,1471623232,1471623233,1
4,1471623234,1471623238,4
4,1471623238,1471623242,4
4,1471623243,1471623245,2
10,1471623245,1471623247,2
10,1471623248,1471623250,2
4,1471623251,1471623277,26
1,1471623261,1471623271,10
11,1471623276,1471626784,3508
4,1471623437,1471623443,6
10,1471623437,1471623438,1
4,1471623445,1471623447,2
4,1471623447,1471623450,3
4,1471623450,1471623452,2
10,1471623451,1471623452,1
4,1471623453,1471623456,3
10,1471623453,1471623454,1
4,1471623456,1471623458,2
10,1471623458,1471623459,1
4,1471623459,1471623469,10
1,1471623462,1471623463,1
1,1471623467,1471623473,6
4,1471623479,1471623481,2
10,1471623483,1471623484,1
4,1471623484,1471623487,3
4,1471623492,1471623499,7
1,1471623494,1471623516,22
4,1471623499,1471623502,3
4,1471623502,1471623507,5
10,1471623503,1471623504,1
4,1471623507,1471623510,3
4,1471623517,1471623519,2
4,1471623519,1471623522,3
4,1471623522,1471623526,4
4,1471623526,1471623541,15
1,1471623529,1471623537,8
10,1471623538,1471623540,2
10,1471623540,1471623542,2
4,1471623541,1471623547,6
1,1471623543,1471623555,12
4,1471623547,1471623550,3
4,1471623555,1471623581,26
1,1471623569,1471623572,3
1,1471623579,1471623591,12
4,1471623581,1471623583,2
4,1471623583,1471623589,6
4,1471623590,1471623592,2
4,1471623596,1471623602,6
1,1471623596,1471623603,7
4,1471623604,1471623608,4
4,1471623609,1471623611,2
4,1471623611,1471623613,2
4,1471623613,1471623615,2
4,1471623615,1471623618,3
4,1471623620,1471623622,2
4,1471623622,1471623626,4
1,1471623626,1471623632,6
1,1471623679,1471623684,5
1,1471623725,1471623726,1
1,1471623746,1471623749,3
4,1471623751,1471623882,131
1,1471623857,1471623885,28
4,1471623882,1471623885,3
4,1471623886,1471623888,2
4,1471623888,1471623891,3
4,1471623891,1471623893,2
4,1471623894,1471623896,2
4,1471623896,1471623898,2
4,1471623898,1471623904,6
10,1471623898,1471623899,1
1,1471623900,1471623911,11
4,1471623904,1471623911,7
4,1471623911,1471623913,2
4,1471623913,1471623917,4
1,1471623915,1471623921,6
4,1471623920,1471623925,5
4,1471623925,1471623953,28
1,1471623925,1471623932,7
14,1471623930,1471623936,6
1,1471623939,1471623952,13
4,1471623953,1471624042,89
1,1471623955,1471623960,5
14,1471623958,1471623965,7
1,1471623966,1471623967,1
1,1471623987,1471623996,9
1,1471624007,1471624024,17
1,1471624027,1471624030,3
1,1471624035,1471624047,12
4,1471624043,1471624048,5
4,1471624048,1471624051,3
4,1471624051,1471624053,2
4,1471624054,1471624061,7
1,1471624057,1471624061,4
4,1471624062,1471624066,4
1,1471624069,1471624070,1
1,1471624081,1471624083,2
4,1471624084,1471624087,3
4,1471624087,1471624098,11
1,1471624093,1471624098,5
4,1471624098,1471624108,10
1,1471624103,1471624115,12
4,1471624114,1471624117,3
1,1471624119,1471624121,2
1,1471624125,1471624130,5
1,1471624134,1471624136,2
1,1471624159,1471624169,10
14,1471624162,1471624169,7
1,1471624181,1471624195,14
14,1471624192,1471624194,2
1,1471624212,1471624225,13
1,1471624230,1471624250,20
4,1471624243,1471624245,2
4,1471624249,1471624254,5
1,1471624254,1471624256,2
4,1471624254,1471624287,33
1,1471624261,1471624266,5
14,1471624266,1471624274,8
1,1471624273,1471624275,2
1,1471624283,1471624287,4
1,1471624302,1471624310,8
1,1471624316,1471624318,2
1,1471624441,1471624474,33
4,1471624447,1471624452,5
10,1471624448,1471624452,4
4,1471624457,1471624495,38
10,1471624458,1471624495,37
1,1471624477,1471624483,6
1,1471624487,1471624496,9
1,1471624503,1471624510,7
1,1471624520,1471624521,1
1,1471624526,1471624527,1
4,1471624532,1471624544,12
1,1471624541,1471624547,6
1,1471624558,1471624566,8
1,1471624576,1471624578,2
1,1471624846,1471624884,38
1,1471624898,1471624901,3
1,1471624910,1471624911,1
1,1471624932,1471624936,4
1,1471624968,1471624974,6
1,1471625274,1471625276,2
1,1471625280,1471625290,10
1,1471625345,1471625347,2
1,1471625387,1471625391,4
1,1471625559,1471625565,6
1,1471625698,1471625701,3
1,1471625718,1471625722,4
1,1471625730,1471625731,1
1,1471625739,1471625744,5
1,1471625754,1471625759,5
1,1471626133,1471626145,12
1,1471626149,1471626170,21
4,1471626172,1471626177,5
1,1471626174,1471626176,2
4,1471626177,1471626183,6
1,1471626181,1471626184,3
4,1471626185,1471626187,2
4,1471626187,1471626189,2
4,1471626190,1471626196,6
1,1471626193,1471626216,23
4,1471626198,1471626200,2
4,1471626210,1471626212,2
4,1471626217,1471626220,3
4,1471626220,1471626222,2
4,1471626224,1471626231,7
1,1471626226,1471626234,8
4,1471626232,1471626234,2
4,1471626235,1471626239,4
4,1471626239,1471626242,3
4,1471626242,1471626316,74
10,1471626243,1471626244,1
1,1471626310,1471626314,4
4,1471626316,1471626320,4
1,1471626318,1471626320,2
4,1471626321,1471626333,12
1,1471626323,1471626333,10
4,1471626333,1471626337,4
4,1471626341,1471626362,21
1,1471626345,1471626351,6
1,1471626354,1471626360,6
4,1471626363,1471626366,3
4,1471626367,1471626374,7
1,1471626374,1471626376,2
4,1471626376,1471626378,2
4,1471626378,1471626381,3
4,1471626381,1471626386,5
4,1471626387,1471626390,3
1,1471626393,1471626394,1
4,1471626397,1471626399,2
4,1471626400,1471626403,3
4,1471626403,1471626405,2
4,1471626405,1471626407,2
4,1471626410,1471626420,10
1,1471626412,1471626420,8
4,1471626423,1471626428,5
1,1471626423,1471626430,7
4,1471626430,1471626439,9
1,1471626434,1471626438,4
4,1471626439,1471626445,6
1,1471626442,1471626445,3
4,1471626445,1471626451,6
1,1471626448,1471626455,7
4,1471626452,1471626456,4
4,1471626456,1471626458,2
10,1471626457,1471626458,1
1,1471626476,1471626480,4
4,1471626483,1471626487,4
1,1471626485,1471626497,12
4,1471626487,1471626490,3
4,1471626490,1471626494,4
4,1471626494,1471626498,4
4,1471626499,1471626504,5
4,1471626504,1471626509,5
1,1471626506,1471626508,2
4,1471626511,1471626518,7
1,1471626512,1471626518,6
4,1471626519,1471626528,9
10,1471626519,1471626520,1
1,1471626521,1471626527,6
4,1471626530,1471626534,4
1,1471626531,1471626539,8
4,1471626536,1471626540,4
4,1471626541,1471626545,4
4,1471626545,1471626547,2
4,1471626548,1471626550,2
1,1471626551,1471626556,5
4,1471626551,1471626556,5
4,1471626557,1471626559,2
4,1471626559,1471626561,2
4,1471626561,1471626564,3
1,1471626564,1471626568,4
4,1471626566,1471626569,3
4,1471626569,1471626571,2
4,1471626571,1471626573,2
4,1471626576,1471626605,29
1,1471626581,1471626588,7
1,1471626593,1471626600,7
1,1471626616,1471626633,17
4,1471626624,1471626637,13
1,1471626725,1471626733,8
4,1471626734,1471626737,3
4,1471626737,1471626739,2
4,1471626739,1471626742,3
4,1471626743,1471626745,2
4,1471626745,1471626783,38
1,1471626748,1471626756,8
1,1471626771,1471626780,9
11,1471626784,1471626787,3
4,1471626785,1471626795,10
11,1471626787,1471626791,4
1,1471626789,1471626799,10
11,1471626791,1471626794,3
11,1471626794,1471626888,94
4,1471626795,1471626797,2
1,1471626836,1471626841,5
1,1471626871,1471626872,1
1,1471626878,1471626879,1
1,1471626886,1471626888,2
5,1471626886,1471626888,2
4,1471626888,1471627226,338
1,1471626893,1471626896,3
1,1471626904,1471626907,3
1,1471627011,1471627015,4
1,1471627182,1471627183,1
1,1471627194,1471627202,8
1,1471627222,1471627225,3
1,1471627228,1471627233,5
1,1471627238,1471627242,4
4,1471627246,1471627325,79
1,1471627302,1471627330,28
4,1471627328,1471627334,6
1,1471627336,1471627341,5
1,1471627359,1471627361,2
4,1471627361,1471627365,4
1,1471627823,1471627836,13
1,1471627841,1471627845,4
5,1471627845,1471627857,12
1,1471627858,1471627876,18
4,1471627867,1471627876,9
4,1471627878,1471627881,3
1,1471627883,1471627884,1
4,1471627886,1471627891,5
1,1471627887,1471627890,3
4,1471627891,1471627933,42
1,1471627896,1471627905,9
1,1471627911,1471627915,4
5,1471627915,1471627923,8
1,1471627925,1471627952,27
4,1471627937,1471627950,13
4,1471627952,1471627956,4
10,1471627954,1471627956,2
4,1471627956,1471627960,4
4,1471627960,1471627977,17
1,1471627973,1471627974,1
4,1471627983,1471627986,3
10,1471627983,1471627986,3
4,1471627986,1471627993,7
1,1471627989,1471627994,5
4,1471628003,1471628005,2
4,1471628005,1471628008,3
1,1471628012,1471628016,4
4,1471628015,1471628039,24
10,1471628015,1471628016,1
1,1471628036,1471628039,3
4,1471628039,1471628042,3
4,1471628045,1471628048,3
4,1471628050,1471628054,4
1,1471628051,1471628060,9
4,1471628058,1471628061,3
4,1471628061,1471628063,2
1,1471628067,1471628069,2
4,1471628072,1471628076,4
1,1471628073,1471628074,1
1,1471628078,1471628079,1
4,1471628079,1471628082,3
4,1471628082,1471628090,8
1,1471628088,1471628090,2
1,1471628094,1471628100,6
4,1471628096,1471628101,5
10,1471628096,1471628098,2
4,1471628101,1471628104,3
4,1471628106,1471628109,3
4,1471628109,1471628112,3
10,1471628109,1471628112,3
4,1471628112,1471628128,16
4,1471628129,1471628132,3
4,1471628132,1471628136,4
4,1471628139,1471628141,2
4,1471628144,1471628149,5
10,1471628146,1471628149,3
4,1471628150,1471628155,5
10,1471628150,1471628151,1
4,1471628155,1471628160,5
10,1471628157,1471628160,3
4,1471628160,1471628163,3
4,1471628163,1471628175,12
10,1471628165,1471628175,10
4,1471628175,1471628184,9
1,1471628182,1471628183,1
4,1471628184,1471628186,2
4,1471628187,1471628189,2
4,1471628189,1471628191,2
10,1471628190,1471628192,2
10,1471628192,1471628194,2
4,1471628193,1471628196,3
4,1471628196,1471628203,7
1,1471628200,1471628201,1
4,1471628204,1471628207,3
4,1471628207,1471628255,48
1,1471628250,1471628251,1
4,1471628255,1471628265,10
4,1471628265,1471628272,7
1,1471628269,1471628271,2
4,1471628272,1471628274,2
4,1471628274,1471628286,12
10,1471628275,1471628277,2
1,1471628277,1471628278,1
1,1471628283,1471628288,5
4,1471628286,1471628289,3
4,1471628289,1471628292,3
10,1471628291,1471628292,1
4,1471628293,1471628298,5
1,1471628296,1471628297,1
4,1471628298,1471628301,3
4,1471628302,1471628304,2
10,1471628304,1471628305,1
10,1471628305,1471628308,3
4,1471628308,1471628315,7
10,1471628310,1471628315,5
4,1471628316,1471628319,3
10,1471628317,1471628319,2
4,1471628319,1471628333,14
1,1471628329,1471628332,3
10,1471628334,1471628335,1
4,1471628335,1471628338,3
4,1471628343,1471628356,13
1,1471628353,1471628355,2
4,1471628356,1471628360,4
4,1471628360,1471628399,39
1,1471628367,1471628369,2
1,1471628374,1471628378,4
1,1471628389,1471628397,8
4,1471628400,1471628402,2
4,1471628403,1471628406,3
10,1471628403,1471628406,3
4,1471628407,1471628409,2
10,1471628407,1471628408,1
4,1471628409,1471628411,2
10,1471628410,1471628411,1
4,1471628411,1471628423,12
1,1471628421,1471628422,1
4,1471628423,1471628428,5
10,1471628423,1471628425,2
4,1471628428,1471628432,4
4,1471628432,1471628434,2
4,1471628435,1471628452,17
1,1471628450,1471628451,1
4,1471628452,1471628455,3
4,1471628455,1471628461,6
4,1471628461,1471628463,2
4,1471628463,1471628467,4
4,1471628468,1471628471,3
1,1471628472,1471628476,4
4,1471628474,1471628477,3
4,1471628477,1471628499,22
1,1471628493,1471628506,13
4,1471628501,1471628504,3
4,1471628507,1471628510,3
10,1471628509,1471628510,1
4,1471628510,1471628513,3
4,1471628513,1471628515,2
4,1471628516,1471628519,3
4,1471628519,1471628522,3
10,1471628519,1471628521,2
4,1471628522,1471628525,3
4,1471628525,1471628533,8
10,1471628531,1471628533,2
4,1471628533,1471628538,5
10,1471628535,1471628538,3
4,1471628538,1471628543,5
4,1471628544,1471628546,2
4,1471628546,1471628549,3
4,1471628549,1471628552,3
10,1471628550,1471628552,2
4,1471628552,1471628575,23
1,1471628571,1471628573,2
4,1471628575,1471628577,2
4,1471628577,1471628580,3
4,1471628580,1471628585,5
4,1471628585,1471628635,50
1,1471628632,1471628637,5
4,1471628638,1471628641,3
4,1471628641,1471628643,2
4,1471628643,1471628645,2
4,1471628646,1471628648,2
4,1471628648,1471628652,4
4,1471628653,1471628655,2
4,1471628656,1471628658,2
4,1471628660,1471628663,3
4,1471628663,1471628667,4
10,1471628664,1471628665,1
4,1471628667,1471628669,2
10,1471628667,1471628669,2
4,1471628669,1471628922,253
1,1471628810,1471628811,1
1,1471628908,1471628910,2
4,1471628922,1471628929,7
1,1471628923,1471628929,6
4,1471628929,1471628932,3
4,1471628932,1471628944,12
1,1471628935,1471628936,1
1,1471628942,1471628943,1
4,1471628944,1471628947,3
4,1471628948,1471628950,2
4,1471628950,1471628952,2
4,1471628952,1471628954,2
4,1471628954,1471628959,5
4,1471628961,1471629013,52
1,1471628977,1471628991,14
1,1471629006,1471629012,6
4,1471629014,1471629017,3
10,1471629015,1471629017,2
4,1471629018,1471629020,2
4,1471629020,1471629024,4
4,1471629024,1471629029,5
1,1471629028,1471629034,6
4,1471629032,1471629034,2
4,1471629036,1471629046,10
10,1471629037,1471629045,8
4,1471629049,1471629089,40
1,1471629051,1471629064,13
1,1471629067,1471629092,25
4,1471629089,1471629093,4
4,1471629093,1471629100,7
10,1471629095,1471629096,1
1,1471629096,1471629109,13
4,1471629103,1471629107,4
4,1471629107,1471629110,3
4,1471629111,1471629113,2
4,1471629113,1471629116,3
1,1471629113,1471629117,4
4,1471629118,1471629120,2
4,1471629121,1471629124,3
4,1471629124,1471629126,2
4,1471629127,1471629132,5
4,1471629132,1471629253,121
1,1471629134,1471629140,6
14,1471629138,1471629144,6
1,1471629146,1471629148,2
1,1471629208,1471629209,1
1,1471629214,1471629216,2
1,1471629243,1471629261,18
4,1471629254,1471629257,3
4,1471629257,1471629262,5
4,1471629262,1471629271,9
1,1471629265,1471629269,4
4,1471629272,1471629373,101
1,1471629273,1471629276,3
1,1471629366,1471629376,10
10,1471629377,1471629402,25
4,1471629378,1471629402,24
1,1471629379,1471629403,24
4,1471629404,1471629406,2
10,1471629405,1471629406,1
4,1471629411,1471629419,8
10,1471629412,1471629419,7
1,1471629413,1471629419,6
1,1471629423,1471629434,11
4,1471629432,1471629435,3
4,1471629435,1471629441,6
1,1471629438,1471629442,4
1,1471629450,1471629457,7
14,1471629454,1471629460,6
4,1471629499,1471629508,9
1,1471629506,1471629507,1
4,1471629508,1471629512,4
4,1471629512,1471629514,2
4,1471629514,1471629517,3
4,1471629517,1471629519,2
4,1471629519,1471629521,2
4,1471629521,1471629524,3
1,1471629525,1471629526,1
4,1471629527,1471629530,3
1,1471629530,1471629538,8
4,1471629530,1471629559,29
14,1471629537,1471629544,7
1,1471629552,1471629554,2
1,1471629562,1471629563,1
1,1471629567,1471629573,6
4,1471629569,1471629600,31
14,1471629573,1471629579,6
1,1471629586,1471629597,11
4,1471629600,1471629604,4
4,1471629604,1471629613,9
1,1471629606,1471629609,3
4,1471629616,1471629618,2
1,1471629620,1471629621,1
4,1471629624,1471629651,27
1,1471629625,1471629628,3
14,1471629628,1471629634,6
1,1471629645,1471629665,20
4,1471629655,1471629657,2
4,1471629658,1471629680,22
14,1471629665,1471629671,6
1,1471629678,1471629679,1
4,1471629680,1471629692,12
10,1471629681,1471629692,11
1,1471629683,1471629687,4
4,1471629692,1471629710,18
1,1471629695,1471629703,8
1,1471629714,1471629724,10
4,1471629724,1471629728,4
10,1471629726,1471629728,2
4,1471629728,1471629733,5
10,1471629730,1471629731,1
4,1471629733,1471629741,8
4,1471629741,1471629743,2
4,1471629744,1471629746,2
10,1471629748,1471629796,48
1,1471629749,1471629761,12
1,1471629764,1471629797,33
4,1471629796,1471629817,21
1,1471629800,1471629803,3
14,1471629803,1471629810,7
4,1471629818,1471629820,2
4,1471629822,1471629824,2
4,1471629824,1471629828,4
1,1471629830,1471629841,11
4,1471629844,1471629869,25
1,1471629848,1471629850,2
14,1471629850,1471629857,7
4,1471629869,1471629877,8
1,1471629873,1471629886,13
4,1471629877,1471629884,7
4,1471629886,1471629890,4
1,1471629890,1471629895,5
4,1471629896,1471629946,50
10,1471629897,1471629946,49
1,1471629899,1471629905,6
1,1471629908,1471629919,11
1,1471629922,1471629932,10
1,1471629935,1471629939,4
1,1471629942,1471629949,7
1,1471629971,1471629975,4
4,1471629975,1471629979,4
10,1471629976,1471629979,3
4,1471629979,1471629986,7
4,1471629986,1471629989,3
4,1471629989,1471629994,5
4,1471629994,1471629997,3
10,1471629995,1471629996,1
4,1471630006,1471630009,3
4,1471630009,1471630013,4
10,1471630010,1471630011,1
1,1471630011,1471630023,12
10,1471630014,1471630031,17
1,1471630027,1471630032,5
4,1471630031,1471630039,8
1,1471630035,1471630038,3
4,1471630039,1471630042,3
4,1471630042,1471630045,3
4,1471630045,1471630061,16
1,1471630046,1471630048,2
1,1471630056,1471630091,35
4,1471630063,1471630066,3
4,1471630072,1471630076,4
4,1471630086,1471630110,24
4,1471630111,1471630114,3
1,1471630111,1471630113,2
4,1471630114,1471630120,6
1,1471630118,1471630128,10
4,1471630120,1471630124,4
4,1471630124,1471630130,6
4,1471630131,1471630133,2
4,1471630134,1471630137,3
4,1471630137,1471630148,11
1,1471630138,1471630142,4
1,1471630145,1471630185,40
4,1471630154,1471630167,13
4,1471630167,1471630171,4
4,1471630172,1471630176,4
4,1471630176,1471630181,5
4,1471630181,1471630184,3
4,1471630185,1471630187,2
4,1471630188,1471630195,7
1,1471630192,1471630195,3
4,1471630195,1471630239,44
1,1471630201,1471630204,3
14,1471630204,1471630211,7
1,1471630232,1471630239,7
4,1471630242,1471630276,34
1,1471630264,1471630273,9
4,1471630276,1471630296,20
1,1471630293,1471630295,2
1,1471630301,1471630305,4
4,1471630304,1471630307,3
1,1471630328,1471630332,4
4,1471630336,1471630476,140
1,1471630417,1471630424,7
1,1471630460,1471630473,13
4,1471630476,1471630478,2
4,1471630478,1471630481,3
4,1471630481,1471630485,4
10,1471630481,1471630483,2
4,1471630486,1471630488,2
10,1471630489,1471630490,1
4,1471630492,1471630494,2
4,1471630495,1471630501,6
1,1471630498,1471630504,6
4,1471630501,1471630513,12
1,1471630512,1471630524,12
10,1471630513,1471630519,6
4,1471630524,1471630538,14
1,1471630535,1471630537,2
4,1471630538,1471630541,3
4,1471630541,1471630543,2
4,1471630543,1471630550,7
1,1471630545,1471630558,13
4,1471630550,1471630555,5
4,1471630559,1471630561,2
4,1471630561,1471630570,9
1,1471630564,1471630568,4
4,1471630570,1471630572,2
4,1471630573,1471630576,3
4,1471630577,1471630579,2
4,1471630580,1471630582,2
4,1471630582,1471630586,4
1,1471630584,1471630586,2
4,1471630587,1471630590,3
4,1471630590,1471630611,21
1,1471630594,1471630597,3
1,1471630606,1471630616,10
4,1471630612,1471630646,34
1,1471630620,1471630621,1
1,1471630642,1471630644,2
4,1471630649,1471630680,31
1,1471630649,1471630656,7
1,1471630660,1471630665,5
1,1471630675,1471630677,2
1,1471630705,1471630723,18
1,1471630736,1471630739,3
4,1471630741,1471630745,4
1,1471630754,1471630760,6
4,1471630759,1471630763,4
1,1471630764,1471630768,4
4,1471630772,1471631307,535
1,1471630803,1471630816,13
1,1471630843,1471630848,5
1,1471631170,1471631174,4
1,1471631296,1471631305,9
4,1471631307,1471631312,5
1,1471631309,1471631311,2
4,1471631312,1471631316,4
10,1471631314,1471631316,2
4,1471631316,1471631318,2
4,1471631322,1471631324,2
4,1471631325,1471631330,5
1,1471631326,1471631330,4
1,1471631459,1471631463,4
1,1471631468,1471631473,5
1,1471632059,1471632065,6
1,1471632079,1471632082,3
4,1471632081,1471632086,5
1,1471632096,1471632099,3
4,1471632124,1471632243,119
1,1471632239,1471632242,3
4,1471632243,1471632249,6
4,1471632249,1471632252,3
10,1471632253,1471632255,2
4,1471632255,1471632261,6
1,1471632257,1471632261,4
1,1471632275,1471632282,7
4,1471632277,1471632279,2
4,1471632279,1471632283,4
4,1471632285,1471632288,3
1,1471632294,1471632310,16
4,1471632295,1471632305,10
4,1471632306,1471632309,3
4,1471632310,1471632313,3
1,1471632314,1471632318,4
1,1471632356,1471632361,5
1,1471632376,1471632384,8
4,1471632394,1471632399,5
1,1471632395,1471632407,12
4,1471632403,1471632406,3
1,1471632411,1471632421,10
4,1471632414,1471632422,8
1,1471632447,1471632448,1
4,1471632449,1471632451,2
4,1471632451,1471632453,2
10,1471632452,1471632453,1
4,1471632454,1471632456,2
4,1471632456,1471632459,3
4,1471632459,1471632461,2
4,1471632462,1471632464,2
4,1471632464,1471632466,2
4,1471632467,1471632480,13
1,1471632474,1471632476,2
4,1471632480,1471632482,2
4,1471632482,1471632485,3
4,1471632485,1471632488,3
4,1471632488,1471632492,4
4,1471632492,1471632500,8
1,1471632498,1471632499,1
4,1471632501,1471632504,3
4,1471632504,1471632507,3
4,1471632510,1471632513,3
4,1471632514,1471632516,2
4,1471632516,1471632518,2
4,1471632518,1471632526,8
4,1471632530,1471632533,3
4,1471632533,1471632535,2
4,1471632535,1471632538,3
1,1471632545,1471632575,30
4,1471632548,1471632555,7
4,1471632559,1471632563,4
4,1471632566,1471632571,5
4,1471632571,1471632574,3
4,1471632576,1471632584,8
1,1471632582,1471632583,1
1,1471632588,1471632601,13
4,1471632598,1471632602,4
4,1471632602,1471632604,2
4,1471632605,1471632614,9
1,1471632607,1471632609,2
1,1471632612,1471632618,6
4,1471632616,1471632648,32
1,1471632636,1471632637,1
4,1471632649,1471632651,2
4,1471632651,1471632653,2
4,1471632653,1471632697,44
1,1471632660,1471632661,1
1,1471632668,1471632669,1
1,1471632673,1471632677,4
1,1471632682,1471632695,13
4,1471632697,1471632701,4
10,1471632698,1471632699,1
4,1471632704,1471632719,15
1,1471632706,1471632709,3
4,1471632719,1471632723,4
1,1471632720,1471632722,2
4,1471632723,1471632735,12
4,1471632735,1471632741,6
1,1471632736,1471632766,30
4,1471632741,1471632744,3
4,1471632744,1471632748,4
4,1471632750,1471632819,69
1,1471632787,1471632794,7
1,1471632806,1471632813,7
1,1471632830,1471632833,3
4,1471632834,1471633091,257
1,1471632900,1471632903,3
1,1471632939,1471632945,6
1,1471633003,1471633016,13
14,1471633015,1471633018,3
1,1471633032,1471633036,4
14,1471633033,1471633035,2
1,1471633047,1471633057,10
1,1471633061,1471633093,32
4,1471633091,1471633094,3
4,1471633094,1471633097,3
4,1471633097,1471633099,2
4,1471633100,1471633103,3
1,1471633101,1471633135,34
10,1471633103,1471633125,22
4,1471633125,1471633128,3
10,1471633129,1471633133,4
4,1471633133,1471633143,10
1,1471633138,1471633146,8
4,1471633144,1471633147,3
4,1471633147,1471633150,3
10,1471633148,1471633150,2
4,1471633150,1471633153,3
10,1471633151,1471633153,2
4,1471633153,1471633156,3
1,1471633154,1471633155,1
10,1471633157,1471633161,4
1,1471633159,1471633182,23
4,1471633161,1471633165,4
10,1471633166,1471633182,16
4,1471633182,1471633187,5
1,1471633187,1471633194,7
4,1471633187,1471633225,38
14,1471633191,1471633199,8
1,1471633219,1471633224,5
10,1471633225,1471633234,9
1,1471633250,1471633255,5
4,1471633253,1471634142,889
1,1471633291,1471633293,2
1,1471633301,1471633311,10
1,1471633604,1471633608,4
1,1471633846,1471633851,5
1,1471633857,1471633859,2
1,1471633868,1471633869,1
1,1471633874,1471633876,2
1,1471633923,1471633943,20
1,1471633960,1471633963,3
1,1471633982,1471633986,4
1,1471634001,1471634008,7
1,1471634096,1471634099,3
1,1471634103,1471634109,6
1,1471634138,1471634151,13
4,1471634142,1471634253,111
10,1471634143,1471634144,1
1,1471634163,1471634169,6
1,1471634173,1471634179,6
1,1471634200,1471634202,2
1,1471634208,1471634210,2
1,1471634219,1471634229,10
1,1471634247,1471634252,5
4,1471634255,1471634259,4
4,1471634260,1471634262,2
4,1471634262,1471634267,5
1,1471634267,1471634269,2
4,1471634267,1471634270,3
4,1471634271,1471634308,37
1,1471634273,1471634275,2
1,1471634283,1471634287,4
1,1471634292,1471634298,6
1,1471634304,1471634305,1
4,1471634309,1471634311,2
4,1471634311,1471634314,3
4,1471634314,1471634318,4
1,1471634316,1471634318,2
4,1471634318,1471634332,14
1,1471634321,1471634325,4
4,1471634332,1471634337,5
4,1471634339,1471634341,2
10,1471634341,1471634342,1
4,1471634342,1471634345,3
4,1471634345,1471634347,2
10,1471634346,1471634347,1
4,1471634348,1471634350,2
4,1471634352,1471634355,3
10,1471634353,1471634354,1
4,1471634357,1471634364,7
1,1471634358,1471634359,1
1,1471634362,1471634364,2
4,1471634364,1471634369,5
4,1471634372,1471634374,2
4,1471634375,1471634378,3
4,1471634378,1471634381,3
4,1471634381,1471634384,3
4,1471634384,1471634388,4
4,1471634388,1471634392,4
4,1471634392,1471634396,4
4,1471634396,1471634404,8
1,1471634399,1471634403,4
4,1471634404,1471634406,2
4,1471634406,1471634412,6
4,1471634412,1471634414,2
4,1471634414,1471634418,4
4,1471634419,1471634422,3
4,1471634423,1471634425,2
4,1471634425,1471634428,3
10,1471634426,1471634428,2
4,1471634428,1471634430,2
4,1471634430,1471634432,2
4,1471634433,1471634435,2
4,1471634435,1471634437,2
4,1471634437,1471634463,26
1,1471634456,1471634459,3
4,1471634467,1471634491,24
10,1471634468,1471634469,1
1,1471634483,1471634490,7
4,1471634492,1471634494,2
4,1471634494,1471634496,2
4,1471634497,1471634500,3
10,1471634498,1471634499,1
4,1471634500,1471634503,3
4,1471634503,1471634509,6
1,1471634506,1471634508,2
4,1471634509,1471634512,3
10,1471634510,1471634511,1
4,1471634512,1471634515,3
4,1471634515,1471634518,3
10,1471634517,1471634518,1
4,1471634524,1471634527,3
4,1471634528,1471634530,2
4,1471634530,1471634532,2
4,1471634532,1471634538,6
4,1471634538,1471634541,3
4,1471634541,1471634543,2
4,1471634543,1471634561,18
4,1471634562,1471634564,2
4,1471634564,1471634567,3
4,1471634567,1471634570,3
4,1471634571,1471634574,3
4,1471634574,1471634576,2
4,1471634576,1471634579,3
4,1471634579,1471634588,9
4,1471634589,1471634594,5
4,1471634594,1471634603,9
1,1471634596,1471634615,19
4,1471634605,1471634616,11
4,1471634617,1471634628,11
4,1471634628,1471634631,3
4,1471634631,1471634635,4
4,1471634635,1471634637,2
4,1471634638,1471634642,4
4,1471634642,1471634648,6
10,1471634644,1471634648,4
4,1471634651,1471634653,2
10,1471634651,1471634653,2
4,1471634653,1471634655,2
4,1471634655,1471634658,3
10,1471634657,1471634658,1
10,1471634658,1471634661,3
4,1471634660,1471634663,3
4,1471634663,1471634667,4
10,1471634665,1471634667,2
10,1471634668,1471634676,8
4,1471634676,1471634678,2
4,1471634679,1471634681,2
4,1471634681,1471634686,5
10,1471634682,1471634683,1
4,1471634687,1471634689,2
1,1471634691,1471634695,4
4,1471634696,1471634717,21
1,1471634699,1471634716,17
4,1471634717,1471634719,2
4,1471634720,1471634724,4
1,1471634722,1471634723,1
1,1471634733,1471634747,14
4,1471634736,1471634740,4
4,1471634743,1471634751,8
4,1471634751,1471634767,16
1,1471634754,1471634768,14
4,1471634769,1471634771,2
1,1471634796,1471634801,5
1,1471634819,1471634821,2
4,1471634855,1471634858,3
4,1471634858,1471634860,2
4,1471634860,1471634864,4
10,1471634863,1471634864,1
4,1471634864,1471634874,10
1,1471634869,1471634875,6
4,1471634874,1471634876,2
4,1471634877,1471634881,4
10,1471634878,1471634879,1
1,1471634879,1471634881,2
4,1471634882,1471634884,2
4,1471634886,1471634888,2
4,1471634889,1471634892,3
10,1471634890,1471634892,2
4,1471634892,1471634952,60
1,1471634908,1471634915,7
1,1471634921,1471634932,11
1,1471634949,1471634951,2
4,1471634952,1471634956,4
4,1471634956,1471634960,4
1,1471634958,1471634964,6
4,1471634966,1471634992,26
1,1471634986,1471634990,4
4,1471634995,1471635010,15
1,1471634998,1471635000,2
1,1471635007,1471635008,1
4,1471635010,1471635016,6
1,1471635012,1471635023,11
4,1471635017,1471635019,2
4,1471635020,1471635023,3
4,1471635027,1471635035,8
1,1471635029,1471635032,3
4,1471635037,1471635040,3
4,1471635041,1471635043,2
4,1471635043,1471635046,3
4,1471635046,1471635048,2
4,1471635049,1471635058,9
1,1471635054,1471635062,8
4,1471635060,1471635063,3
4,1471635063,1471635069,6
4,1471635070,1471635076,6
4,1471635076,1471635121,45
1,1471635079,1471635080,1
1,1471635094,1471635098,4
1,1471635116,1471635119,3
4,1471635121,1471635124,3
4,1471635124,1471635139,15
4,1471635140,1471635142,2
4,1471635142,1471635144,2
4,1471635145,1471635147,2
4,1471635148,1471635150,2
4,1471635150,1471635153,3
4,1471635154,1471635162,8
1,1471635156,1471635163,7
4,1471635164,1471635177,13
1,1471635174,1471635179,5
1,1471635185,1471635188,3
4,1471635187,1471635233,46
1,1471635210,1471635237,27
4,1471635238,1471635240,2
4,1471635240,1471635243,3
10,1471635240,1471635242,2
1,1471635242,1471635245,3
4,1471635246,1471635262,16
1,1471635249,1471635259,10
1,1471635271,1471635276,5
4,1471635277,1471635279,2
4,1471635280,1471635282,2
4,1471635282,1471635285,3
4,1471635285,1471635287,2
4,1471635287,1471635289,2
4,1471635290,1471635296,6
4,1471635296,1471635298,2
10,1471635296,1471635298,2
4,1471635299,1471635302,3
4,1471635302,1471635304,2
4,1471635304,1471635309,5
10,1471635306,1471635309,3
4,1471635309,1471635414,105
1,1471635313,1471635317,4
1,1471635322,1471635330,8
1,1471635340,1471635357,17
1,1471635366,1471635368,2
1,1471635386,1471635389,3
1,1471635394,1471635402,8
1,1471635406,1471635416,10
4,1471635416,1471635428,12
1,1471635419,1471635420,1
1,1471635424,1471635432,8
4,1471635429,1471635462,33
1,1471635451,1471635463,12
4,1471635462,1471635497,35
1,1471635467,1471635469,2
1,1471635495,1471635502,7
4,1471635497,1471635500,3
1,1471635524,1471635528,4
1,1471635539,1471635549,10
4,1471635542,1471635545,3
4,1471635548,1471635562,14
4,1471635563,1471635570,7
1,1471635565,1471635575,10
4,1471635572,1471635575,3
4,1471635577,1471635587,10
1,1471635594,1471635597,3
4,1471635596,1471635599,3
4,1471635599,1471635613,14
1,1471635610,1471635615,5
4,1471635616,1471635619,3
1,1471635646,1471635647,1
4,1471635648,1471635651,3
4,1471635651,1471635653,2
4,1471635653,1471635655,2
4,1471635655,1471635661,6
1,1471635657,1471635661,4
4,1471635661,1471635664,3
1,1471635667,1471635672,5
1,1471635677,1471635680,3
4,1471635681,1471635683,2
4,1471635684,1471635694,10
1,1471635687,1471635697,10
4,1471635695,1471635705,10
1,1471635700,1471635709,9
4,1471635711,1471635714,3
4,1471635716,1471635728,12
1,1471635718,1471635722,4
1,1471635726,1471635732,6
4,1471635732,1471635756,24
1,1471635752,1471635757,5
4,1471635756,1471635759,3
4,1471635759,1471635776,17
1,1471635760,1471635764,4
4,1471635776,1471635779,3
4,1471635780,1471635865,85
1,1471635784,1471635786,2
1,1471635861,1471635886,25
4,1471635867,1471635869,2
4,1471635869,1471635881,12
4,1471635881,1471635886,5
1,1471635901,1471635903,2
4,1471635910,1471635918,8
1,1471635912,1471635918,6
4,1471635918,1471635981,63
1,1471635937,1471635941,4
1,1471635951,1471635959,8
4,1471635981,1471636015,34
1,1471635982,1471635986,4
1,1471636010,1471636011,1
4,1471636015,1471636018,3
1,1471636016,1471636017,1
4,1471636018,1471636021,3
4,1471636023,1471636025,2
4,1471636026,1471636070,44
1,1471636054,1471636061,7
1,1471636065,1471636069,4
4,1471636070,1471636073,3
10,1471636071,1471636073,2
4,1471636073,1471636075,2
4,1471636075,1471636078,3
1,1471636083,1471636090,7
4,1471636087,1471636091,4
4,1471636091,1471636174,83
10,1471636093,1471636094,1
1,1471636111,1471636113,2
1,1471636120,1471636124,4
1,1471636129,1471636132,3
1,1471636136,1471636142,6
1,1471636158,1471636162,4
1,1471636170,1471636177,7
1,1471636181,1471636184,3
1,1471636232,1471636237,5
1,1471636242,1471636256,14
4,1471636257,1471636260,3
10,1471636258,1471636260,2
4,1471636261,1471636264,3
4,1471636264,1471636266,2
4,1471636267,1471636269,2
4,1471636269,1471636271,2
4,1471636272,1471636274,2
4,1471636274,1471636285,11
1,1471636277,1471636284,7
4,1471636286,1471636288,2
4,1471636288,1471636291,3
4,1471636292,1471636294,2
4,1471636294,1471636299,5
4,1471636299,1471636301,2
4,1471636302,1471636308,6
1,1471636305,1471636311,6
4,1471636308,1471636332,24
1,1471636314,1471636316,2
1,1471636329,1471636336,7
1,1471636341,1471636343,2
4,1471636347,1471636349,2
4,1471636349,1471636357,8
10,1471636351,1471636357,6
4,1471636357,1471636360,3
4,1471636360,1471636362,2
4,1471636363,1471636373,10
4,1471636373,1471636395,22
1,1471636378,1471636379,1
1,1471636390,1471636393,3
4,1471636400,1471636402,2
4,1471636402,1471636404,2
4,1471636405,1471636407,2
4,1471636407,1471636409,2
4,1471636409,1471636412,3
1,1471636420,1471636425,5
1,1471636449,1471636462,13
4,1471636454,1471636464,10
4,1471636465,1471636468,3
4,1471636468,1471636471,3
4,1471636471,1471636474,3
10,1471636473,1471636474,1
4,1471636474,1471636477,3
4,1471636477,1471636481,4
4,1471636481,1471636484,3
4,1471636484,1471636487,3
4,1471636487,1471636489,2
4,1471636489,1471636492,3
4,1471636492,1471636494,2
4,1471636495,1471636521,26
4,1471636521,1471636523,2
4,1471636524,1471636527,3
4,1471636529,1471636531,2
4,1471636531,1471636533,2
4,1471636533,1471636535,2
1,1471636536,1471636537,1
4,1471636538,1471636540,2
4,1471636541,1471636546,5
4,1471636547,1471636559,12
1,1471636548,1471636550,2
1,1471636554,1471636558,4
4,1471636560,1471636562,2
4,1471636563,1471636565,2
4,1471636566,1471636568,2
4,1471636568,1471636580,12
1,1471636570,1471636596,26
4,1471636585,1471636589,4
4,1471636590,1471636593,3
4,1471636593,1471636620,27
1,1471636617,1471636626,9
4,1471636629,1471636632,3
10,1471636630,1471636631,1
1,1471636631,1471636633,2
4,1471636635,1471636637,2
10,1471636636,1471636637,1
4,1471636638,1471636644,6
10,1471636639,1471636640,1
4,1471636644,1471636647,3
4,1471636648,1471636651,3
4,1471636654,1471636656,2
10,1471636655,1471636656,1
4,1471636656,1471636660,4
4,1471636661,1471636663,2
4,1471636666,1471636669,3
4,1471636672,1471636807,135
1,1471636679,1471636682,3
1,1471636686,1471636688,2
1,1471636701,1471636705,4
1,1471636711,1471636719,8
1,1471636733,1471636738,5
1,1471636741,1471636745,4
14,1471636744,1471636752,8
1,1471636753,1471636759,6
1,1471636767,1471636768,1
1,1471636774,1471636780,6
1,1471636783,1471636785,2
1,1471636792,1471636802,10
14,1471636802,1471636829,27
11,1471636805,1471636810,5
1,1471636806,1471636819,13
4,1471636807,1471636810,3
11,1471636810,1471636829,19
4,1471636811,1471636829,18
1,1471636825,1471636831,6
5,1471636827,1471636829,2
4,1471636833,1471636835,2
4,1471636835,1471636846,11
10,1471636837,1471636838,1
1,1471636840,1471636844,4
4,1471636846,1471636874,28
1,1471636852,1471636855,3
14,1471636855,1471636863,8
1,1471636864,1471636874,10
4,1471636874,1471637027,153
1,1471636878,1471636887,9
14,1471636887,1471636893,6
1,1471636895,1471636896,1
1,1471636911,1471636922,11
1,1471636958,1471636959,1
1,1471637008,1471637016,8
4,1471637027,1471637032,5
1,1471637028,1471637030,2
4,1471637032,1471637035,3
10,1471637033,1471637035,2
4,1471637035,1471637064,29
1,1471637060,1471637063,3
4,1471637068,1471637070,2
4,1471637071,1471637073,2
4,1471637073,1471637075,2
10,1471637074,1471637075,1
4,1471637075,1471637248,173
1,1471637093,1471637094,1
1,1471637113,1471637120,7
1,1471637233,1471637246,13
4,1471637248,1471637258,10
10,1471637248,1471637250,2
1,1471637255,1471637257,2
4,1471637259,1471637261,2
4,1471637263,1471637265,2
4,1471637265,1471637289,24
1,1471637273,1471637276,3
1,1471637281,1471637284,3
11,1471637291,1471637298,7
4,1471637294,1471637298,4
11,1471637298,1471637304,6
1,1471637298,1471637307,9
4,1471637299,1471637440,141
11,1471637304,1471637383,79
1,1471637311,1471637314,3
1,1471637332,1471637339,7
1,1471637351,1471637352,1
1,1471637382,1471637384,2
11,1471637383,1471637462,79
1,1471637392,1471637398,6
1,1471637405,1471637408,3
1,1471637412,1471637415,3
1,1471637420,1471637428,8
1,1471637432,1471637440,8
4,1471637440,1471637446,6
1,1471637444,1471637452,8
4,1471637448,1471637462,14
1,1471637458,1471637462,4
5,1471637459,1471637462,3
1,1471637490,1471637501,11
1,1471637505,1471637506,1
4,1471637507,1471637513,6
4,1471637513,1471637735,222
1,1471637514,1471637515,1
1,1471637534,1471637553,19
1,1471637611,1471637613,2
1,1471637665,1471637674,9
1,1471637700,1471637707,7
1,1471637717,1471637729,12
4,1471637735,1471637737,2
1,1471637743,1471637748,5
1,1471637796,1471637798,2
1,1471637838,1471637844,6
1,1471637903,1471637912,9
1,1471637915,1471637949,34
1,1471637954,1471637971,17
4,1471637973,1471637975,2
4,1471637975,1471637977,2
4,1471637978,1471637981,3
4,1471637981,1471637983,2
4,1471637983,1471637985,2
4,1471637985,1471637988,3
10,1471637987,1471637988,1
4,1471637988,1471638002,14
1,1471637999,1471638020,21
4,1471638007,1471638018,11
4,1471638021,1471638035,14
1,1471638023,1471638027,4
1,1471638032,1471638035,3
4,1471638036,1471638039,3
4,1471638040,1471638053,13
1,1471638044,1471638046,2
1,1471638051,1471638053,2
1,1471638056,1471638059,3
4,1471638061,1471638064,3
4,1471638065,1471638069,4
10,1471638067,1471638068,1
4,1471638069,1471638073,4
4,1471638074,1471638077,3
4,1471638077,1471638090,13
1,1471638084,1471638089,5
4,1471638091,1471638093,2
4,1471638093,1471638097,4
1,1471638108,1471638109,1
1,1471638116,1471638132,16
1,1471638140,1471638149,9
1,1471638169,1471638172,3
4,1471638179,1471639091,912
1,1471639068,1471639083,15
4,1471639092,1471639094,2
4,1471639095,1471639125,30
10,1471639097,1471639110,13
4,1471639125,1471639128,3
4,1471639128,1471639139,11
4,1471639139,1471639151,12
10,1471639141,1471639145,4
1,1471639144,1471639154,10
4,1471639151,1471639155,4
4,1471639155,1471639157,2
4,1471639157,1471639162,5
1,1471639179,1471639180,1
4,1471639182,1471639185,3
1,1471639186,1471639188,2
4,1471639189,1471639195,6
4,1471639196,1471639201,5
1,1471639197,1471639200,3
4,1471639201,1471639203,2
4,1471639204,1471639207,3
4,1471639208,1471639211,3
10,1471639209,1471639211,2
4,1471639211,1471639214,3
4,1471639214,1471639222,8
1,1471639216,1471639220,4
4,1471639225,1471639227,2
4,1471639227,1471639230,3
4,1471639230,1471639234,4
4,1471639234,1471639236,2
4,1471639236,1471639240,4
10,1471639238,1471639240,2
10,1471639240,1471639242,2
4,1471639242,1471639247,5
10,1471639244,1471639247,3
4,1471639247,1471639250,3
1,1471639260,1471639266,6
4,1471639267,1471639271,4
4,1471639271,1471639274,3
1,1471639271,1471639277,6
4,1471639274,1471639278,4
4,1471639278,1471639280,2
4,1471639281,1471639284,3
1,1471639282,1471639284,2
4,1471639286,1471639291,5
1,1471639292,1471639295,3
4,1471639296,1471639298,2
4,1471639298,1471639309,11
1,1471639306,1471639320,14
4,1471639313,1471639321,8
4,1471639322,1471639324,2
4,1471639324,1471639326,2
4,1471639326,1471639330,4
4,1471639332,1471639335,3
10,1471639334,1471639335,1
4,1471639335,1471639339,4
4,1471639339,1471639342,3
1,1471639340,1471639344,4
4,1471639342,1471639345,3
4,1471639345,1471639348,3
4,1471639349,1471639352,3
4,1471639352,1471639356,4
4,1471639356,1471639359,3
4,1471639359,1471639363,4
4,1471639363,1471639370,7
10,1471639364,1471639370,6
4,1471639373,1471639393,20
10,1471639374,1471639391,17
4,1471639394,1471639396,2
4,1471639397,1471639403,6
4,1471639404,1471639408,4
4,1471639408,1471639410,2
4,1471639411,1471639704,293
1,1471639697,1471639704,7
4,1471639705,1471639707,2
10,1471639705,1471639707,2
4,1471639707,1471639709,2
4,1471639711,1471639715,4
10,1471639712,1471639715,3
4,1471639716,1471639718,2
4,1471639718,1471639722,4
10,1471639719,1471639720,1
10,1471639720,1471639722,2
4,1471639722,1471639728,6
10,1471639723,1471639728,5
10,1471639728,1471639729,1
4,1471639729,1471639731,2
4,1471639732,1471639737,5
1,1471639739,1471639741,2
1,1471639828,1471639830,2
1,1471639937,1471639941,4
4,1471639971,1471639979,8
10,1471639972,1471639979,7
4,1471639979,1471639987,8
4,1471639987,1471639994,7
1,1471639990,1471639993,3
4,1471639994,1471640010,16
1,1471640005,1471640009,4
4,1471640010,1471640031,21
1,1471640012,1471640018,6
4,1471640031,1471640033,2
10,1471640031,1471640032,1
4,1471640033,1471640070,37
10,1471640033,1471640056,23
1,1471640063,1471640065,2
4,1471640071,1471640075,4
11,1471640072,1471640079,7
11,1471640079,1471640090,11
4,1471640079,1471640091,12
1,1471640088,1471640090,2
11,1471640090,1471640173,83
4,1471640108,1471640110,2
4,1471640111,1471640114,3
4,1471640115,1471640119,4
4,1471640120,1471640123,3
4,1471640123,1471640128,5
4,1471640128,1471640133,5
4,1471640135,1471640144,9
4,1471640146,1471640202,56
11,1471640173,1471640213,40
1,1471640196,1471640201,5
4,1471640202,1471640206,4
4,1471640206,1471640214,8
1,1471640209,1471640213,4
5,1471640211,1471640213,2
1,1471640220,1471640221,1
4,1471640227,1471640231,4
11,1471640229,1471640235,6
4,1471640232,1471640235,3
11,1471640235,1471640241,6
1,1471640240,1471640245,5
4,1471640242,1471640251,9
11,1471640245,1471640250,5
11,1471640250,1471640282,32
1,1471640256,1471640259,3
1,1471640279,1471640285,6
5,1471640280,1471640282,2
4,1471640283,1471640286,3
4,1471640286,1471640288,2
4,1471640288,1471640290,2
10,1471640289,1471640290,1
4,1471640291,1471640293,2
10,1471640292,1471640293,1
4,1471640294,1471640297,3
4,1471640297,1471640300,3
4,1471640300,1471640302,2
4,1471640303,1471640307,4
10,1471640303,1471640307,4
4,1471640307,1471640313,6
1,1471640311,1471640315,4
4,1471640314,1471640324,10
10,1471640315,1471640320,5
1,1471640320,1471640327,7
4,1471640326,1471640329,3
4,1471640329,1471640331,2
4,1471640332,1471640341,9
1,1471640334,1471640340,6
4,1471640342,1471640344,2
4,1471640344,1471640350,6
1,1471640345,1471640354,9
4,1471640352,1471640355,3
4,1471640357,1471640359,2
4,1471640360,1471640363,3
10,1471640361,1471640362,1
4,1471640363,1471640370,7
4,1471640370,1471640372,2
4,1471640377,1471640382,5
1,1471640383,1471640401,18
4,1471640402,1471640406,4
4,1471640407,1471640409,2
4,1471640409,1471640412,3
1,1471640411,1471640412,1
4,1471640413,1471640417,4
4,1471640419,1471640423,4
1,1471640422,1471640436,14
4,1471640427,1471640433,6
4,1471640437,1471640442,5
10,1471640439,1471640442,3
4,1471640442,1471640465,23
1,1471640446,1471640452,6
1,1471640458,1471640461,3
11,1471640467,1471640474,7
4,1471640469,1471640474,5
11,1471640474,1471640476,2
1,1471640474,1471640481,7
4,1471640477,1471640537,60
11,1471640482,1471640581,99
1,1471640512,1471640522,10
1,1471640531,1471640537,6
4,1471640538,1471640548,10
4,1471640549,1471640570,21
1,1471640568,1471640569,1
4,1471640570,1471640582,12
1,1471640577,1471640578,1
5,1471640578,1471640581,3
1,1471640586,1471640587,1
4,1471640592,1471640595,3
11,1471640593,1471640601,8
4,1471640596,1471640601,5
1,1471640600,1471640608,8
11,1471640601,1471640605,4
11,1471640605,1471640634,29
4,1471640605,1471640679,74
1,1471640627,1471640634,7
11,1471640634,1471640650,16
1,1471640648,1471640650,2
11,1471640650,1471640656,6
1,1471640654,1471640656,2
11,1471640657,1471640678,21
1,1471640660,1471640662,2
1,1471640674,1471640685,11
5,1471640676,1471640678,2
4,1471640686,1471640688,2
4,1471640692,1471640696,4
1,1471640693,1471640695,2
4,1471640696,1471640700,4
1,1471640699,1471640701,2
4,1471640702,1471640704,2
4,1471640704,1471640706,2
4,1471640706,1471640710,4
10,1471640708,1471640710,2
4,1471640710,1471640714,4
4,1471640714,1471640716,2
4,1471640716,1471640720,4
10,1471640717,1471640720,3
4,1471640721,1471640723,2
4,1471640723,1471640726,3
4,1471640726,1471640728,2
4,1471640728,1471640733,5
1,1471640729,1471640733,4
4,1471640734,1471640736,2
4,1471640737,1471640740,3
10,1471640739,1471640740,1
4,1471640740,1471640745,5
1,1471640741,1471640742,1
4,1471640745,1471640747,2
10,1471640746,1471640747,1
4,1471640749,1471640764,15
1,1471640758,1471640763,5
4,1471640764,1471640767,3
4,1471640768,1471640771,3
4,1471640771,1471640776,5
1,1471640774,1471640781,7
4,1471640776,1471640779,3
4,1471640779,1471640782,3
4,1471640782,1471640784,2
4,1471640784,1471640790,6
1,1471640787,1471640791,4
4,1471640792,1471640794,2
4,1471640794,1471640803,9
4,1471640804,1471640807,3
4,1471640808,1471640811,3
4,1471640811,1471640818,7
10,1471640812,1471640818,6
4,1471640818,1471640829,11
10,1471640819,1471640829,10
4,1471640833,1471640836,3
10,1471640835,1471640836,1
1,1471640839,1471640841,2
4,1471640841,1471640858,17
1,1471640856,1471640857,1
4,1471640858,1471640862,4
4,1471640870,1471640875,5
4,1471640875,1471640877,2
4,1471640882,1471640886,4
4,1471640887,1471640891,4
4,1471640892,1471640897,5
4,1471640897,1471640899,2
4,1471640899,1471640902,3
4,1471640902,1471640909,7
4,1471640909,1471640912,3
4,1471640914,1471640916,2
4,1471640916,1471640919,3
4,1471640919,1471640923,4
10,1471640920,1471640923,3
4,1471640923,1471640925,2
4,1471640925,1471640927,2
4,1471640927,1471640931,4
4,1471640931,1471640933,2
4,1471640935,1471640937,2
4,1471640938,1471640941,3
4,1471640941,1471640945,4
4,1471640945,1471640948,3
4,1471640948,1471640950,2
10,1471640950,1471640952,2
4,1471640954,1471640960,6
1,1471640958,1471640959,1
4,1471640960,1471640968,8
1,1471640962,1471640968,6
4,1471640968,1471640971,3
4,1471640972,1471640975,3
1,1471640985,1471640994,9
4,1471641000,1471641004,4
11,1471641002,1471641009,7
4,1471641004,1471641008,4
11,1471641009,1471641132,123
4,1471641009,1471641073,64
1,1471641010,1471641017,7
1,1471641063,1471641071,8
4,1471641081,1471641089,8
1,1471641095,1471641098,3
1,1471641121,1471641124,3
4,1471641125,1471641133,8
1,1471641128,1471641137,9
5,1471641130,1471641132,2
1,1471641142,1471641147,5
4,1471641149,1471641157,8
11,1471641150,1471641156,6
11,1471641156,1471641170,14
1,1471641167,1471641175,8
5,1471641168,1471641170,2
4,1471641171,1471641176,5
11,1471641178,1471641183,5
4,1471641180,1471641183,3
11,1471641183,1471641192,9
1,1471641183,1471641187,4
4,1471641184,1471641193,9
1,1471641190,1471641196,6
11,1471641192,1471641217,25
1,1471641202,1471641208,6
1,1471641214,1471641224,10
11,1471641217,1471641219,2
11,1471641219,1471641221,2
11,1471641221,1471641222,1
11,1471641222,1471641224,2
11,1471641224,1471641241,17
1,1471641236,1471641246,10
11,1471641242,1471641245,3
4,1471641242,1471641246,4
11,1471641245,1471641285,40
4,1471641247,1471641289,42
1,1471641272,1471641282,10
5,1471641282,1471641285,3
1,1471641289,1471641291,2
4,1471641292,1471641306,14
1,1471641300,1471641304,4
1,1471641308,1471641314,6
4,1471641310,1471641315,5
1,1471641319,1471641322,3
4,1471641325,1471641342,17
1,1471641330,1471641337,7
1,1471641340,1471641342,2
11,1471641345,1471641353,8
4,1471641348,1471641352,4
1,1471641351,1471641362,11
4,1471641353,1471641362,9
11,1471641353,1471641361,8
11,1471641361,1471641403,42
4,1471641363,1471641403,40
1,1471641392,1471641403,11
10,1471641399,1471641401,2
5,1471641401,1471641403,2
4,1471641403,1471641406,3
10,1471641405,1471641406,1
1,1471641406,1471641413,7
4,1471641410,1471641414,4
4,1471641414,1471641417,3
4,1471641417,1471641425,8
1,1471641419,1471641427,8
4,1471641428,1471641619,191
1,1471641434,1471641439,5
1,1471641445,1471641446,1
1,1471641605,1471641618,13
4,1471641620,1471641622,2
4,1471641624,1471641627,3
4,1471641627,1471641633,6
1,1471641631,1471641638,7
4,1471641633,1471641640,7
4,1471641640,1471641644,4
4,1471641644,1471641646,2
4,1471641646,1471641656,10
1,1471641648,1471641660,12
4,1471641656,1471641659,3
4,1471641659,1471641665,6
4,1471641665,1471641961,296
1,1471641930,1471641947,17
1,1471641953,1471641956,3
1,1471642076,1471642082,6
4,1471642083,1471642085,2
4,1471642085,1471642113,28
1,1471642092,1471642100,8
1,1471642104,1471642108,4
1,1471642139,1471642142,3
1,1471642150,1471642154,4
4,1471642152,1471642228,76
1,1471642162,1471642164,2
1,1471642216,1471642227,11
4,1471642228,1471642230,2
4,1471642231,1471642286,55
1,1471642236,1471642242,6
1,1471642279,1471642290,11
4,1471642288,1471642291,3
4,1471642291,1471642296,5
1,1471642294,1471642299,5
4,1471642296,1471642299,3
4,1471642299,1471642302,3
4,1471642302,1471642305,3
4,1471642305,1471642307,2
4,1471642307,1471642310,3
1,1471642311,1471642314,3
4,1471642314,1471642316,2
1,1471642318,1471642322,4
4,1471642320,1471642350,30
1,1471642345,1471642349,4
4,1471642351,1471642353,2
4,1471642353,1471642357,4
4,1471642357,1471642359,2
4,1471642362,1471642486,124
1,1471642364,1471642365,1
1,1471642370,1471642373,3
1,1471642434,1471642437,3
1,1471642482,1471642485,3
10,1471642487,1471642491,4
4,1471642490,1471642548,58
1,1471642491,1471642517,26
10,1471642493,1471642498,5
1,1471642543,1471642549,6
4,1471642551,1471642555,4
10,1471642553,1471642555,2
4,1471642557,1471642559,2
4,1471642559,1471642562,3
10,1471642561,1471642562,1
4,1471642562,1471642566,4
4,1471642567,1471642569,2
4,1471642569,1471642571,2
4,1471642572,1471642575,3
4,1471642575,1471642579,4
4,1471642579,1471642582,3
4,1471642582,1471642584,2
4,1471642585,1471642589,4
4,1471642589,1471642592,3
4,1471642592,1471642597,5
1,1471642597,1471642599,2
4,1471642597,1471642601,4
4,1471642601,1471642634,33
10,1471642602,1471642607,5
1,1471642604,1471642612,8
1,1471642615,1471642618,3
1,1471642622,1471642628,6
1,1471642635,1471642636,1
1,1471642639,1471642645,6
1,1471642654,1471642657,3
4,1471642657,1471642781,124
1,1471642758,1471642769,11
1,1471642779,1471642783,4
4,1471642781,1471642784,3
4,1471642784,1471642788,4
10,1471642786,1471642788,2
4,1471642788,1471642791,3
1,1471642789,1471642794,5
4,1471642791,1471642795,4
4,1471642795,1471642797,2
4,1471642798,1471642800,2
1,1471642799,1471642803,4
4,1471642801,1471642804,3
4,1471642804,1471642806,2
4,1471642806,1471642809,3
4,1471642809,1471642812,3
4,1471642812,1471642814,2
4,1471642814,1471642817,3
4,1471642819,1471642822,3
10,1471642820,1471642822,2
4,1471642822,1471642827,5
1,1471642824,1471642826,2
4,1471642827,1471642845,18
1,1471642833,1471642835,2
1,1471642839,1471642844,5
11,1471642847,1471642853,6
4,1471642848,1471642852,4
11,1471642853,1471642870,17
1,1471642853,1471642883,30
4,1471642853,1471643565,712
11,1471642870,1471643565,695
1,1471643522,1471643535,13
1,1471643543,1471643550,7
1,1471643561,1471643566,5
5,1471643563,1471643565,2
4,1471643568,1471643574,6
10,1471643569,1471643570,1
1,1471643577,1471643578,1
1,1471643582,1471643584,2
1,1471643603,1471643610,7
1,1471643615,1471643622,7
1,1471643632,1471643640,8
4,1471643644,1471643648,4
1,1471643688,1471643692,4
1,1471643697,1471643707,10
1,1471643713,1471643719,6
4,1471643721,1471643755,34
1,1471643735,1471643751,16
4,1471643756,1471643760,4
4,1471643760,1471643778,18
1,1471643762,1471643766,4
1,1471643771,1471643775,4
1,1471643796,1471643805,9
4,1471643808,1471644847,1039
1,1471644829,1471644833,4
1,1471644838,1471644842,4
1,1471644846,1471644849,3
4,1471644847,1471644898,51
1,1471644893,1471644898,5
4,1471644901,1471644921,20
1,1471644911,1471644921,10
4,1471644922,1471644982,60
1,1471644927,1471644930,3
1,1471644978,1471644982,4
4,1471644983,1471644985,2
4,1471644985,1471644988,3
4,1471644988,1471644993,5
1,1471644992,1471644995,3
4,1471644993,1471645169,176
1,1471645004,1471645008,4
1,1471645015,1471645016,1
1,1471645057,1471645065,8
1,1471645110,1471645125,15
14,1471645122,1471645126,4
1,1471645158,1471645168,10
4,1471645170,1471645173,3
4,1471645173,1471645175,2
4,1471645175,1471645177,2
4,1471645180,1471645185,5
4,1471645185,1471645189,4
4,1471645190,1471645193,3
4,1471645193,1471645197,4
4,1471645197,1471645201,4
10,1471645202,1471645206,4
4,1471645206,1471645215,9
10,1471645206,1471645207,1
10,1471645209,1471645215,6
4,1471645216,1471645222,6
1,1471645219,1471645221,2
1,1471645295,1471645298,3
4,1471645304,1471645307,3
10,1471645307,1471645310,3
4,1471645310,1471645312,2
4,1471645313,1471645316,3
4,1471645316,1471645319,3
4,1471645319,1471645323,4
10,1471645320,1471645323,3
4,1471645323,1471645326,3
4,1471645331,1471645334,3
4,1471645334,1471645336,2
4,1471645337,1471645340,3
4,1471645341,1471645347,6
1,1471645344,1471645346,2
4,1471645349,1471645355,6
1,1471645350,1471645352,2
4,1471645355,1471645357,2
4,1471645357,1471645362,5
4,1471645363,1471645365,2
4,1471645365,1471645401,36
10,1471645367,1471645368,1
1,1471645373,1471645387,14
1,1471645391,1471645393,2
1,1471645397,1471645399,2
4,1471645401,1471645405,4
4,1471645408,1471645410,2
4,1471645410,1471645413,3
4,1471645413,1471645415,2
4,1471645415,1471645419,4
4,1471645419,1471645421,2
4,1471645422,1471645437,15
1,1471645423,1471645441,18
4,1471645437,1471645442,5
4,1471645442,1471645446,4
4,1471645446,1471645449,3
4,1471645454,1471645458,4
4,1471645458,1471645461,3
4,1471645461,1471645463,2
4,1471645464,1471645467,3
4,1471645467,1471645470,3
1,1471645472,1471645473,1
4,1471645474,1471645482,8
10,1471645477,1471645482,5
1,1471645479,1471645483,4
4,1471645488,1471645506,18
1,1471645501,1471645505,4
4,1471645506,1471645516,10
10,1471645508,1471645514,6
1,1471645518,1471645522,4
14,1471645522,1471645529,7
1,1471645546,1471645554,8
4,1471645555,1471645558,3
4,1471645558,1471645612,54
10,1471645560,1471645565,5
4,1471645612,1471645615,3
4,1471645615,1471645619,4
4,1471645620,1471645627,7
10,1471645621,1471645626,5
4,1471645627,1471645629,2
4,1471645629,1471645631,2
4,1471645633,1471645635,2
4,1471645635,1471645638,3
4,1471645638,1471645640,2
4,1471645641,1471645646,5
10,1471645642,1471645646,4
4,1471645654,1471645657,3
10,1471645655,1471645657,2
4,1471645657,1471645660,3
4,1471645661,1471645663,2
4,1471645663,1471645665,2
4,1471645665,1471645667,2
4,1471645668,1471645670,2
4,1471645670,1471645674,4
4,1471645674,1471645679,5
4,1471645679,1471645683,4
1,1471645680,1471645691,11
4,1471645684,1471645688,4
4,1471645689,1471645692,3
4,1471645692,1471645696,4
4,1471645696,1471645783,87
1,1471645708,1471645713,5
14,1471645711,1471645720,9
1,1471645774,1471645782,8
4,1471645783,1471645787,4
10,1471645785,1471645787,2
4,1471645787,1471645793,6
4,1471645793,1471645839,46
1,1471645796,1471645801,5
14,1471645801,1471645810,9
1,1471645822,1471645854,32
4,1471645855,1471645863,8
10,1471645858,1471645860,2
10,1471645861,1471645863,2
4,1471645863,1471645874,11
10,1471645863,1471645865,2
10,1471645867,1471645869,2
1,1471645869,1471645873,4
4,1471645874,1471645878,4
10,1471645876,1471645878,2
4,1471645878,1471645884,6
4,1471645884,1471645911,27
1,1471645887,1471645893,6
14,1471645890,1471645898,8
1,1471645905,1471645908,3
4,1471645911,1471645913,2
4,1471645913,1471645953,40
1,1471645917,1471645921,4
14,1471645920,1471645928,8
1,1471645950,1471645953,3
4,1471645954,1471645957,3
10,1471645955,1471645957,2
4,1471645957,1471645959,2
10,1471645957,1471645959,2
1,1471645958,1471645968,10
14,1471645964,1471645973,9
1,1471645979,1471645983,4
4,1471645984,1471645986,2
4,1471645987,1471646012,25
1,1471645989,1471645994,5
14,1471645992,1471646000,8
1,1471646007,1471646016,9
14,1471646015,1471646023,8
1,1471646037,1471646054,17
4,1471646055,1471646058,3
4,1471646058,1471646060,2
4,1471646060,1471646063,3
4,1471646063,1471646071,8
1,1471646065,1471646070,5
4,1471646071,1471646073,2
4,1471646074,1471646077,3
4,1471646077,1471646082,5
1,1471646079,1471646092,13
4,1471646094,1471646097,3
10,1471646095,1471646097,2
4,1471646097,1471646099,2
10,1471646100,1471646102,2
1,1471646103,1471646105,2
4,1471646105,1471646107,2
4,1471646108,1471646112,4
4,1471646112,1471646114,2
4,1471646116,1471646151,35
10,1471646117,1471646119,2
1,1471646119,1471646125,6
14,1471646125,1471646133,8
1,1471646143,1471646150,7
4,1471646152,1471646154,2
4,1471646154,1471646157,3
4,1471646158,1471646160,2
4,1471646160,1471646163,3
4,1471646163,1471646202,39
1,1471646168,1471646171,3
1,1471646200,1471646207,7
4,1471646202,1471646230,28
14,1471646207,1471646214,7
1,1471646222,1471646229,7
4,1471646232,1471646235,3
10,1471646234,1471646235,1
4,1471646235,1471646237,2
4,1471646237,1471646241,4
10,1471646239,1471646241,2
4,1471646241,1471646244,3
4,1471646244,1471646247,3
1,1471646248,1471646252,4
14,1471646252,1471646260,8
1,1471646266,1471646270,4
1,1471646717,1471646722,5
10,1471646724,1471646729,5
4,1471646730,1471646734,4
10,1471646732,1471646734,2
4,1471646734,1471646739,5
4,1471646739,1471646742,3
4,1471646742,1471646746,4
4,1471646748,1471646750,2
4,1471646750,1471646755,5
10,1471646751,1471646755,4
4,1471646756,1471646759,3
4,1471646759,1471646764,5
10,1471646769,1471646770,1
1,1471646777,1471646780,3
4,1471646781,1471646783,2
4,1471646783,1471646787,4
4,1471646789,1471646793,4
4,1471646793,1471646797,4
4,1471646804,1471646851,47
1,1471646806,1471646810,4
14,1471646810,1471646818,8
1,1471646827,1471646830,3
1,1471646845,1471646856,11
4,1471646857,1471646859,2
4,1471646859,1471646864,5
10,1471646863,1471646864,1
4,1471646864,1471646877,13
1,1471646867,1471646876,9
1,1471646881,1471646908,27
4,1471646881,1471646895,14
4,1471646895,1471646912,17
1,1471646915,1471646919,4
14,1471646918,1471646927,9
1,1471646941,1471646946,5
4,1471646950,1471646952,2
4,1471646953,1471646962,9
1,1471646956,1471646963,7
4,1471646963,1471646966,3
4,1471646966,1471646969,3
1,1471646967,1471646975,8
10,1471646970,1471646972,2
4,1471646974,1471646976,2
4,1471646977,1471646984,7
1,1471646979,1471646982,3
10,1471646979,1471646980,1
4,1471646984,1471646989,5
10,1471646986,1471646989,3
10,1471646989,1471646991,2
1,1471647007,1471647017,10
1,1471647038,1471647050,12
4,1471647042,1471647044,2
4,1471647045,1471647071,26
14,1471647050,1471647058,8
1,1471647064,1471647075,11
14,1471647075,1471647083,8
1,1471647089,1471647099,10
4,1471647092,1471647113,21
14,1471647097,1471647105,8
1,1471647109,1471647125,16
4,1471647113,1471647120,7
4,1471647120,1471647149,29
14,1471647125,1471647133,8
1,1471647145,1471647154,9
4,1471647149,1471647188,39
14,1471647153,1471647162,9
1,1471647182,1471647192,10
14,1471647192,1471647200,8
1,1471647205,1471647209,4
1,1471647214,1471647233,19
4,1471647227,1471647420,193
14,1471647232,1471647240,8
1,1471647417,1471647424,7
4,1471647420,1471647447,27
14,1471647423,1471647433,10
1,1471647442,1471647448,6
4,1471647447,1471647451,4
4,1471647452,1471647879,427
1,1471647454,1471647457,3
14,1471647457,1471647466,9
1,1471647482,1471647484,2
1,1471647488,1471647490,2
1,1471647856,1471647873,17
1,1471647876,1471647882,6
4,1471647879,1471647886,7
4,1471647886,1471647892,6
1,1471647890,1471647895,5
4,1471647896,1471647924,28
10,1471647897,1471647899,2
1,1471647898,1471647900,2
1,1471647917,1471647927,10
4,1471647924,1471647928,4
10,1471647925,1471647927,2
4,1471647928,1471647931,3
4,1471647934,1471647936,2
4,1471647936,1471647952,16
1,1471647949,1471647952,3
4,1471647955,1471647960,5
4,1471647973,1471647979,6
4,1471647979,1471648060,81
1,1471647999,1471648000,1
1,1471648007,1471648009,2
1,1471648013,1471648016,3
1,1471648053,1471648059,6
1,1471648070,1471648072,2
1,1471648077,1471648080,3
1,1471648433,1471648447,14
1,1471648616,1471648617,1
1,1471648760,1471648778,18
1,1471648789,1471648793,4
14,1471648791,1471648794,3
1,1471649482,1471649499,17
4,1471649491,1471649498,7
4,1471649498,1471649501,3
4,1471649501,1471649512,11
1,1471649503,1471649515,12
4,1471649516,1471649523,7
10,1471649518,1471649522,4
1,1471649518,1471649522,4
4,1471649524,1471649526,2
4,1471649526,1471649528,2
4,1471649528,1471649531,3
1,1471649531,1471649542,11
4,1471649535,1471649543,8
4,1471649546,1471649590,44
1,1471649548,1471649549,1
1,1471649553,1471649564,11
1,1471649582,1471649591,9
1,1471649595,1471649600,5
14,1471649599,1471649607,8
1,1471649604,1471649619,15
1,1471649625,1471649632,7
4,1471649628,1471649639,11
1,1471649635,1471649643,8
14,1471649642,1471649650,8
1,1471649658,1471649673,15
4,1471649664,1471649669,5
14,1471649672,1471649680,8
1,1471649684,1471649695,11
4,1471649689,1471649714,25
14,1471649695,1471649702,7
1,1471649708,1471649713,5
4,1471649715,1471649753,38
1,1471649717,1471649721,4
14,1471649720,1471649728,8
1,1471649739,1471649746,7
1,1471649749,1471649758,9
4,1471649753,1471649793,40
14,1471649757,1471649766,9
1,1471649790,1471649798,8
14,1471649798,1471649805,7
1,1471652288,1471652305,17
1,1471652314,1471652321,7
1,1471652329,1471652339,10
10,1471652337,1471652355,18
1,1471652356,1471652367,11
4,1471652364,1471652368,4
4,1471652368,1471652372,4
1,1471652370,1471652374,4
4,1471652372,1471652375,3
1,1471652377,1471652384,7
4,1471652385,1471652389,4
4,1471652389,1471652391,2
4,1471652391,1471652394,3
4,1471652394,1471652397,3
10,1471652396,1471652397,1
4,1471652399,1471652417,18
1,1471652411,1471652415,4
4,1471652417,1471652424,7
10,1471652420,1471652423,3
4,1471652424,1471652601,177
1,1471652597,1471652600,3
4,1471652602,1471653533,931
10,1471652603,1471652605,2
1,1471652605,1471652609,4
1,1471652613,1471652614,1
1,1471652631,1471652632,1
1,1471652648,1471652654,6
1,1471652661,1471652669,8
10,1471652664,1471652712,48
1,1471652684,1471652686,2
1,1471652709,1471652720,11
1,1471652728,1471652733,5
10,1471652740,1471652747,7
1,1471652741,1471652761,20
1,1471653213,1471653235,22
14,1471653230,1471653322,92
1,1471653256,1471653264,8
1,1471653281,1471653295,14
1,1471653318,1471653339,21
1,1471653348,1471653350,2
1,1471653363,1471653374,11
1,1471653379,1471653384,5
1,1471653490,1471653532,42
4,1471653534,1471653539,5
1,1471653536,1471653538,2
4,1471653540,1471653542,2
4,1471653542,1471653545,3
1,1471653542,1471653546,4
4,1471653545,1471653547,2
4,1471653547,1471653550,3
4,1471653551,1471653555,4
1,1471653553,1471653558,5
4,1471653556,1471653559,3
4,1471653559,1471653568,9
4,1471653568,1471653572,4
10,1471653570,1471653572,2
4,1471653572,1471653574,2
4,1471653577,1471653581,4
1,1471653578,1471653581,3
4,1471653582,1471657651,4069
1,1471653613,1471653620,7
1,1471655698,1471655703,5
1,1471655706,1471655740,34
1,1471655751,1471655754,3
1,1471655827,1471655834,7
1,1471657571,1471657595,24
5,1471657594,1471657624,30
1,1471657622,1471657680,58
4,1471657655,1471657658,3
4,1471657658,1471657694,36
1,1471657686,1471657693,7
4,1471657694,1471657699,5
1,1471657716,1471657719,3
1,1471657723,1471657732,9
5,1471657732,1471657742,10
1,1471657742,1471657752,10
4,1471657750,1471657754,4
4,1471657755,1471657757,2
4,1471657757,1471657760,3
10,1471657757,1471657759,2
4,1471657761,1471657765,4
10,1471657762,1471657765,3
4,1471657765,1471657769,4
10,1471657767,1471657769,2
4,1471657769,1471657771,2
4,1471657771,1471657773,2
4,1471657773,1471657775,2
10,1471657774,1471657775,1
4,1471657775,1471657796,21
1,1471657779,1471657807,28
4,1471657797,1471657808,11
4,1471657809,1471657811,2
4,1471657813,1471657816,3
10,1471657817,1471657818,1
4,1471657818,1471657820,2
4,1471657820,1471657823,3
4,1471657823,1471657825,2
4,1471657825,1471657827,2
4,1471657828,1471657830,2
4,1471657830,1471657832,2
4,1471657833,1471657837,4
1,1471657836,1471657854,18
4,1471657844,1471657850,6
4,1471657850,1471657876,26
10,1471657850,1471657852,2
1,1471657858,1471657865,7
1,1471657869,1471657877,8
4,1471657878,1471657881,3
4,1471657882,1471657884,2
4,1471657884,1471657887,3
1,1471657889,1471657905,16
4,1471657890,1471657897,7
4,1471657903,1471657907,4
4,1471657908,1471657910,2
4,1471657913,1471657915,2
4,1471657915,1471657919,4
4,1471657919,1471657924,5
4,1471657925,1471657933,8
4,1471657934,1471657939,5
1,1471657937,1471657942,5
4,1471657939,1471657945,6
4,1471657945,1471657947,2
4,1471657947,1471657956,9
1,1471657948,1471657964,16
4,1471657965,1471657970,5
1,1471657968,1471657970,2
4,1471657970,1471658004,34
1,1471657975,1471657992,17
1,1471657996,1471658005,9
4,1471658007,1471658012,5
1,1471658009,1471658013,4
1,1471658042,1471658046,4
4,1471658065,1471658072,7
1,1471658068,1471658070,2
4,1471658072,1471658075,3
4,1471658076,1471658079,3
4,1471658079,1471658109,30
1,1471658084,1471658086,2
1,1471658097,1471658103,6
4,1471658109,1471658112,3
1,1471658110,1471658111,1
4,1471658112,1471658117,5
4,1471658126,1471658132,6
1,1471658128,1471658140,12
4,1471658133,1471658136,3
4,1471658136,1471658254,118
1,1471658143,1471658144,1
1,1471658151,1471658160,9
1,1471658170,1471658178,8
1,1471658225,1471658227,2
1,1471658249,1471658260,11
4,1471658255,1471658270,15
4,1471658270,1471658352,82
1,1471658272,1471658275,3
1,1471658287,1471658291,4
1,1471658296,1471658306,10
1,1471658323,1471658329,6
1,1471658333,1471658341,8
1,1471658345,1471658349,4
4,1471658352,1471658385,33
1,1471658356,1471658358,2
4,1471658385,1471658405,20
1,1471658401,1471658409,8
4,1471658406,1471658411,5
4,1471658412,1471658414,2
4,1471658414,1471658416,2
4,1471658417,1471658422,5
1,1471658419,1471658421,2
4,1471658422,1471658447,25
10,1471658423,1471658434,11
1,1471658435,1471658437,2
1,1471658440,1471658450,10
1,1471658454,1471658457,3
1,1471658463,1471658469,6
1,1471658479,1471658484,5
1,1471658489,1471658503,14
4,1471658494,1471658497,3
4,1471658505,1471658514,9
1,1471658508,1471658511,3
4,1471658514,1471658516,2
4,1471658516,1471658521,5
1,1471658518,1471658521,3
4,1471658523,1471658534,11
1,1471658525,1471658536,11
4,1471658537,1471658539,2
1,1471658541,1471658547,6
4,1471658544,1471658548,4
4,1471658548,1471658553,5
1,1471658551,1471658552,1
4,1471658553,1471658563,10
1,1471658556,1471658561,5
1,1471658565,1471658581,16
4,1471658569,1471658585,16
4,1471658585,1471696802,38217
1,1471658602,1471658605,3
1,1471658612,1471658616,4
1,1471695799,1471695824,25
1,1471695868,1471695873,5
1,1471695886,1471695888,2
1,1471695895,1471695901,6
1,1471695908,1471695910,2
1,1471696739,1471696741,2
1,1471696797,1471696799,2
5,1471696799,1471696802,3
4,1471696802,1471696882,80
1,1471696840,1471696843,3
1,1471696859,1471696883,24
1,1471696893,1471696922,29
4,1471696906,1471696912,6
4,1471696913,1471696916,3
4,1471696916,1471696919,3
10,1471696916,1471696917,1
4,1471696923,1471696927,4
4,1471696927,1471697083,156
10,1471696927,1471696929,2
1,1471696930,1471696943,13
1,1471696947,1471696987,40
1,1471697030,1471697033,3
1,1471697042,1471697053,11
1,1471697057,1471697080,23
4,1471697083,1471697110,27
1,1471697089,1471697107,18
4,1471697110,1471697133,23
1,1471697111,1471697115,4
1,1471697123,1471697124,1
1,1471697128,1471697129,1
1,1471697137,1471697142,5
4,1471697144,1471697155,11
1,1471697149,1471697154,5
1,1471697159,1471697162,3
4,1471697164,1471697201,37
1,1471697171,1471697176,5
1,1471697181,1471697185,4
1,1471697188,1471697191,3
1,1471697194,1471697198,4
4,1471697201,1471697214,13
1,1471697201,1471697205,4
1,1471697209,1471697211,2
4,1471697214,1471697276,62
1,1471697216,1471697217,1
1,1471697222,1471697226,4
1,1471697241,1471697244,3
1,1471697247,1471697278,31
4,1471697276,1471697287,11
1,1471697282,1471697299,17
1,1471697302,1471697333,31
1,1471697336,1471697348,12
1,1471697363,1471697372,9
4,1471697377,1471697917,540
1,1471697379,1471697381,2
1,1471697384,1471697387,3
1,1471697390,1471697403,13
1,1471697407,1471697414,7
1,1471697417,1471697420,3
1,1471697424,1471697426,2
1,1471697429,1471697432,3
1,1471697435,1471697438,3
1,1471697442,1471697444,2
1,1471697447,1471697450,3
1,1471697453,1471697471,18
1,1471697474,1471697476,2
1,1471697480,1471697483,3
1,1471697487,1471697492,5
1,1471697701,1471697707,6
1,1471697713,1471697718,5
1,1471697740,1471697759,19
1,1471697762,1471697769,7
5,1471697767,1471697780,13
1,1471697778,1471697790,12
1,1471697798,1471697804,6
1,1471697822,1471697828,6
1,1471697861,1471697862,1
1,1471697868,1471697869,1
1,1471697888,1471697898,10
1,1471697901,1471697915,14
4,1471697918,1471697922,4
4,1471697922,1471697924,2
4,1471697925,1471697928,3
4,1471697928,1471697934,6
10,1471697930,1471697932,2
1,1471697932,1471697934,2
4,1471697934,1471697937,3
4,1471697937,1471697941,4
10,1471697938,1471697939,1
4,1471697942,1471697945,3
4,1471697949,1471698010,61
1,1471697987,1471697998,11
1,1471698002,1471698019,17
4,1471698020,1471698040,20
1,1471698022,1471698026,4
1,1471698036,1471698066,30
4,1471698040,1471698052,12
4,1471698052,1471698057,5
4,1471698068,1471698085,17
1,1471698070,1471698071,1
1,1471698082,1471698105,23
4,1471698106,1471698108,2
10,1471698106,1471698108,2
4,1471698108,1471698114,6
1,1471698110,1471698135,25
4,1471698117,1471698122,5
4,1471698122,1471698124,2
4,1471698124,1471698136,12
4,1471698136,1471698139,3
1,1471698140,1471698142,2
4,1471698146,1471698166,20
1,1471698146,1471698152,6
1,1471698163,1471698177,14
4,1471698166,1471698173,7
4,1471698174,1471698177,3
4,1471698178,1471698182,4
1,1471698180,1471698181,1
4,1471698182,1471698191,9
1,1471698184,1471698190,6
4,1471698192,1471698200,8
1,1471698194,1471698199,5
4,1471698200,1471698205,5
10,1471698202,1471698203,1
1,1471698207,1471698210,3
4,1471698209,1471698212,3
4,1471698212,1471698235,23
1,1471698222,1471698231,9
4,1471698236,1471698238,2
4,1471698238,1471698242,4
1,1471698243,1471698250,7
4,1471698248,1471698252,4
4,1471698252,1471698256,4
1,1471698254,1471698255,1
4,1471698257,1471698259,2
4,1471698259,1471698261,2
4,1471698262,1471698269,7
1,1471698265,1471698268,3
4,1471698269,1471698272,3
4,1471698272,1471698280,8
1,1471698273,1471698278,5
4,1471698282,1471698286,4
4,1471698286,1471698288,2
4,1471698289,1471698291,2
4,1471698291,1471698293,2
4,1471698293,1471698299,6
1,1471698296,1471698297,1
4,1471698302,1471698337,35
1,1471698305,1471698308,3
1,1471698335,1471698336,1
4,1471698338,1471698340,2
4,1471698340,1471698342,2
4,1471698343,1471698345,2
4,1471698345,1471698347,2
4,1471698347,1471698350,3
4,1471698350,1471698352,2
4,1471698352,1471698358,6
4,1471698358,1471698361,3
1,1471698359,1471698365,6
4,1471698363,1471698410,47
1,1471698385,1471698386,1
1,1471698402,1471698404,2
4,1471698410,1471698415,5
4,1471698415,1471698441,26
4,1471698442,1471698444,2
4,1471698444,1471698448,4
1,1471698446,1471698447,1
4,1471698448,1471698450,2
4,1471698450,1471698453,3
1,1471698504,1471698505,1
1,1471698509,1471698510,1
4,1471698511,1471698513,2
4,1471698514,1471698516,2
10,1471698514,1471698516,2
4,1471698517,1471698519,2
10,1471698517,1471698519,2
4,1471698519,1471698521,2
4,1471698521,1471698525,4
4,1471698525,1471698532,7
10,1471698525,1471698527,2
4,1471698533,1471698537,4
10,1471698534,1471698536,2
4,1471698537,1471698540,3
4,1471698540,1471698544,4
1,1471698542,1471698543,1
4,1471698545,1471698551,6
1,1471698547,1471698548,1
10,1471698551,1471698554,3
1,1471698553,1471698573,20
4,1471698561,1471698576,15
4,1471698576,1471698578,2
4,1471698579,1471698582,3
4,1471698582,1471698591,9
1,1471698585,1471698590,5
4,1471698592,1471698594,2
4,1471698594,1471698598,4
4,1471698598,1471698602,4
10,1471698599,1471698600,1
1,1471698600,1471698616,16
4,1471698602,1471698611,9
4,1471698611,1471698613,2
4,1471698613,1471698628,15
4,1471698628,1471698630,2
4,1471698630,1471698633,3
4,1471698633,1471698636,3
1,1471698649,1471698656,7
4,1471698661,1471698663,2
4,1471698663,1471698665,2
4,1471698665,1471698667,2
4,1471698667,1471698669,2
4,1471698670,1471698672,2
4,1471698672,1471698675,3
4,1471698675,1471698688,13
4,1471698688,1471698691,3
4,1471698698,1471698713,15
10,1471698699,1471698709,10
1,1471698709,1471698711,2
4,1471698714,1471698717,3
10,1471698715,1471698716,1
4,1471698717,1471698720,3
4,1471698720,1471698723,3
10,1471698720,1471698723,3
4,1471698723,1471698745,22
1,1471698727,1471698744,17
4,1471698745,1471698753,8
4,1471698753,1471698755,2
4,1471698755,1471698768,13
1,1471698766,1471698767,1
10,1471698768,1471698770,2
4,1471698777,1471698782,5
1,1471698779,1471698781,2
4,1471698782,1471698789,7
10,1471698784,1471698787,3
1,1471698785,1471698800,15
4,1471698789,1471698792,3
4,1471698792,1471698795,3
4,1471698795,1471698800,5
10,1471698796,1471698797,1
4,1471698800,1471698834,34
1,1471698821,1471698826,5
4,1471698834,1471698839,5
1,1471698835,1471698841,6
4,1471698841,1471698846,5
4,1471698846,1471698849,3
4,1471698849,1471698854,5
10,1471698849,1471698850,1
1,1471698852,1471698853,1
4,1471698854,1471698857,3
4,1471698857,1471698866,9
1,1471698860,1471698865,5
4,1471698866,1471698925,59
1,1471698869,1471698871,2
1,1471698879,1471698885,6
1,1471698901,1471698903,2
10,1471698904,1471698923,19
4,1471698925,1471698934,9
1,1471698927,1471698937,10
4,1471698935,1471698939,4
4,1471698939,1471698945,6
4,1471698945,1471698949,4
4,1471698949,1471698959,10
4,1471698959,1471698966,7
4,1471698967,1471698970,3
10,1471698968,1471698970,2
4,1471698970,1471698972,2
4,1471698974,1471699034,60
1,1471699011,1471699014,3
1,1471699020,1471699022,2
1,1471699031,1471699033,2
4,1471699035,1471699037,2
4,1471699037,1471699040,3
4,1471699040,1471699052,12
1,1471699049,1471699055,6
4,1471699052,1471699056,4
4,1471699056,1471699059,3
10,1471699057,1471699059,2
4,1471699059,1471699063,4
10,1471699059,1471699063,4
4,1471699063,1471699065,2
4,1471699065,1471699067,2
4,1471699068,1471699072,4
10,1471699069,1471699070,1
4,1471699072,1471699075,3
4,1471699075,1471699080,5
1,1471699076,1471699077,1
4,1471699081,1471699083,2
4,1471699083,1471699086,3
4,1471699086,1471699088,2
1,1471699093,1471699097,4
4,1471699095,1471699098,3
4,1471699098,1471699186,88
1,1471699101,1471699104,3
1,1471699182,1471699197,15
4,1471699188,1471699198,10
4,1471699198,1471699200,2
4,1471699200,1471699204,4
1,1471699201,1471699203,2
4,1471699204,1471699211,7
1,1471699207,1471699210,3
4,1471699211,1471699213,2
1,1471699214,1471699220,6
4,1471699222,1471699224,2
4,1471699224,1471699230,6
4,1471699230,1471699234,4
4,1471699234,1471699237,3
4,1471699237,1471699239,2
4,1471699239,1471699246,7
1,1471699242,1471699244,2
1,1471699249,1471699254,5
4,1471699255,1471700516,1261
10,1471699256,1471699257,1
1,1471699355,1471699356,1
1,1471700486,1471700489,3
4,1471700516,1471700520,4
10,1471700517,1471700520,3
4,1471700520,1471700522,2
4,1471700523,1471700526,3
10,1471700524,1471700526,2
4,1471700526,1471700529,3
4,1471700529,1471700532,3
4,1471700532,1471700536,4
10,1471700533,1471700534,1
4,1471700537,1471700539,2
4,1471700542,1471700544,2
4,1471700545,1471700547,2
10,1471700545,1471700547,2
4,1471700548,1471700550,2
4,1471700550,1471700554,4
4,1471700554,1471700558,4
10,1471700554,1471700555,1
4,1471700559,1471700562,3
4,1471700562,1471700564,2
4,1471700564,1471700567,3
4,1471700567,1471700573,6
10,1471700568,1471700569,1
4,1471700574,1471700582,8
4,1471700582,1471700588,6
10,1471700583,1471700586,3
4,1471700588,1471700607,19
4,1471700607,1471700611,4
10,1471700607,1471700610,3
4,1471700612,1471700615,3
4,1471700615,1471700620,5
10,1471700621,1471700623,2
1,1471700623,1471700626,3
4,1471700627,1471700639,12
1,1471700634,1471700637,3
4,1471700639,1471700643,4
10,1471700640,1471700641,1
4,1471700644,1471700652,8
4,1471700652,1471700666,14
1,1471700656,1471700659,3
1,1471700663,1471700664,1
4,1471700666,1471700696,30
1,1471700669,1471700670,1
1,1471700674,1471700678,4
1,1471700689,1471700707,18
4,1471700698,1471700705,7
4,1471700710,1471700716,6
1,1471700711,1471700715,4
4,1471700716,1471700722,6
1,1471700719,1471700721,2
4,1471700722,1471700728,6
1,1471700726,1471700727,1
4,1471700728,1471700736,8
10,1471700729,1471700730,1
1,1471700733,1471700738,5
4,1471700742,1471700764,22
1,1471700750,1471700753,3
1,1471700767,1471700775,8
4,1471700772,1471700775,3
4,1471700776,1471700779,3
4,1471700780,1471700783,3
1,1471700780,1471700797,17
10,1471700784,1471700785,1
4,1471700787,1471700789,2
4,1471700789,1471700793,4
1,1471700803,1471700812,9
4,1471700805,1471700809,4
4,1471700809,1471700814,5
4,1471700814,1471700830,16
1,1471700816,1471700822,6
1,1471700827,1471700829,2
4,1471700830,1471700833,3
4,1471700833,1471700837,4
4,1471700837,1471700839,2
1,1471700843,1471700844,1
4,1471700848,1471700877,29
1,1471700849,1471700851,2
1,1471700854,1471700862,8
1,1471700874,1471700875,1
4,1471700878,1471700880,2
4,1471700880,1471700883,3
4,1471700883,1471700887,4
1,1471700885,1471700888,3
1,1471700893,1471700894,1
4,1471700896,1471700900,4
1,1471700898,1471700899,1
4,1471700903,1471700909,6
1,1471700911,1471700914,3
4,1471700922,1471700925,3
4,1471700932,1471700934,2
4,1471700934,1471700937,3
4,1471700937,1471700956,19
1,1471700944,1471700951,7
1,1471700954,1471700955,1
4,1471700956,1471700964,8
1,1471700965,1471700981,16
4,1471700967,1471700973,6
4,1471700975,1471700978,3
4,1471700980,1471700998,18
1,1471700994,1471700996,2
4,1471701000,1471701006,6
1,1471701002,1471701005,3
4,1471701008,1471701015,7
1,1471701010,1471701014,4
4,1471701016,1471701018,2
4,1471701018,1471701021,3
4,1471701021,1471701062,41
1,1471701022,1471701034,12
1,1471701039,1471701055,16
1,1471701058,1471701061,3
4,1471701062,1471701066,4
4,1471701066,1471701071,5
4,1471701071,1471701074,3
10,1471701074,1471701076,2
1,1471701078,1471701093,15
4,1471701089,1471701095,6
1,1471701096,1471701111,15
4,1471701112,1471701114,2
4,1471701114,1471701116,2
10,1471701115,1471701116,1
4,1471701117,1471701123,6
1,1471701120,1471701122,2
4,1471701123,1471701126,3
4,1471701126,1471701129,3
4,1471701129,1471701132,3
10,1471701131,1471701132,1
4,1471701132,1471701135,3
4,1471701135,1471701138,3
4,1471701138,1471701142,4
10,1471701139,1471701141,2
4,1471701142,1471701145,3
4,1471701145,1471701149,4
1,1471701147,1471701155,8
4,1471701152,1471701159,7
10,1471701153,1471701154,1
4,1471701159,1471701169,10
1,1471701160,1471701168,8
4,1471701170,1471701172,2
4,1471701172,1471701174,2
4,1471701175,1471701178,3
4,1471701178,1471701182,4
4,1471701182,1471701187,5
10,1471701183,1471701185,2
1,1471701184,1471701185,1
4,1471701187,1471701191,4
1,1471701189,1471701199,10
4,1471701191,1471701194,3
4,1471701194,1471701199,5
4,1471701201,1471701204,3
4,1471701204,1471701219,15
1,1471701207,1471701215,8
4,1471701219,1471701253,34
1,1471701221,1471701226,5
1,1471701232,1471701239,7
1,1471701243,1471701261,18
4,1471701255,1471701258,3
4,1471701259,1471701273,14
1,1471701266,1471701283,17
4,1471701273,1471701284,11
4,1471701284,1471701289,5
10,1471701285,1471701286,1
4,1471701289,1471701319,30
1,1471701291,1471701301,10
1,1471701305,1471701312,7
4,1471701319,1471701324,5
1,1471701320,1471701322,2
4,1471701325,1471701327,2
4,1471701327,1471701329,2
4,1471701329,1471701333,4
10,1471701333,1471701335,2
1,1471701334,1471701338,4
4,1471701339,1471701350,11
1,1471701346,1471701353,7
4,1471701354,1471701357,3
4,1471701357,1471701376,19
10,1471701359,1471701374,15
1,1471701374,1471701375,1
4,1471701377,1471701389,12
4,1471701389,1471701395,6
1,1471701391,1471701394,3
4,1471701396,1471701399,3
4,1471701399,1471701416,17
1,1471701409,1471701415,6
4,1471701416,1471701419,3
10,1471701416,1471701418,2
4,1471701420,1471701423,3
4,1471701424,1471701426,2
10,1471701424,1471701425,1
10,1471701426,1471701428,2
1,1471701428,1471701440,12
4,1471701430,1471701435,5
10,1471701436,1471701437,1
4,1471701437,1471701440,3
4,1471701441,1471701455,14
1,1471701443,1471701452,9
4,1471701455,1471701462,7
10,1471701456,1471701458,2
4,1471701464,1471701504,40
1,1471701497,1471701503,6
4,1471701504,1471701506,2
4,1471701506,1471701509,3
1,1471701509,1471701526,17
4,1471701512,1471701516,4
10,1471701517,1471701518,1
4,1471701525,1471701550,25
10,1471701525,1471701526,1
1,1471701536,1471701559,23
4,1471701556,1471701589,33
1,1471701563,1471701566,3
1,1471701580,1471701588,8
4,1471701589,1471701703,114
1,1471701608,1471701612,4
1,1471701619,1471701625,6
1,1471701631,1471701637,6
1,1471701643,1471701646,3
1,1471701696,1471701697,1
1,1471701713,1471701719,6
1,1471701728,1471701734,6
1,1471701749,1471701753,4
1,1471701764,1471701771,7
4,1471701769,1471701771,2
1,1471701777,1471701781,4
4,1471701783,1471701786,3
10,1471701785,1471701786,1
4,1471701786,1471701815,29
10,1471701787,1471701797,10
1,1471701789,1471701791,2
1,1471701796,1471701803,7
1,1471701806,1471701807,1
4,1471701815,1471701822,7
1,1471701816,1471701824,8
4,1471701824,1471701890,66
1,1471701835,1471701837,2
1,1471701862,1471701868,6
1,1471701875,1471701889,14
4,1471701892,1471701896,4
4,1471701896,1471701902,6
10,1471701897,1471701899,2
1,1471701897,1471701915,18
4,1471701902,1471701919,17
10,1471701902,1471701910,8
4,1471701919,1471701922,3
1,1471701921,1471701942,21
4,1471701922,1471701924,2
4,1471701933,1471701937,4
4,1471701937,1471701943,6
4,1471701946,1471702030,84
1,1471701955,1471701958,3
1,1471701972,1471701975,3
1,1471702006,1471702008,2
1,1471702011,1471702012,1
1,1471702018,1471702019,1
1,1471702024,1471702033,9
4,1471702030,1471702033,3
4,1471702034,1471702044,10
10,1471702035,1471702036,1
1,1471702038,1471702041,3
4,1471702044,1471702049,5
10,1471702049,1471702054,5
1,1471702052,1471702060,8
4,1471702062,1471702064,2
10,1471702064,1471702067,3
4,1471702067,1471702071,4
1,1471702074,1471702076,2
4,1471702077,1471702080,3
1,1471702081,1471702083,2
4,1471702083,1471702095,12
1,1471702087,1471702089,2
1,1471702092,1471702093,1
10,1471702094,1471702095,1
4,1471702095,1471702105,10
1,1471702098,1471702104,6
4,1471702105,1471702108,3
4,1471702112,1471702126,14
1,1471702122,1471702124,2
4,1471702126,1471702146,20
5,1471702131,1471702132,1
5,1471702134,1471702137,3
1,1471702136,1471702141,5
5,1471702142,1471702144,2
1,1471702147,1471702150,3
1,1471702156,1471702167,11
4,1471702166,1471702169,3
4,1471702170,1471702384,214
1,1471702342,1471702343,1
1,1471702349,1471702351,2
1,1471702376,1471702385,9
4,1471702386,1471702438,52
1,1471702407,1471702425,18
1,1471702430,1471702437,7
4,1471702438,1471702441,3
4,1471702441,1471702443,2
4,1471702443,1471702445,2
4,1471702445,1471702447,2
4,1471702447,1471702449,2
4,1471702450,1471702467,17
1,1471702451,1471702495,44
4,1471702467,1471702474,7
4,1471702478,1471702480,2
4,1471702484,1471702487,3
4,1471702490,1471702498,8
4,1471702499,1471702533,34
1,1471702502,1471702504,2
1,1471702508,1471702518,10
1,1471702530,1471702531,1
4,1471702533,1471702535,2
4,1471702536,1471702538,2
4,1471702538,1471702540,2
4,1471702540,1471702545,5
1,1471702542,1471702545,3
4,1471702545,1471702552,7
1,1471702553,1471702555,2
4,1471702556,1471702593,37
1,1471702576,1471702584,8
1,1471702590,1471702592,2
4,1471702593,1471702595,2
4,1471702595,1471702598,3
4,1471702604,1471702606,2
4,1471702606,1471702608,2
4,1471702608,1471702613,5
1,1471702611,1471702613,2
4,1471702615,1471702618,3
4,1471702619,1471702648,29
1,1471702621,1471702622,1
1,1471702627,1471702630,3
1,1471702637,1471702638,1
4,1471702648,1471702650,2
4,1471702650,1471702652,2
4,1471702652,1471702655,3
1,1471702656,1471702659,3
4,1471702660,1471702663,3
4,1471702664,1471702666,2
4,1471702666,1471702670,4
4,1471702670,1471702672,2
4,1471702672,1471702675,3
4,1471702676,1471702726,50
1,1471702679,1471702680,1
1,1471702683,1471702686,3
1,1471702693,1471702702,9
1,1471702722,1471702725,3
4,1471702726,1471702750,24
1,1471702747,1471702749,2
4,1471702750,1471702771,21
10,1471702751,1471702752,1
4,1471702771,1471702774,3
4,1471702774,1471702777,3
1,1471702776,1471702777,1
4,1471702777,1471702786,9
10,1471702779,1471702781,2
4,1471702786,1471702788,2
4,1471702789,1471702791,2
4,1471702792,1471702795,3
4,1471702798,1471702807,9
1,1471702802,1471702807,5
4,1471702807,1471702812,5
1,1471702824,1471702832,8
1,1471702836,1471702838,2
1,1471702868,1471702874,6
4,1471702875,1471702880,5
10,1471702877,1471702880,3
4,1471702880,1471702884,4
4,1471702884,1471702890,6
4,1471702890,1471702896,6
1,1471702893,1471702895,2
4,1471702896,1471702919,23
1,1471702900,1471702916,16
1,1471702921,1471702928,7
4,1471702927,1471702929,2
4,1471702931,1471702938,7
10,1471702931,1471702932,1
1,1471702932,1471702942,10
4,1471702938,1471702940,2
4,1471702941,1471702943,2
1,1471702948,1471702950,2
4,1471702950,1471702952,2
4,1471702953,1471702960,7
1,1471702954,1471702964,10
4,1471702962,1471702975,13
1,1471702970,1471702981,11
4,1471702978,1471702985,7
4,1471702986,1471703036,50
1,1471702997,1471703000,3
1,1471703017,1471703023,6
1,1471703027,1471703033,6
4,1471703037,1471703039,2
4,1471703039,1471703041,2
4,1471703042,1471703044,2
4,1471703044,1471703046,2
4,1471703046,1471703053,7
1,1471703047,1471703055,8
4,1471703057,1471703065,8
1,1471703059,1471703061,2
4,1471703065,1471703067,2
4,1471703068,1471703079,11
1,1471703071,1471703076,5
4,1471703079,1471703110,31
10,1471703079,1471703081,2
1,1471703081,1471703086,5
1,1471703090,1471703099,9
1,1471703104,1471703107,3
1,1471703110,1471703121,11
4,1471703113,1471703116,3
4,1471703117,1471703121,4
4,1471703122,1471703131,9
1,1471703127,1471703136,9
10,1471703131,1471703133,2
4,1471703133,1471703157,24
10,1471703134,1471703135,1
1,1471703140,1471703159,19
4,1471703160,1471703164,4
4,1471703164,1471703174,10
1,1471703167,1471703177,10
4,1471703182,1471703194,12
1,1471703183,1471703190,7
4,1471703194,1471703205,11
4,1471703205,1471703252,47
1,1471703208,1471703211,3
1,1471703215,1471703219,4
1,1471703225,1471703229,4
1,1471703239,1471703247,8
4,1471703252,1471703257,5
1,1471703254,1471703264,10
4,1471703257,1471703267,10
10,1471703258,1471703260,2
1,1471703267,1471703276,9
4,1471703269,1471703279,10
1,1471703287,1471703289,2
1,1471703292,1471703300,8
1,1471703304,1471703307,3
1,1471703313,1471703318,5
4,1471703329,1471703332,3
4,1471703332,1471703429,97
10,1471703333,1471703337,4
1,1471703371,1471703385,14
1,1471703408,1471703413,5
1,1471703421,1471703427,6
4,1471703429,1471703438,9
4,1471703438,1471703443,5
1,1471703439,1471703446,7
4,1471703443,1471703446,3
4,1471703447,1471703503,56
4,1471703503,1471703505,2
4,1471703506,1471703509,3
10,1471703506,1471703507,1
10,1471703508,1471703509,1
4,1471703509,1471703512,3
4,1471703512,1471703514,2
4,1471703515,1471703518,3
4,1471703518,1471703530,12
10,1471703519,1471703530,11
4,1471703530,1471703548,18
1,1471703536,1471703541,5
4,1471703548,1471703552,4
10,1471703548,1471703552,4
4,1471703552,1471703555,3
4,1471703556,1471703558,2
4,1471703558,1471703568,10
10,1471703559,1471703560,1
1,1471703560,1471703566,6
1,1471703583,1471703619,36
4,1471703584,1471703587,3
4,1471703592,1471703599,7
4,1471703605,1471703611,6
4,1471703611,1471703613,2
4,1471703619,1471703697,78
1,1471703638,1471703641,3
1,1471703655,1471703660,5
1,1471703669,1471703675,6
1,1471703680,1471703687,7
1,1471703691,1471703696,5
1,1471703699,1471703701,2
1,1471703708,1471703710,2
4,1471703713,1471703716,3
4,1471703720,1471703726,6
4,1471703726,1471703729,3
10,1471703727,1471703729,2
4,1471703729,1471703731,2
4,1471703732,1471703735,3
4,1471703735,1471703737,2
4,1471703738,1471703741,3
4,1471703741,1471703746,5
4,1471703746,1471703749,3
10,1471703747,1471703749,2
4,1471703749,1471703754,5
10,1471703752,1471703754,2
4,1471703754,1471703756,2
1,1471703778,1471703810,32
1,1471703866,1471703888,22
4,1471703883,1471703890,7
1,1471703893,1471703905,12
4,1471703898,1471703902,4
4,1471703905,1471703909,4
4,1471703909,1471703911,2
4,1471703912,1471703916,4
1,1471703913,1471703915,2
1,1471703923,1471703941,18
4,1471703936,1471703938,2
4,1471703942,1471703945,3
1,1471703946,1471703981,35
4,1471703959,1471703963,4
4,1471703971,1471703983,12
4,1471703987,1471703996,9
1,1471703996,1471704013,17
4,1471703999,1471704003,4
4,1471704008,1471704011,3
4,1471704014,1471704017,3
4,1471704022,1471704025,3
1,1471704022,1471704029,7
1,1471704032,1471704047,15
4,1471704043,1471704047,4
4,1471704047,1471704051,4
1,1471704058,1471704064,6
4,1471704066,1471704075,9
1,1471704068,1471704074,6
4,1471704075,1471704080,5
1,1471704077,1471704100,23
4,1471704081,1471704084,3
4,1471704085,1471704087,2
4,1471704090,1471704093,3
4,1471704094,1471704104,10
4,1471704104,1471704107,3
4,1471704110,1471704167,57
1,1471704114,1471704116,2
1,1471704142,1471704149,7
1,1471704163,1471704179,16
4,1471704170,1471704174,4
4,1471704178,1471704180,2
4,1471704180,1471704208,28
1,1471704191,1471704207,16
4,1471704209,1471704211,2
4,1471704214,1471704217,3
4,1471704217,1471704219,2
4,1471704219,1471704222,3
4,1471704222,1471704239,17
1,1471704226,1471704227,1
1,1471704231,1471704250,19
5,1471704250,1471704258,8
1,1471704259,1471704298,39
4,1471704277,1471704290,13
4,1471704296,1471704301,5
4,1471704301,1471704343,42
1,1471704316,1471704346,30
4,1471704347,1471704350,3
4,1471704350,1471704358,8
1,1471704352,1471704355,3
4,1471704358,1471704362,4
1,1471704359,1471704361,2
4,1471704362,1471704393,31
10,1471704363,1471704365,2
1,1471704366,1471704368,2
1,1471704374,1471704376,2
1,1471704390,1471704392,2
4,1471704393,1471704398,5
4,1471704398,1471704400,2
10,1471704399,1471704400,1
10,1471704401,1471704407,6
4,1471704409,1471704458,49
1,1471704417,1471704441,24
1,1471704444,1471704457,13
1,1471704460,1471704473,13
4,1471704469,1471704503,34
10,1471704471,1471704472,1
1,1471704487,1471704502,15
4,1471704503,1471704547,44
1,1471704508,1471704512,4
1,1471704522,1471704528,6
1,1471704532,1471704536,4
1,1471704543,1471704552,9
4,1471704550,1471704553,3
1,1471704572,1471704576,4
1,1471704581,1471704606,25
4,1471704585,1471704587,2
4,1471704587,1471704590,3
4,1471704591,1471704594,3
4,1471704595,1471704597,2
10,1471704598,1471704599,1
4,1471704607,1471704611,4
10,1471704609,1471704611,2
4,1471704611,1471704614,3
4,1471704614,1471704617,3
4,1471704617,1471704628,11
1,1471704626,1471704628,2
4,1471704629,1471704631,2
4,1471704632,1471704635,3
10,1471704633,1471704635,2
4,1471704635,1471704637,2
4,1471704637,1471704641,4
10,1471704637,1471704639,2
4,1471704641,1471704644,3
4,1471704645,1471704648,3
10,1471704647,1471704648,1
4,1471704650,1471704664,14
1,1471704652,1471704667,15
4,1471704667,1471704677,10
4,1471704677,1471704686,9
1,1471704678,1471704683,5
4,1471704686,1471704704,18
1,1471704689,1471704695,6
1,1471704698,1471704703,5
4,1471704704,1471704721,17
1,1471704706,1471704714,8
1,1471704719,1471704720,1
4,1471704721,1471704725,4
4,1471704725,1471704728,3
4,1471704728,1471704731,3
4,1471704731,1471704892,161
1,1471704734,1471704735,1
1,1471704745,1471704755,10
1,1471704762,1471704766,4
1,1471704781,1471704786,5
1,1471704842,1471704866,24
1,1471704871,1471704892,21
4,1471704893,1471704899,6
1,1471704897,1471704898,1
4,1471704900,1471704906,6
1,1471704902,1471704903,1
4,1471704906,1471704921,15
1,1471704908,1471704913,5
1,1471704918,1471704926,8
4,1471704926,1471704934,8
4,1471704934,1471704943,9
1,1471704941,1471704942,1
1,1471704946,1471704949,3
4,1471704952,1471704954,2
10,1471704953,1471704955,2
4,1471704954,1471704962,8
1,1471704957,1471704976,19
4,1471704968,1471704972,4
4,1471704972,1471704995,23
1,1471704989,1471705009,20
5,1471705009,1471705015,6
1,1471705015,1471705033,18
4,1471705023,1471705027,4
4,1471705027,1471705029,2
4,1471705029,1471705034,5
4,1471705034,1471705053,19
1,1471705042,1471705043,1
1,1471705050,1471705051,1
1,1471705056,1471705060,4
4,1471705059,1471705061,2
4,1471705062,1471705064,2
4,1471705066,1471705105,39
1,1471705087,1471705094,7
1,1471705097,1471705099,2
4,1471705105,1471705116,11
4,1471705116,1471705121,5
4,1471705121,1471705125,4
4,1471705125,1471705129,4
1,1471705126,1471705128,2
4,1471705129,1471705145,16
1,1471705133,1471705135,2
1,1471705145,1471705147,2
4,1471705153,1471705161,8
1,1471705154,1471705155,1
4,1471705161,1471705199,38
1,1471705190,1471705191,1
4,1471705199,1471705256,57
1,1471705208,1471705218,10
1,1471705247,1471705251,4
4,1471705256,1471705265,9
1,1471705256,1471705258,2
4,1471705265,1471705272,7
4,1471705272,1471705376,104
1,1471705288,1471705293,5
5,1471705293,1471705352,59
1,1471705354,1471705403,49
4,1471705376,1471705380,4
4,1471705380,1471705385,5
4,1471705385,1471705395,10
4,1471705400,1471705404,4
4,1471705404,1471705406,2
4,1471705406,1471705481,75
1,1471705443,1471705453,10
1,1471705458,1471705462,4
1,1471705470,1471705492,22
4,1471705493,1471705500,7
1,1471705496,1471705499,3
4,1471705500,1471705504,4
1,1471705506,1471705509,3
4,1471705511,1471705514,3
4,1471705514,1471705750,236
1,1471705519,1471705523,4
1,1471705528,1471705544,16
1,1471705570,1471705574,4
1,1471705578,1471705581,3
1,1471705596,1471705612,16
1,1471705617,1471705620,3
1,1471705746,1471705750,4
4,1471705754,1471705774,20
1,1471705756,1471705758,2
1,1471705771,1471705773,2
1,1471705802,1471705810,8
4,1471705813,1471705823,10
1,1471705816,1471705822,6
4,1471705824,1471705829,5
10,1471705826,1471705828,2
4,1471705829,1471705832,3
10,1471705830,1471705832,2
4,1471705833,1471705837,4
10,1471705834,1471705836,2
4,1471705837,1471705840,3
4,1471705840,1471705843,3
10,1471705844,1471705845,1
4,1471705845,1471705847,2
4,1471705849,1471705852,3
4,1471705852,1471705871,19
1,1471705855,1471705860,5
1,1471705867,1471705870,3
4,1471705871,1471705908,37
1,1471705880,1471705885,5
1,1471705901,1471705903,2
4,1471705908,1471705922,14
1,1471705911,1471705915,4
4,1471705922,1471706029,107
1,1471705930,1471705933,3
1,1471705959,1471705962,3
1,1471705975,1471705982,7
1,1471705988,1471705991,3
1,1471705999,1471706011,12
5,1471706011,1471706017,6
1,1471706018,1471706050,32
4,1471706035,1471706040,5
4,1471706042,1471706045,3
4,1471706045,1471706060,15
1,1471706055,1471706057,2
1,1471706061,1471706074,13
4,1471706069,1471706080,11
4,1471706084,1471706086,2
1,1471706088,1471706089,1
4,1471706090,1471706130,40
1,1471706100,1471706128,28
4,1471706130,1471706137,7
4,1471706137,1471706148,11
1,1471706140,1471706147,7
4,1471706148,1471706150,2
4,1471706150,1471706165,15
1,1471706152,1471706164,12
4,1471706166,1471706170,4
4,1471706170,1471706251,81
1,1471706173,1471706180,7
1,1471706245,1471706246,1
10,1471706248,1471706251,3
4,1471706251,1471706263,12
1,1471706253,1471706262,9
4,1471706300,1471706309,9
1,1471706304,1471706305,1
4,1471706309,1471706312,3
4,1471706312,1471706372,60
1,1471706360,1471706370,10
4,1471706372,1471706375,3
1,1471706379,1471706380,1
4,1471706382,1471706393,11
1,1471706395,1471706397,2
1,1471706400,1471706404,4
4,1471706404,1471706407,3
1,1471706409,1471706416,7
4,1471706417,1471706425,8
1,1471706419,1471706424,5
1,1471706427,1471706430,3
4,1471706431,1471706434,3
4,1471706434,1471706436,2
4,1471706436,1471706438,2
4,1471706439,1471706441,2
4,1471706441,1471706443,2
4,1471706443,1471706445,2
1,1471706451,1471706455,4
4,1471706462,1471706467,5
1,1471706465,1471706499,34
4,1471706467,1471706472,5
4,1471706476,1471706482,6
4,1471706482,1471706486,4
4,1471706488,1471706491,3
4,1471706492,1471706495,3
4,1471706497,1471706500,3
4,1471706500,1471706526,26
1,1471706504,1471706507,3
1,1471706511,1471706515,4
4,1471706526,1471706553,27
1,1471706541,1471706547,6
4,1471706553,1471706565,12
1,1471706560,1471706561,1
4,1471706565,1471706652,87
1,1471706569,1471706577,8
1,1471706585,1471706586,1
1,1471706620,1471706623,3
4,1471706652,1471706663,11
1,1471706655,1471706657,2
4,1471706663,1471706686,23
1,1471706672,1471706673,1
1,1471706676,1471706681,5
4,1471706686,1471706698,12
1,1471706689,1471706691,2
4,1471706698,1471706712,14
1,1471706702,1471706709,7
10,1471706710,1471706712,2
4,1471706712,1471706718,6
1,1471706713,1471706714,1
4,1471706718,1471706787,69
1,1471706720,1471706728,8
1,1471706733,1471706738,5
1,1471706753,1471706754,1
1,1471706778,1471706786,8
4,1471706787,1471706794,7
10,1471706789,1471706794,5
4,1471706794,1471706806,12
1,1471706800,1471706808,8
4,1471706806,1471706809,3
4,1471706809,1471706811,2
4,1471706811,1471706819,8
1,1471706814,1471706818,4
4,1471706819,1471706839,20
10,1471706820,1471706821,1
4,1471706839,1471706852,13
1,1471706843,1471706848,5
4,1471706852,1471706904,52
1,1471706855,1471706858,3
1,1471706872,1471706883,11
1,1471706888,1471706890,2
4,1471706904,1471706917,13
1,1471706904,1471706910,6
4,1471706917,1471706941,24
1,1471706928,1471706930,2
1,1471706937,1471706946,9
4,1471706949,1471707020,71
1,1471706995,1471707002,7
1,1471707011,1471707018,7
4,1471707020,1471707023,3
4,1471707024,1471707026,2
4,1471707026,1471707029,3
4,1471707030,1471707037,7
1,1471707033,1471707054,21
4,1471707038,1471707041,3
4,1471707043,1471707047,4
4,1471707047,1471707051,4
4,1471707052,1471707055,3
4,1471707056,1471707058,2
4,1471707059,1471707063,4
1,1471707061,1471707083,22
4,1471707064,1471707069,5
4,1471707069,1471707074,5
4,1471707078,1471707082,4
1,1471707115,1471707122,7
1,1471707131,1471707133,2
1,1471707139,1471707143,4
4,1471707147,1471707156,9
1,1471707149,1471707167,18
4,1471707156,1471707159,3
4,1471707159,1471707162,3
4,1471707162,1471707166,4
4,1471707167,1471707176,9
1,1471707171,1471707176,5
4,1471707178,1471707180,2
4,1471707180,1471707182,2
4,1471707182,1471707187,5
4,1471707187,1471707210,23
1,1471707201,1471707209,8
4,1471707210,1471707217,7
10,1471707211,1471707212,1
1,1471707215,1471707219,4
1,1471707223,1471707229,6
1,1471707245,1471707249,4
4,1471707250,1471707252,2
4,1471707253,1471707255,2
4,1471707255,1471707257,2
4,1471707258,1471707260,2
4,1471707260,1471707263,3
10,1471707262,1471707263,1
4,1471707263,1471707265,2
4,1471707265,1471707269,4
1,1471707268,1471707269,1
4,1471707269,1471707297,28
1,1471707278,1471707286,8
1,1471707290,1471707294,4
1,1471707299,1471707300,1
1,1471707311,1471707317,6
4,1471707317,1471707383,66
4,1471707383,1471707542,159
1,1471707386,1471707390,4
1,1471707399,1471707416,17
1,1471707443,1471707447,4
1,1471707454,1471707459,5
1,1471707466,1471707469,3
1,1471707480,1471707481,1
1,1471707487,1471707510,23
1,1471707516,1471707517,1
1,1471707522,1471707534,12
1,1471707539,1471707568,29
4,1471707554,1471707564,10
4,1471707571,1471707574,3
4,1471707574,1471707583,9
1,1471707575,1471707583,8
4,1471707584,1471707586,2
4,1471707586,1471707600,14
1,1471707588,1471707593,5
10,1471707589,1471707591,2
4,1471707600,1471707624,24
1,1471707607,1471707646,39
4,1471707626,1471707629,3
4,1471707639,1471707643,4
4,1471707643,1471707647,4
4,1471707647,1471707651,4
10,1471707648,1471707650,2
1,1471707649,1471707660,11
4,1471707651,1471707657,6
10,1471707653,1471707654,1
4,1471707658,1471707661,3
10,1471707662,1471707664,2
4,1471707664,1471707689,25
1,1471707687,1471707696,9
10,1471707697,1471707698,1
4,1471707698,1471707706,8
1,1471707700,1471707703,3
4,1471707706,1471707708,2
10,1471707707,1471707708,1
4,1471707708,1471707711,3
4,1471707711,1471707715,4
1,1471707713,1471707714,1
4,1471707715,1471707721,6
4,1471707722,1471707727,5
10,1471707724,1471707727,3
4,1471707727,1471707733,6
10,1471707729,1471707730,1
4,1471707733,1471707775,42
1,1471707747,1471707748,1
1,1471707761,1471707765,4
4,1471707775,1471707787,12
1,1471707778,1471707793,15
4,1471707788,1471707794,6
4,1471707797,1471707816,19
1,1471707801,1471707804,3
1,1471707813,1471707825,12
4,1471707816,1471707819,3
4,1471707821,1471707838,17
1,1471707836,1471707841,5
4,1471707838,1471707851,13
1,1471707849,1471707851,2
1,1471707872,1471707878,6
1,1471708883,1471708884,1
1,1471708888,1471708907,19
4,1471708909,1471708911,2
4,1471708911,1471708914,3
1,1471708916,1471708925,9
4,1471708919,1471708923,4
4,1471708926,1471708928,2
4,1471708928,1471708984,56
1,1471708932,1471708936,4
1,1471708958,1471708970,12
1,1471708978,1471708982,4
4,1471708984,1471708991,7
10,1471708985,1471708991,6
4,1471708992,1471708995,3
4,1471708995,1471708997,2
4,1471708997,1471709002,5
1,1471709001,1471709002,1
4,1471709002,1471709004,2
4,1471709005,1471709007,2
4,1471709007,1471709009,2
10,1471709008,1471709009,1
4,1471709009,1471709013,4
4,1471709013,1471709022,9
1,1471709016,1471709021,5
4,1471709022,1471709026,4
10,1471709023,1471709026,3
4,1471709026,1471709029,3
4,1471709029,1471709059,30
1,1471709054,1471709057,3
4,1471709059,1471709065,6
1,1471709069,1471709075,6
4,1471709073,1471709076,3
1,1471709079,1471709083,4
1,1471709088,1471709102,14
4,1471709102,1471709108,6
10,1471709104,1471709108,4
4,1471709108,1471709110,2
4,1471709112,1471709118,6
1,1471709115,1471709117,2
4,1471709118,1471709120,2
4,1471709121,1471709123,2
4,1471709123,1471709125,2
4,1471709126,1471709129,3
4,1471709129,1471709135,6
10,1471709133,1471709135,2
4,1471709135,1471709139,4
10,1471709137,1471709139,2
4,1471709139,1471709141,2
4,1471709142,1471709144,2
4,1471709144,1471709150,6
1,1471709146,1471709158,12
4,1471709152,1471709155,3
10,1471709158,1471709159,1
4,1471709159,1471709163,4
1,1471709172,1471709174,2
10,1471709174,1471709177,3
4,1471709177,1471709194,17
1,1471709184,1471709194,10
4,1471709195,1471709197,2
4,1471709197,1471709203,6
1,1471709199,1471709210,11
4,1471709209,1471709211,2
10,1471709211,1471709212,1
4,1471709212,1471709214,2
4,1471709215,1471709218,3
1,1471709217,1471709218,1
4,1471709220,1471709224,4
4,1471709224,1471709249,25
1,1471709245,1471709249,4
4,1471709250,1471709255,5
10,1471709252,1471709255,3
4,1471709255,1471709257,2
4,1471709258,1471709260,2
4,1471709260,1471709263,3
4,1471709263,1471709277,14
1,1471709264,1471709316,52
4,1471709281,1471709307,26
4,1471709312,1471709316,4
4,1471709318,1471709324,6
1,1471709320,1471709322,2
4,1471709325,1471709329,4
10,1471709326,1471709329,3
4,1471709331,1471709333,2
10,1471709331,1471709333,2
4,1471709335,1471709347,12
1,1471709336,1471709341,5
10,1471709339,1471709341,2
10,1471709343,1471709344,1
1,1471709344,1471709350,6
4,1471709348,1471709371,23
1,1471709355,1471709356,1
1,1471709360,1471709370,10
4,1471709371,1471709375,4
10,1471709372,1471709375,3
4,1471709375,1471709386,11
1,1471709379,1471709390,11
1,1471709395,1471709405,10
4,1471709399,1471709407,8
4,1471709416,1471709438,22
1,1471709419,1471709424,5
1,1471709433,1471709436,3
4,1471709438,1471709440,2
4,1471709440,1471709450,10
10,1471709443,1471709448,5
1,1471709444,1471709454,10
4,1471709450,1471709456,6
4,1471709456,1471709470,14
1,1471709463,1471709471,8
4,1471709472,1471709474,2
1,1471709477,1471709486,9
4,1471709487,1471709516,29
1,1471709490,1471709492,2
1,1471709504,1471709512,8
4,1471709516,1471709519,3
4,1471709519,1471709521,2
10,1471709521,1471709525,4
4,1471709525,1471709527,2
10,1471709528,1471709529,1
1,1471709528,1471709529,1
4,1471709533,1471709539,6
1,1471709535,1471709537,2
4,1471709540,1471709542,2
4,1471709542,1471709549,7
10,1471709543,1471709546,3
1,1471709547,1471709548,1
4,1471709549,1471709552,3
4,1471709554,1471709559,5
10,1471709554,1471709555,1
1,1471709556,1471709559,3
4,1471709560,1471709564,4
10,1471709562,1471709563,1
4,1471709564,1471709574,10
1,1471709568,1471709573,5
4,1471709581,1471709583,2
1,1471709582,1471709586,4
4,1471709584,1471709599,15
1,1471709591,1471709598,7
4,1471709602,1471709624,22
1,1471709604,1471709610,6
1,1471709621,1471709622,1
1,1471709630,1471709656,26
4,1471709630,1471709637,7
4,1471709640,1471709680,40
1,1471709663,1471709694,31
4,1471709681,1471709688,7
4,1471709695,1471709699,4
10,1471709696,1471709697,1
4,1471709699,1471709702,3
1,1471709700,1471709702,2
4,1471709703,1471709779,76
1,1471709710,1471709724,14
1,1471709743,1471709745,2
1,1471709752,1471709754,2
1,1471709770,1471709783,13
4,1471709779,1471709784,5
4,1471709784,1471709788,4
4,1471709788,1471709790,2
4,1471709791,1471709799,8
4,1471709799,1471709808,9
1,1471709801,1471709807,6
4,1471709808,1471709813,5
4,1471709814,1471709822,8
1,1471709816,1471709821,5
4,1471709822,1471709824,2
10,1471709823,1471709824,1
4,1471709824,1471709828,4
4,1471709828,1471709852,24
10,1471709830,1471709831,1
1,1471709836,1471709839,3
1,1471709845,1471709855,10
4,1471709853,1471709856,3
4,1471709856,1471709870,14
1,1471709860,1471709863,3
1,1471709866,1471709872,6
4,1471709870,1471709874,4
4,1471709874,1471709883,9
10,1471709877,1471709879,2
1,1471709877,1471709881,4
4,1471709883,1471709892,9
1,1471709884,1471709891,7
4,1471709892,1471709894,2
4,1471709896,1471709912,16
1,1471709898,1471709915,17
4,1471709912,1471709916,4
4,1471709916,1471709918,2
4,1471709918,1471709922,4
1,1471709920,1471709924,4
4,1471709922,1471709925,3
4,1471709925,1471709933,8
1,1471709929,1471709931,2
4,1471709933,1471709941,8
1,1471709934,1471709940,6
4,1471709941,1471709944,3
10,1471709942,1471709944,2
4,1471709944,1471709946,2
4,1471709947,1471709950,3
1,1471709956,1471709970,14
4,1471709962,1471710007,45
1,1471709995,1471709999,4
1,1471710004,1471710006,2
4,1471710007,1471710009,2
4,1471710009,1471710011,2
4,1471710012,1471710014,2
4,1471710014,1471710020,6
1,1471710016,1471710019,3
4,1471710021,1471710023,2
4,1471710023,1471710025,2
4,1471710025,1471710031,6
1,1471710027,1471710028,1
4,1471710034,1471710041,7
1,1471710036,1471710045,9
4,1471710043,1471710048,5
4,1471710048,1471710057,9
1,1471710055,1471710074,19
4,1471710057,1471710059,2
4,1471710059,1471710062,3
10,1471710060,1471710061,1
4,1471710062,1471710064,2
4,1471710065,1471710075,10
10,1471710066,1471710067,1
1,1471710094,1471710098,4
1,1471710105,1471710108,3
4,1471710109,1471710133,24
10,1471710110,1471710116,6
1,1471710116,1471710132,16
4,1471710133,1471710151,18
1,1471710137,1471710139,2
1,1471710147,1471710149,2
4,1471710151,1471710153,2
10,1471710152,1471710153,1
1,1471710154,1471710156,2
4,1471710156,1471710158,2
4,1471710158,1471710163,5
1,1471710159,1471710164,5
1,1471710167,1471710169,2
4,1471710170,1471710172,2
4,1471710173,1471710175,2
4,1471710176,1471710178,2
4,1471710178,1471710194,16
1,1471710185,1471710203,18
4,1471710196,1471710202,6
1,1471710213,1471710215,2
1,1471710222,1471710236,14
4,1471710238,1471710282,44
1,1471710245,1471710253,8
1,1471710267,1471710270,3
1,1471710280,1471710282,2
4,1471710282,1471710284,2
4,1471710285,1471710287,2
4,1471710287,1471710290,3
4,1471710290,1471710295,5
1,1471710290,1471710303,13
4,1471710298,1471710322,24
1,1471710306,1471710314,8
10,1471710315,1471710322,7
1,1471710322,1471710326,4
4,1471710323,1471710332,9
1,1471710332,1471710365,33
4,1471710332,1471710343,11
4,1471710347,1471710359,12
4,1471710364,1471710372,8
1,1471710368,1471710372,4
1,1471710377,1471710385,8
4,1471710381,1471710384,3
4,1471710384,1471710387,3
4,1471710387,1471710390,3
1,1471710388,1471710394,6
4,1471710391,1471710399,8
4,1471710405,1471710445,40
1,1471710407,1471710417,10
1,1471710426,1471710432,6
1,1471710438,1471710449,11
4,1471710451,1471710455,4
1,1471710452,1471710454,2
4,1471710455,1471710458,3
10,1471710456,1471710458,2
4,1471710458,1471710462,4
10,1471710460,1471710462,2
4,1471710462,1471710465,3
4,1471710465,1471710471,6
10,1471710468,1471710471,3
4,1471710471,1471710473,2
4,1471710474,1471710482,8
4,1471710482,1471710541,59
1,1471710482,1471710497,15
1,1471710504,1471710509,5
5,1471710508,1471710519,11
1,1471710521,1471710523,2
1,1471710528,1471710539,11
10,1471710535,1471710536,1
4,1471710541,1471710543,2
4,1471710544,1471710546,2
4,1471710546,1471710580,34
10,1471710547,1471710548,1
1,1471710568,1471710571,3
1,1471710575,1471710599,24
4,1471710580,1471710585,5
4,1471710586,1471710589,3
4,1471710590,1471710596,6
4,1471710596,1471710606,10
1,1471710603,1471710619,16
4,1471710606,1471710611,5
4,1471710612,1471710617,5
4,1471710618,1471710620,2
4,1471710621,1471710625,4
1,1471710623,1471710624,1
4,1471710625,1471710627,2
4,1471710627,1471710630,3
4,1471710630,1471710642,12
4,1471710642,1471710644,2
1,1471710642,1471710654,12
4,1471710645,1471710652,7
4,1471710652,1471710655,3
4,1471710657,1471710684,27
10,1471710658,1471710660,2
1,1471710663,1471710668,5
1,1471710672,1471710690,18
4,1471710691,1471710702,11
1,1471710694,1471710695,1
1,1471710699,1471710712,13
4,1471710712,1471710897,185
1,1471710718,1471710723,5
1,1471710738,1471710739,1
1,1471710752,1471710759,7
1,1471710770,1471710774,4
1,1471710781,1471710784,3
5,1471710783,1471710795,12
1,1471710800,1471710813,13
1,1471710831,1471710849,18
5,1471710841,1471710843,2
1,1471710861,1471710865,4
1,1471710874,1471710883,9
1,1471710890,1471710916,26
4,1471710905,1471710909,4
4,1471710919,1471710924,5
4,1471710927,1471710946,19
1,1471710939,1471710943,4
1,1471710963,1471710968,5
4,1471710966,1471710971,5
4,1471710971,1471710974,3
1,1471710972,1471710976,4
4,1471710978,1471710982,4
10,1471710980,1471710981,1
4,1471710982,1471710984,2
10,1471710985,1471710991,6
4,1471710991,1471710994,3
4,1471710997,1471710999,2
4,1471710999,1471711001,2
4,1471711002,1471711004,2
4,1471711004,1471711006,2
10,1471711006,1471711008,2
4,1471711008,1471711010,2
4,1471711010,1471711023,13
1,1471711014,1471711033,19
4,1471711023,1471711027,4
4,1471711027,1471711029,2
4,1471711032,1471711036,4
4,1471711036,1471711038,2
4,1471711039,1471711041,2
4,1471711042,1471711053,11
1,1471711051,1471711052,1
4,1471711053,1471711063,10
1,1471711060,1471711062,2
4,1471711063,1471711067,4
4,1471711067,1471711070,3
4,1471711070,1471711074,4
1,1471711071,1471711073,2
4,1471711074,1471711077,3
4,1471711077,1471711081,4
4,1471711081,1471711083,2
4,1471711086,1471711090,4
10,1471711086,1471711087,1
4,1471711090,1471711092,2
1,1471711095,1471711097,2
4,1471711097,1471711100,3
4,1471711102,1471711105,3
4,1471711105,1471711112,7
1,1471711109,1471711111,2
1,1471711129,1471711131,2
4,1471711132,1471711134,2
4,1471711134,1471711138,4
4,1471711138,1471711142,4
1,1471711139,1471711144,5
1,1471711155,1471711158,3
4,1471711159,1471711199,40
1,1471711165,1471711187,22
1,1471711192,1471711202,10
1,1471711207,1471711214,7
1,1471711218,1471711242,24
4,1471711228,1471711236,8
4,1471711236,1471711246,10
4,1471711248,1471711283,35
1,1471711249,1471711256,7
1,1471711280,1471711293,13
1,1471711300,1471711302,2
4,1471711305,1471711307,2
10,1471711306,1471711307,1
4,1471711307,1471711309,2
4,1471711310,1471711314,4
10,1471711312,1471711314,2
4,1471711314,1471711316,2
4,1471711317,1471711321,4
10,1471711319,1471711321,2
4,1471711321,1471711324,3
10,1471711323,1471711324,1
4,1471711324,1471711327,3
4,1471711328,1471711331,3
1,1471711336,1471711337,1
4,1471711339,1471711345,6
1,1471711341,1471711353,12
4,1471711351,1471711355,4
4,1471711355,1471711359,4
1,1471711357,1471711359,2
4,1471711360,1471711364,4
10,1471711360,1471711361,1
10,1471711362,1471711364,2
4,1471711364,1471711369,5
4,1471711369,1471711372,3
4,1471711372,1471711377,5
1,1471711374,1471711376,2
4,1471711377,1471711380,3
4,1471711380,1471711382,2
4,1471711383,1471711392,9
4,1471711392,1471711394,2
1,1471711396,1471711410,14
4,1471711398,1471711403,5
4,1471711405,1471711413,8
4,1471711414,1471711416,2
1,1471711416,1471711418,2
4,1471711418,1471711420,2
4,1471711420,1471711423,3
4,1471711423,1471711425,2
4,1471711426,1471711436,10
10,1471711428,1471711436,8
4,1471711436,1471711439,3
4,1471711439,1471711442,3
1,1471711442,1471711444,2
4,1471711445,1471711460,15
1,1471711458,1471711463,5
4,1471711464,1471711477,13
4,1471711479,1471711488,9
1,1471711485,1471711487,2
4,1471711490,1471711494,4
1,1471711491,1471711494,3
4,1471711494,1471711503,9
1,1471711499,1471711514,15
4,1471711505,1471711512,7
4,1471711514,1471711517,3
10,1471711516,1471711517,1
4,1471711517,1471711522,5
4,1471711522,1471711532,10
1,1471711528,1471711531,3
4,1471711532,1471711534,2
4,1471711534,1471711536,2
4,1471711537,1471711539,2
4,1471711539,1471711548,9
4,1471711549,1471711551,2
4,1471711552,1471711555,3
4,1471711555,1471711557,2
4,1471711557,1471711559,2
4,1471711561,1471711563,2
4,1471711564,1471711567,3
4,1471711568,1471711571,3
4,1471711571,1471711573,2
4,1471711573,1471711575,2
10,1471711574,1471711575,1
4,1471711575,1471711578,3
4,1471711578,1471711589,11
1,1471711581,1471711596,15
4,1471711590,1471711594,4
4,1471711598,1471711601,3
1,1471711602,1471711605,3
4,1471711608,1471711621,13
1,1471711619,1471711620,1
4,1471711624,1471711648,24
1,1471711625,1471711645,20
4,1471711648,1471711651,3
10,1471711649,1471711651,2
4,1471711651,1471711653,2
4,1471711653,1471711678,25
1,1471711656,1471711660,4
1,1471711671,1471711685,14
1,1471711689,1471711696,7
4,1471711693,1471711750,57
1,1471711701,1471711709,8
5,1471711705,1471711707,2
1,1471711722,1471711723,1
1,1471711739,1471711751,12
4,1471711752,1471711757,5
10,1471711753,1471711757,4
4,1471711757,1471711762,5
1,1471711759,1471711761,2
4,1471711762,1471711824,62
1,1471711764,1471711766,2
1,1471711771,1471711786,15
1,1471711790,1471711795,5
1,1471711800,1471711807,7
1,1471711815,1471711852,37
4,1471711832,1471711835,3
4,1471711849,1471711853,4
4,1471711853,1471711856,3
4,1471711856,1471711858,2
4,1471711858,1471711860,2
4,1471711860,1471711862,2
4,1471711862,1471711867,5
4,1471711868,1471711876,8
10,1471711869,1471711872,3
4,1471711876,1471711880,4
10,1471711877,1471711878,1
4,1471711880,1471711883,3
4,1471711883,1471711885,2
10,1471711883,1471711885,2
4,1471711886,1471711891,5
1,1471711887,1471711896,9
4,1471711892,1471711897,5
4,1471711898,1471711901,3
10,1471711899,1471711901,2
4,1471711901,1471711905,4
4,1471711905,1471711913,8
1,1471711941,1471711956,15
1,1471711964,1471711973,9
1,1471711980,1471711984,4
4,1471711986,1471712122,136
1,1471711987,1471712008,21
5,1471712003,1471712005,2
1,1471712018,1471712029,11
5,1471712029,1471712038,9
1,1471712039,1471712046,7
5,1471712046,1471712055,9
1,1471712055,1471712061,6
5,1471712061,1471712068,7
1,1471712082,1471712085,3
5,1471712085,1471712089,4
1,1471712090,1471712100,10
5,1471712094,1471712096,2
1,1471712105,1471712118,13
4,1471712122,1471712130,8
1,1471712129,1471712142,13
4,1471712130,1471716522,4392
1,1471712153,1471712157,4
1,1471712162,1471712166,4
1,1471712170,1471712173,3
1,1471716497,1471716502,5
1,1471716505,1471716513,8
4,1471716522,1471716541,19
1,1471716523,1471716533,10
4,1471716541,1471716547,6
1,1471716542,1471716544,2
4,1471716547,1471716565,18
1,1471716548,1471716559,11
1,1471716563,1471716572,9
4,1471716565,1471716574,9
1,1471716576,1471716601,25
4,1471716589,1471716594,5
4,1471716594,1471716605,11
4,1471716605,1471716614,9
1,1471716606,1471716611,5
1,1471716618,1471716633,15
4,1471716621,1471716641,20
1,1471716636,1471716672,36
4,1471716641,1471716652,11
4,1471716652,1471716662,10
1,1471716683,1471716703,20
4,1471716696,1471716708,12
4,1471716709,1471716711,2
4,1471716711,1471716718,7
1,1471716712,1471716766,54
4,1471716718,1471716722,4
4,1471716722,1471716729,7
4,1471716733,1471716738,5
10,1471716756,1471716758,2
4,1471716760,1471716764,4
10,1471716762,1471716764,2
4,1471716769,1471716787,18
1,1471716771,1471716774,3
1,1471716782,1471716784,2
1,1471716789,1471716792,3
4,1471716793,1471716800,7
1,1471716796,1471716875,79
4,1471716800,1471716803,3
10,1471716801,1471716803,2
4,1471716807,1471716815,8
4,1471716819,1471716823,4
4,1471716826,1471716836,10
4,1471716850,1471716861,11
4,1471716868,1471716872,4
4,1471716878,1471716885,7
1,1471716879,1471716882,3
1,1471716885,1471716890,5
4,1471716885,1471716892,7
4,1471716892,1471716915,23
1,1471716895,1471716914,19
1,1471716919,1471716931,12
4,1471716925,1471716937,12
4,1471716937,1471716976,39
1,1471716941,1471716950,9
1,1471716954,1471716958,4
1,1471716963,1471716965,2
1,1471716968,1471716998,30
4,1471716981,1471716986,5
4,1471716990,1471717001,11
1,1471717002,1471717005,3
1,1471717008,1471717017,9
4,1471717018,1471717021,3
1,1471717021,1471717025,4
4,1471717025,1471717036,11
1,1471717028,1471717033,5
1,1471717038,1471717040,2
4,1471717041,1471717170,129
1,1471717152,1471717159,7
1,1471717162,1471717179,17
4,1471717173,1471717189,16
10,1471717176,1471717179,3
1,1471717186,1471717244,58
4,1471717189,1471717196,7
4,1471717202,1471717206,4
4,1471717207,1471717209,2
4,1471717209,1471717212,3
4,1471717212,1471717216,4
4,1471717222,1471717226,4
4,1471717226,1471717230,4
4,1471717230,1471717232,2
4,1471717233,1471717236,3
4,1471717236,1471717254,18
1,1471717248,1471717261,13
4,1471717257,1471717345,88
1,1471717265,1471717300,35
5,1471717290,1471717292,2
1,1471717323,1471717333,10
1,1471717336,1471717374,38
4,1471717348,1471717358,10
4,1471717358,1471717362,4
10,1471717362,1471717364,2
4,1471717374,1471717376,2
4,1471717376,1471717378,2
1,1471717377,1471717389,12
4,1471717379,1471717381,2
4,1471717382,1471717385,3
4,1471717386,1471717388,2
4,1471717388,1471717392,4
4,1471717392,1471717478,86
1,1471717399,1471717401,2
1,1471717421,1471717427,6
1,1471717451,1471717457,6
1,1471717471,1471717477,6
4,1471717480,1471717483,3
4,1471717483,1471717486,3
4,1471717486,1471717490,4
4,1471717491,1471717493,2
4,1471717493,1471717498,5
4,1471717498,1471717500,2
4,1471717500,1471717507,7
1,1471717502,1471717512,10
4,1471717507,1471717515,8
4,1471717515,1471717518,3
1,1471717516,1471717527,11
4,1471717520,1471717524,4
4,1471717525,1471717531,6
4,1471717532,1471717541,9
1,1471717535,1471717544,9
4,1471717542,1471717545,3
4,1471717545,1471717547,2
4,1471717548,1471717558,10
1,1471717550,1471717556,6
4,1471717560,1471717568,8
4,1471717568,1471717570,2
4,1471717570,1471717575,5
10,1471717571,1471717572,1
1,1471717573,1471717582,9
4,1471717576,1471717580,4
4,1471717580,1471717583,3
4,1471717583,1471717586,3
4,1471717588,1471717590,2
4,1471717590,1471717601,11
1,1471717596,1471717607,11
4,1471717606,1471717609,3
4,1471717609,1471717614,5
1,1471717610,1471717613,3
1,1471717634,1471717644,10
4,1471717637,1471717645,8
1,1471717647,1471717658,11
4,1471717650,1471717653,3
1,1471717662,1471717663,1
1,1471717671,1471717681,10
4,1471717678,1471717689,11
4,1471717689,1471717697,8
1,1471717690,1471717696,6
4,1471717698,1471717717,19
1,1471717708,1471717709,1
4,1471717717,1471717749,32
1,1471717729,1471717740,11
1,1471717745,1471717756,11
4,1471717749,1471717776,27
1,1471717768,1471717780,12
4,1471717776,1471717784,8
4,1471717784,1471717814,30
1,1471717788,1471717796,8
1,1471717801,1471717813,12
4,1471717814,1471717849,35
1,1471717821,1471717828,7
1,1471717833,1471717838,5
1,1471717845,1471717847,2
4,1471717849,1471717879,30
1,1471717853,1471717880,27
4,1471717879,1471717883,4
4,1471717883,1471717901,18
1,1471717884,1471717897,13
4,1471717901,1471717993,92
1,1471717902,1471717990,88
4,1471717993,1471717997,4
10,1471717994,1471717997,3
4,1471717997,1471718001,4
1,1471717998,1471717999,1
4,1471718001,1471718003,2
10,1471718002,1471718003,1
10,1471718003,1471718006,3
4,1471718006,1471718029,23
1,1471718025,1471718037,12
4,1471718030,1471718033,3
4,1471718034,1471718039,5
1,1471718040,1471718051,11
4,1471718057,1471718074,17
1,1471718059,1471718064,5
1,1471718067,1471718084,17
4,1471718074,1471718078,4
4,1471718085,1471718087,2
4,1471718092,1471718104,12
1,1471718101,1471718105,4
4,1471718104,1471718112,8
1,1471718112,1471718119,7
4,1471718121,1471718123,2
4,1471718123,1471718144,21
1,1471718137,1471718143,6
4,1471718144,1471718146,2
4,1471718146,1471718160,14
1,1471718148,1471718157,9
4,1471718161,1471718164,3
10,1471718161,1471718164,3
4,1471718164,1471718168,4
10,1471718164,1471718168,4
4,1471718169,1471718185,16
1,1471718171,1471718179,8
10,1471718177,1471718179,2
10,1471718179,1471718183,4
10,1471718184,1471718185,1
4,1471718185,1471718189,4
4,1471718189,1471718198,9
10,1471718191,1471718192,1
1,1471718194,1471718202,8
4,1471718198,1471718200,2
4,1471718201,1471718222,21
1,1471718206,1471718225,19
4,1471718222,1471718258,36
1,1471718228,1471718237,9
1,1471718246,1471718257,11
4,1471718258,1471718260,2
4,1471718260,1471718280,20
1,1471718262,1471718264,2
10,1471718264,1471718267,3
1,1471718267,1471718292,25
4,1471718283,1471718286,3
4,1471718286,1471718288,2
4,1471718289,1471718291,2
10,1471718294,1471718295,1
4,1471718295,1471718300,5
1,1471718296,1471718321,25
4,1471718302,1471718309,7
4,1471718311,1471718314,3
4,1471718317,1471718351,34
1,1471718328,1471718342,14
1,1471718345,1471718385,40
4,1471718351,1471718361,10
10,1471718352,1471718353,1
10,1471718355,1471718358,3
10,1471718358,1471718359,1
10,1471718359,1471718361,2
4,1471718361,1471718373,12
4,1471718380,1471718413,33
1,1471718403,1471718413,10
1,1471718416,1471718430,14
1,1471718434,1471718443,9
4,1471718439,1471718448,9
1,1471718450,1471718458,8
4,1471718457,1471718478,21
10,1471718465,1471718471,6
1,1471718467,1471718477,10
4,1471718479,1471718485,6
10,1471718482,1471718485,3
1,1471718482,1471718486,4
4,1471718485,1471718487,2
4,1471718488,1471718556,68
1,1471718489,1471718494,5
1,1471718498,1471718511,13
10,1471718498,1471718501,3
1,1471718521,1471718534,13
1,1471718539,1471718545,6
1,1471718551,1471718553,2
4,1471718556,1471718560,4
10,1471718558,1471718560,2
10,1471718560,1471718562,2
4,1471718562,1471718565,3
4,1471718565,1471718568,3
10,1471718566,1471718568,2
4,1471718568,1471718585,17
1,1471718569,1471718572,3
1,1471718582,1471718584,2
4,1471718585,1471718595,10
1,1471718588,1471718590,2
4,1471718595,1471718602,7
10,1471718602,1471718604,2
1,1471718603,1471718613,10
4,1471718608,1471718614,6
4,1471718614,1471718616,2
4,1471718616,1471718618,2
4,1471718618,1471718621,3
4,1471718621,1471718624,3
10,1471718622,1471718624,2
4,1471718624,1471718627,3
4,1471718627,1471718630,3
4,1471718630,1471718632,2
4,1471718632,1471718643,11
1,1471718633,1471718639,6
4,1471718643,1471718648,5
1,1471718646,1471718647,1
4,1471718648,1471718658,10
1,1471718655,1471718668,13
10,1471718670,1471718672,2
1,1471718673,1471718676,3
4,1471718677,1471718679,2
10,1471718678,1471718679,1
4,1471718679,1471718682,3
4,1471718682,1471718685,3
10,1471718683,1471718685,2
4,1471718685,1471718708,23
1,1471718688,1471718693,5
1,1471718699,1471718707,8
4,1471718708,1471718711,3
10,1471718709,1471718711,2
4,1471718711,1471718715,4
1,1471718712,1471718725,13
4,1471718716,1471718733,17
1,1471718729,1471718732,3
4,1471718733,1471718735,2
4,1471718735,1471718744,9
1,1471718737,1471718741,4
1,1471718750,1471718756,6
1,1471718776,1471718779,3
4,1471718780,1471718783,3
10,1471718781,1471718782,1
4,1471718783,1471718795,12
1,1471718789,1471718790,1
4,1471718795,1471718801,6
1,1471718796,1471718798,2
4,1471718801,1471718997,196
1,1471718803,1471718805,2
1,1471718829,1471718834,5
1,1471718857,1471718868,11
1,1471718873,1471718877,4
1,1471718880,1471718889,9
5,1471718884,1471718885,1
1,1471718892,1471718900,8
1,1471718905,1471718920,15
5,1471718916,1471718918,2
1,1471718927,1471718981,54
5,1471718935,1471718937,2
5,1471718943,1471718944,1
5,1471718954,1471718957,3
5,1471718972,1471718973,1
5,1471718981,1471718986,5
1,1471718987,1471719013,26
5,1471719013,1471719019,6
1,1471719019,1471719023,4
4,1471719020,1471719047,27
1,1471719031,1471719036,5
5,1471719036,1471719046,10
1,1471719049,1471719053,4
4,1471719057,1471719089,32
1,1471719061,1471719066,5
1,1471719069,1471719080,11
5,1471719080,1471719088,8
1,1471719089,1471719101,12
5,1471719101,1471719105,4
1,1471719106,1471719119,13
4,1471719108,1471719120,12
4,1471719120,1471719160,40
1,1471719131,1471719137,6
1,1471719142,1471719148,6
5,1471719148,1471719157,9
1,1471719163,1471719185,22
1,1471719190,1471719205,15
5,1471719202,1471719204,2
1,1471719208,1471719220,12
5,1471719220,1471719225,5
1,1471719226,1471719244,18
5,1471719235,1471719237,2
5,1471719244,1471719250,6
1,1471719250,1471719258,8
5,1471719258,1471719264,6
1,1471719265,1471719274,9
1,1471719278,1471719282,4
1,1471719286,1471719295,9
1,1471719298,1471719302,4
1,1471719312,1471719314,2
4,1471719319,1471719325,6
1,1471719320,1471719329,9
4,1471719332,1471719368,36
1,1471719337,1471719339,2
1,1471719342,1471719349,7
1,1471719364,1471719380,16
4,1471719368,1471719381,13
4,1471719381,1471719498,117
1,1471719383,1471719392,9
5,1471719392,1471719399,7
1,1471719400,1471719411,11
5,1471719411,1471719417,6
1,1471719417,1471719431,14
5,1471719432,1471719437,5
1,1471719442,1471719456,14
1,1471719461,1471719488,27
1,1471719491,1471719528,37
4,1471719501,1471719503,2
4,1471719506,1471719508,2
4,1471719510,1471719529,19
4,1471719529,1471719536,7
1,1471719532,1471719660,128
4,1471719540,1471719544,4
4,1471719544,1471719548,4
4,1471719559,1471719564,5
4,1471719564,1471719568,4
4,1471719568,1471719572,4
4,1471719572,1471719575,3
4,1471719575,1471719579,4
4,1471719582,1471719621,39
4,1471719623,1471719625,2
4,1471719639,1471719684,45
1,1471719678,1471719684,6
4,1471719685,1471719695,10
10,1471719687,1471719688,1
1,1471719690,1471719692,2
4,1471719695,1471719709,14
1,1471719696,1471719709,13
4,1471719710,1471719740,30
1,1471719712,1471719797,85
4,1471719741,1471719804,63
1,1471719800,1471719808,8
4,1471719811,1471719836,25
1,1471719812,1471719816,4
1,1471719819,1471719828,9
1,1471719832,1471719845,13
1,1471719848,1471719852,4
1,1471719857,1471719861,4
1,1471719867,1471719870,3
1,1471719874,1471719878,4
1,1471719881,1471719887,6
1,1471719891,1471719897,6
1,1471719902,1471719910,8
1,1471719914,1471719932,18
4,1471719935,1471719975,40
1,1471719941,1471719947,6
1,1471719951,1471719955,4
1,1471719961,1471719965,4
1,1471719970,1471719974,4
4,1471719979,1471719985,6
1,1471719980,1471719984,4
4,1471719989,1471719995,6
1,1471719989,1471719994,5
4,1471719998,1471720003,5
1,1471719998,1471720002,4
1,1471720007,1471720011,4
4,1471720007,1471720014,7
1,1471720014,1471720021,7
4,1471720014,1471720024,10
4,1471720024,1471720032,8
1,1471720027,1471720030,3
4,1471720032,1471720062,30
1,1471720033,1471720037,4
1,1471720043,1471720047,4
1,1471720052,1471720059,7
4,1471720062,1471720070,8
1,1471720064,1471720067,3
4,1471720070,1471720079,9
1,1471720072,1471720076,4
4,1471720080,1471720089,9
1,1471720081,1471720085,4
4,1471720089,1471720098,9
1,1471720090,1471720094,4
4,1471720098,1471727808,7710
1,1471720100,1471720102,2
1,1471720110,1471720124,14
1,1471720416,1471720419,3
1,1471720747,1471720755,8
1,1471720761,1471720763,2
1,1471721389,1471721391,2
1,1471727798,1471727807,9
4,1471727808,1471727814,6
1,1471727811,1471727818,7
4,1471727814,1471727827,13
1,1471727829,1471727841,12
4,1471727841,1471727848,7
4,1471727848,1471727878,30
1,1471727864,1471727867,3
1,1471727872,1471727878,6
4,1471727878,1471727881,3
4,1471727881,1471727883,2
4,1471727884,1471727886,2
4,1471727886,1471727888,2
4,1471727888,1471727890,2
4,1471727890,1471727893,3
4,1471727893,1471727895,2
4,1471727895,1471727897,2
4,1471727897,1471727899,2
4,1471727900,1471727902,2
4,1471727902,1471727905,3
4,1471727905,1471727907,2
4,1471727908,1471727911,3
4,1471727911,1471727913,2
4,1471727913,1471727915,2
10,1471727914,1471727915,1
4,1471727915,1471727921,6
4,1471727924,1471727928,4
10,1471727925,1471727926,1
4,1471727928,1471727937,9
10,1471727934,1471727937,3
4,1471727938,1471727940,2
10,1471727938,1471727940,2
4,1471727940,1471727942,2
4,1471727942,1471727948,6
10,1471727945,1471727948,3
4,1471727948,1471727952,4
4,1471727952,1471727959,7
1,1471727957,1471727959,2
4,1471727959,1471727961,2
4,1471727961,1471727963,2
4,1471727964,1471727966,2
4,1471727966,1471727969,3
4,1471727969,1471727974,5
1,1471727971,1471727977,6
4,1471727975,1471727986,11
4,1471727986,1471727990,4
1,1471727988,1471727990,2
4,1471727991,1471727994,3
10,1471727992,1471727994,2
4,1471727995,1471728001,6
10,1471727996,1471728001,5
4,1471728001,1471728005,4
4,1471728006,1471728009,3
4,1471728009,1471728011,2
10,1471728010,1471728011,1
4,1471728011,1471728014,3
4,1471728015,1471728018,3
4,1471728018,1471728020,2
4,1471728021,1471728057,36
1,1471728028,1471728035,7
1,1471728043,1471728051,8
4,1471728057,1471728066,9
10,1471728065,1471728066,1
4,1471728066,1471728072,6
4,1471728073,1471728078,5
1,1471728074,1471728077,3
1,1471728259,1471728263,4
6,1471728284,1471728286,2
4,1471728336,1471728339,3
1,1471728364,1471728367,3
1,1471728381,1471728384,3
1,1471728774,1471728777,3
1,1471728780,1471728784,4
6,1471728846,1471728848,2
1,1471728849,1471728857,8
1,1471728877,1471728884,7
1,1471728902,1471728904,2
1,1471728913,1471728924,11
4,1471728926,1471728929,3
1,1471728927,1471728937,10
4,1471728931,1471728965,34
10,1471728932,1471728934,2
1,1471728942,1471728945,3
1,1471728951,1471728964,13
4,1471728965,1471728967,2
4,1471728967,1471729091,124
1,1471728981,1471728984,3
1,1471728987,1471728990,3
1,1471729008,1471729049,41
14,1471729023,1471729026,3
14,1471729035,1471729037,2
1,1471729053,1471729056,3
1,1471729060,1471729080,20
1,1471729085,1471729090,5
4,1471729091,1471729093,2
4,1471729094,1471729096,2
4,1471729097,1471729101,4
10,1471729097,1471729098,1
4,1471729101,1471729105,4
1,1471729115,1471729124,9
1,1471729127,1471729131,4
1,1471729163,1471729181,18
4,1471729178,1471729182,4
4,1471729182,1471729189,7
10,1471729183,1471729186,3
1,1471729184,1471729189,5
4,1471729190,1471729192,2
4,1471729193,1471729197,4
1,1471729195,1471729201,6
4,1471729198,1471729201,3
4,1471729201,1471729204,3
4,1471729204,1471729208,4
1,1471729204,1471729206,2
4,1471729208,1471729302,94
1,1471729210,1471729230,20
14,1471729216,1471729224,8
1,1471729240,1471729254,14
1,1471729260,1471729263,3
1,1471729273,1471729278,5
1,1471729285,1471729299,14
14,1471729299,1471729402,103
11,1471729301,1471729307,6
4,1471729304,1471729308,4
1,1471729305,1471729327,22
11,1471729307,1471729402,95
1,1471729333,1471729338,5
1,1471729342,1471729344,2
1,1471729353,1471729356,3
1,1471729365,1471729368,3
1,1471729372,1471729373,1
4,1471729374,1471729377,3
10,1471729376,1471729377,1
4,1471729378,1471729381,3
4,1471729381,1471729386,5
1,1471729383,1471729389,6
4,1471729388,1471729390,2
4,1471729390,1471729392,2
1,1471729396,1471729405,9
4,1471729402,1471729439,37
14,1471729405,1471729410,5
1,1471729412,1471729416,4
1,1471729429,1471729438,9
10,1471729439,1471729440,1
4,1471729440,1471729445,5
10,1471729441,1471729445,4
4,1471729445,1471729593,148
1,1471729455,1471729462,7
1,1471729550,1471729592,42
14,1471729568,1471729574,6
4,1471729593,1471729596,3
4,1471729597,1471729600,3
4,1471729600,1471729671,71
1,1471729606,1471729615,9
1,1471729619,1471729649,30
14,1471729632,1471729638,6
1,1471729668,1471729669,1
4,1471729671,1471729673,2
4,1471729673,1471729675,2
4,1471729676,1471729678,2
4,1471729678,1471729684,6
1,1471729680,1471729682,2
4,1471729684,1471729687,3
4,1471729688,1471729691,3
4,1471729691,1471729694,3
4,1471729695,1471729712,17
4,1471729712,1471729716,4
10,1471729712,1471729716,4
4,1471729717,1471729729,12
1,1471729723,1471729728,5
4,1471729731,1471729831,100
1,1471729738,1471729742,4
14,1471729741,1471729747,6
1,1471729748,1471729750,2
1,1471729758,1471729759,1
1,1471729765,1471729769,4
1,1471729785,1471729794,9
1,1471729805,1471729843,38
4,1471729831,1471729837,6
4,1471729838,1471729842,4
4,1471729846,1471729856,10
10,1471729847,1471729852,5
1,1471729853,1471729860,7
4,1471729859,1471729861,2
4,1471729861,1471729864,3
10,1471729861,1471729862,1
4,1471729864,1471729877,13
10,1471729865,1471729876,11
1,1471729875,1471729876,1
4,1471729877,1471729879,2
4,1471729879,1471729889,10
10,1471729880,1471729881,1
1,1471729885,1471729893,8
4,1471729889,1471729894,5
4,1471729894,1471729898,4
10,1471729895,1471729897,2
1,1471729896,1471729905,9
4,1471729898,1471729905,7
10,1471729899,1471729904,5
4,1471729905,1471729908,3
4,1471729908,1471729911,3
4,1471729911,1471729916,5
1,1471729914,1471729915,1
4,1471729916,1471729918,2
1,1471729919,1471729925,6
4,1471729926,1471729942,16
10,1471729927,1471729931,4
1,1471729928,1471729934,6
1,1471729940,1471729941,1
4,1471729944,1471729968,24
10,1471729945,1471729946,1
1,1471729947,1471729970,23
4,1471729970,1471729978,8
1,1471729975,1471729981,6
4,1471729982,1471729984,2
4,1471729984,1471729986,2
4,1471729999,1471730007,8
1,1471730004,1471730005,1
4,1471730007,1471730010,3
4,1471730010,1471730012,2
4,1471730012,1471730014,2
4,1471730015,1471730017,2
4,1471730017,1471730020,3
4,1471730020,1471730037,17
1,1471730031,1471730036,5
4,1471730037,1471730039,2
4,1471730039,1471730043,4
10,1471730041,1471730042,1
4,1471730043,1471730045,2
4,1471730045,1471730048,3
4,1471730048,1471730051,3
4,1471730051,1471730055,4
1,1471730052,1471730057,5
4,1471730055,1471730057,2
4,1471730058,1471730062,4
4,1471730062,1471730068,6
1,1471730065,1471730083,18
4,1471730080,1471730082,2
4,1471730084,1471730086,2
4,1471730086,1471730088,2
4,1471730089,1471730097,8
10,1471730089,1471730095,6
1,1471730090,1471730096,6
4,1471730099,1471730102,3
1,1471730100,1471730104,4
1,1471730125,1471730133,8
4,1471730132,1471730135,3
4,1471730135,1471730140,5
1,1471730137,1471730151,14
4,1471730140,1471730143,3
4,1471730144,1471730148,4
4,1471730148,1471730152,4
4,1471730152,1471730154,2
4,1471730155,1471730162,7
10,1471730155,1471730156,1
1,1471730157,1471730161,4
4,1471730162,1471730167,5
10,1471730167,1471730173,6
4,1471730173,1471730175,2
4,1471730175,1471730178,3
4,1471730178,1471730181,3
4,1471730181,1471730188,7
1,1471730183,1471730187,4
4,1471730188,1471730201,13
1,1471730196,1471730200,4
4,1471730202,1471730205,3
10,1471730203,1471730205,2
4,1471730205,1471730207,2
4,1471730207,1471730210,3
4,1471730210,1471730212,2
4,1471730212,1471730221,9
1,1471730217,1471730221,4
4,1471730222,1471730224,2
4,1471730224,1471730226,2
4,1471730231,1471730234,3
1,1471730232,1471730245,13
4,1471730236,1471730241,5
4,1471730246,1471730248,2
4,1471730249,1471730253,4
1,1471730251,1471730252,1
4,1471730253,1471730257,4
4,1471730259,1471730266,7
1,1471730261,1471730284,23
4,1471730266,1471730274,8
4,1471730275,1471730284,9
4,1471730284,1471730287,3
10,1471730285,1471730287,2
4,1471730287,1471730289,2
1,1471730293,1471730301,8
1,1471730305,1471730316,11
4,1471730313,1471730317,4
4,1471730317,1471730320,3
4,1471730320,1471730322,2
1,1471730320,1471730322,2
4,1471730322,1471730324,2
4,1471730325,1471730330,5
1,1471730327,1471730335,8
4,1471730330,1471730335,5
4,1471730336,1471730356,20
1,1471730351,1471730352,1
1,1471730355,1471730361,6
4,1471730356,1471730359,3
4,1471730359,1471730362,3
1,1471730364,1471730366,2
4,1471730368,1471730409,41
1,1471730385,1471730387,2
1,1471730393,1471730413,20
4,1471730409,1471730414,5
4,1471730417,1471730420,3
4,1471730420,1471730423,3
4,1471730423,1471730425,2
4,1471730425,1471730444,19
1,1471730428,1471730437,9
1,1471730442,1471730443,1
4,1471730444,1471730447,3
10,1471730445,1471730447,2
4,1471730447,1471730450,3
4,1471730451,1471730453,2
4,1471730453,1471730462,9
4,1471730462,1471730464,2
4,1471730465,1471730473,8
1,1471730470,1471730472,2
4,1471730474,1471730476,2
4,1471730476,1471730490,14
1,1471730479,1471730481,2
1,1471730487,1471730492,5
4,1471730490,1471730493,3
4,1471730493,1471730521,28
1,1471730500,1471730503,3
1,1471730512,1471730523,11
4,1471730521,1471730524,3
4,1471730524,1471730526,2
4,1471730527,1471730571,44
1,1471730569,1471730571,2
4,1471730572,1471730574,2
4,1471730574,1471730579,5
10,1471730576,1471730578,2
4,1471730579,1471730581,2
10,1471730580,1471730581,1
4,1471730581,1471730584,3
4,1471730584,1471730586,2
4,1471730586,1471730589,3
4,1471730590,1471730592,2
4,1471730592,1471730594,2
4,1471730595,1471730597,2
4,1471730597,1471730599,2
4,1471730599,1471730610,11
1,1471730604,1471730609,5
4,1471730610,1471730613,3
4,1471730616,1471730620,4
1,1471730625,1471730626,1
4,1471730627,1471730629,2
4,1471730630,1471730634,4
4,1471730636,1471730638,2
4,1471730638,1471730641,3
1,1471730639,1471730661,22
4,1471730641,1471730646,5
4,1471730647,1471730655,8
4,1471730656,1471730664,8
4,1471730664,1471730669,5
10,1471730664,1471730665,1
1,1471730667,1471730675,8
4,1471730676,1471730686,10
1,1471730680,1471730689,9
4,1471730686,1471730689,3
4,1471730689,1471730692,3
1,1471730693,1471730701,8
4,1471730696,1471730699,3
1,1471730743,1471730745,2
1,1471730753,1471730757,4
4,1471730758,1471730764,6
10,1471730760,1471730764,4
4,1471730764,1471730784,20
10,1471730764,1471730766,2
1,1471730768,1471730780,12
4,1471730784,1471730787,3
4,1471730788,1471730790,2
10,1471730789,1471730790,1
4,1471730790,1471730792,2
4,1471730792,1471730795,3
4,1471730795,1471730797,2
4,1471730797,1471730799,2
4,1471730799,1471730806,7
4,1471730810,1471730812,2
10,1471730810,1471730812,2
4,1471730816,1471730857,41
1,1471730820,1471730828,8
1,1471730832,1471730836,4
1,1471730840,1471730853,13
4,1471730857,1471730874,17
4,1471730874,1471730876,2
10,1471730877,1471730878,1
4,1471730878,1471730880,2
4,1471730880,1471730885,5
4,1471730885,1471730887,2
1,1471730892,1471730894,2
10,1471730895,1471730898,3
10,1471730898,1471730900,2
4,1471730900,1471730915,15
1,1471730904,1471730914,10
10,1471730906,1471730912,6
4,1471730915,1471730919,4
4,1471730921,1471730924,3
10,1471730923,1471730924,1
10,1471730925,1471730940,15
4,1471730940,1471730942,2
4,1471730942,1471730948,6
4,1471730948,1471730951,3
10,1471730949,1471730951,2
4,1471730951,1471730953,2
1,1471730955,1471730958,3
4,1471730958,1471730961,3
4,1471730961,1471730966,5
1,1471730968,1471730970,2
4,1471730971,1471730974,3
4,1471730974,1471730982,8
1,1471730980,1471730981,1
4,1471730982,1471730984,2
4,1471730984,1471730991,7
10,1471730985,1471730986,1
1,1471730987,1471730995,8
4,1471731007,1471731039,32
1,1471731009,1471731017,8
10,1471731018,1471731036,18
1,1471731037,1471731038,1
4,1471731039,1471731044,5
1,1471731041,1471731044,3
4,1471731046,1471731048,2
10,1471731046,1471731047,1
4,1471731048,1471731052,4
4,1471731052,1471731065,13
1,1471731056,1471731065,9
10,1471731066,1471731071,5
1,1471731071,1471731073,2
4,1471731073,1471731078,5
10,1471731075,1471731078,3
4,1471731078,1471731081,3
4,1471731082,1471731084,2
4,1471731084,1471731091,7
1,1471731094,1471731100,6
4,1471731101,1471731109,8
1,1471731104,1471731125,21
4,1471731110,1471731118,8
4,1471731118,1471731121,3
4,1471731121,1471731126,5
4,1471731126,1471731128,2
4,1471731129,1471731133,4
4,1471731133,1471731161,28
10,1471731134,1471731137,3
1,1471731137,1471731145,8
1,1471731149,1471731151,2
1,1471731155,1471731160,5
4,1471731161,1471731165,4
4,1471731168,1471731171,3
1,1471731168,1471731170,2
4,1471731171,1471731173,2
4,1471731173,1471731175,2
4,1471731175,1471731184,9
1,1471731177,1471731183,6
4,1471731184,1471731190,6
1,1471731187,1471731205,18
4,1471731193,1471731198,5
4,1471731205,1471731210,5
4,1471731212,1471731226,14
1,1471731215,1471731216,1
1,1471731222,1471731223,1
4,1471731227,1471731230,3
4,1471731230,1471731244,14
1,1471731231,1471731234,3
1,1471731239,1471731243,4
4,1471731244,1471731247,3
4,1471731247,1471731250,3
4,1471731251,1471731258,7
1,1471731253,1471731258,5
10,1471731259,1471731262,3
4,1471731262,1471731278,16
1,1471731267,1471731277,10
4,1471731278,1471731281,3
1,1471731282,1471731298,16
4,1471731299,1471731310,11
10,1471731300,1471731302,2
1,1471731303,1471731314,11
4,1471731314,1471731324,10
1,1471731317,1471731324,7
4,1471731325,1471731341,16
1,1471731327,1471731331,4
1,1471731334,1471731340,6
4,1471731342,1471731361,19
1,1471731348,1471731365,17
4,1471731361,1471731366,5
4,1471731366,1471731371,5
1,1471731369,1471731370,1
4,1471731371,1471731375,4
4,1471731375,1471731379,4
1,1471731376,1471731377,1
4,1471731379,1471731382,3
4,1471731384,1471731394,10
1,1471731391,1471731394,3
4,1471731395,1471731398,3
1,1471731402,1471731418,16
4,1471731411,1471731431,20
1,1471731422,1471731430,8
4,1471731431,1471731434,3
4,1471731434,1471731478,44
1,1471731440,1471731444,4
14,1471731443,1471731452,9
1,1471731464,1471731477,13
4,1471731480,1471731482,2
4,1471731483,1471731485,2
4,1471731485,1471731487,2
4,1471731487,1471731492,5
4,1471731492,1471731494,2
4,1471731495,1471731497,2
4,1471731497,1471731500,3
4,1471731502,1471731505,3
4,1471731505,1471731512,7
1,1471731508,1471731511,3
4,1471731513,1471731516,3
4,1471731516,1471731519,3
4,1471731519,1471731523,4
10,1471731521,1471731523,2
4,1471731523,1471731556,33
1,1471731528,1471731532,4
14,1471731532,1471731538,6
1,1471731551,1471731555,4
1,1471731559,1471731570,11
4,1471731572,1471731578,6
1,1471731574,1471731576,2
4,1471731578,1471731582,4
1,1471731579,1471731582,3
4,1471731583,1471731589,6
1,1471731586,1471731595,9
4,1471731590,1471731596,6
4,1471731597,1471731655,58
1,1471731605,1471731606,1
1,1471731628,1471731648,20
14,1471731647,1471731741,94
11,1471731654,1471731658,4
4,1471731655,1471731659,4
1,1471731656,1471731664,8
11,1471731658,1471731662,4
11,1471731662,1471731693,31
1,1471731668,1471731674,6
1,1471731690,1471731694,4
11,1471731693,1471731706,13
4,1471731693,1471731713,20
1,1471731706,1471731715,9
11,1471731706,1471731707,1
11,1471731707,1471731713,6
11,1471731713,1471731715,2
4,1471731714,1471731716,2
11,1471731716,1471731741,25
1,1471731733,1471731757,24
5,1471731739,1471731741,2
4,1471731741,1471731760,19
14,1471731757,1471731824,67
11,1471731759,1471731763,4
1,1471731760,1471731772,12
4,1471731761,1471731766,5
11,1471731763,1471731781,18
1,1471731778,1471731784,6
11,1471731781,1471731784,3
4,1471731782,1471731784,2
11,1471731784,1471731818,34
4,1471731785,1471731794,9
1,1471731790,1471731806,16
4,1471731796,1471731800,4
4,1471731806,1471731826,20
1,1471731824,1471731830,6
14,1471731827,1471731934,107
4,1471731837,1471731843,6
11,1471731840,1471731855,15
4,1471731844,1471731846,2
4,1471731846,1471731860,14
11,1471731855,1471731873,18
1,1471731856,1471731865,9
1,1471731871,1471731878,7
11,1471731873,1471731874,1
4,1471731873,1471731919,46
11,1471731877,1471731934,57
1,1471731888,1471731894,6
1,1471731907,1471731911,4
1,1471731915,1471731918,3
4,1471731920,1471731922,2
4,1471731924,1471731934,10
1,1471731924,1471731939,15
14,1471731938,1471731945,7
1,1471731945,1471731968,23
4,1471731969,1471731971,2
4,1471731973,1471731976,3
4,1471731976,1471731978,2
4,1471731979,1471732007,28
1,1471731981,1471731985,4
14,1471731984,1471731995,11
1,1471731993,1471731996,3
1,1471732001,1471732006,5
4,1471732007,1471732013,6
10,1471732009,1471732013,4
4,1471732013,1471732016,3
1,1471732014,1471732028,14
4,1471732017,1471732042,25
14,1471732026,1471732032,6
1,1471732034,1471732041,7
4,1471732042,1471732044,2
4,1471732044,1471732047,3
4,1471732048,1471732051,3
4,1471732051,1471732054,3
10,1471732053,1471732054,1
4,1471732054,1471732060,6
4,1471732060,1471732095,35
1,1471732062,1471732065,3
14,1471732065,1471732075,10
1,1471732077,1471732083,6
4,1471732095,1471732106,11
1,1471732103,1471732112,9
4,1471732106,1471732110,4
4,1471732113,1471732115,2
4,1471732118,1471732126,8
1,1471732123,1471732125,2
4,1471732127,1471732129,2
4,1471732130,1471732132,2
4,1471732132,1471732136,4
4,1471732136,1471732139,3
10,1471732138,1471732139,1
4,1471732139,1471732145,6
10,1471732141,1471732143,2
1,1471732143,1471732145,2
4,1471732145,1471732148,3
4,1471732148,1471732152,4
10,1471732149,1471732152,3
10,1471732152,1471732158,6
4,1471732158,1471732165,7
10,1471732159,1471732165,6
4,1471732165,1471732169,4
4,1471732169,1471732178,9
1,1471732176,1471732177,1
4,1471732178,1471732181,3
4,1471732194,1471732202,8
1,1471732195,1471732198,3
4,1471732202,1471732205,3
10,1471732202,1471732203,1
10,1471732203,1471732205,2
4,1471732205,1471732207,2
4,1471732207,1471732211,4
1,1471732222,1471732234,12
4,1471732232,1471732234,2
4,1471732235,1471732237,2
10,1471732236,1471732237,1
4,1471732238,1471732240,2
4,1471732240,1471732243,3
1,1471732241,1471732246,5
4,1471732243,1471732247,4
4,1471732248,1471732259,11
1,1471732254,1471732257,3
4,1471732259,1471732261,2
1,1471732263,1471732266,3
14,1471732265,1471732274,9
1,1471732275,1471732279,4
1,1471732282,1471732338,56
4,1471732339,1471732342,3
4,1471732342,1471732345,3
10,1471732344,1471732345,1
4,1471732345,1471732349,4
4,1471732349,1471732401,52
1,1471732353,1471732356,3
14,1471732356,1471732366,10
1,1471732361,1471732364,3
1,1471732369,1471732400,31
4,1471732401,1471732404,3
4,1471732404,1471732445,41
1,1471732406,1471732408,2
1,1471732421,1471732422,1
1,1471732429,1471732431,2
1,1471732442,1471732444,2
4,1471732445,1471732447,2
4,1471732448,1471732451,3
4,1471732451,1471732453,2
10,1471732452,1471732453,1
4,1471732453,1471732458,5
4,1471732459,1471732461,2
4,1471732461,1471732468,7
4,1471732468,1471732473,5
4,1471732474,1471732478,4
10,1471732475,1471732478,3
4,1471732478,1471732480,2
4,1471732482,1471732488,6
4,1471732488,1471732491,3
4,1471732491,1471732494,3
10,1471732491,1471732494,3
4,1471732494,1471732531,37
1,1471732528,1471732530,2
4,1471732531,1471732533,2
4,1471732533,1471732536,3
10,1471732533,1471732534,1
4,1471732536,1471732543,7
4,1471732543,1471732546,3
4,1471732546,1471732552,6
4,1471732553,1471732556,3
4,1471732556,1471732560,4
10,1471732557,1471732559,2
10,1471732560,1471732561,1
1,1471732562,1471732563,1
4,1471732566,1471732569,3
1,1471732570,1471732572,2
10,1471732572,1471732573,1
4,1471732573,1471732587,14
1,1471732582,1471732585,3
4,1471732587,1471732590,3
10,1471732589,1471732590,1
4,1471732590,1471732658,68
1,1471732604,1471732605,1
1,1471732615,1471732619,4
14,1471732618,1471732628,10
1,1471732639,1471732659,20
4,1471732660,1471732712,52
1,1471732663,1471732671,8
1,1471732693,1471732728,35
4,1471732725,1471732729,4
4,1471732729,1471732732,3
4,1471732732,1471732735,3
4,1471732735,1471732741,6
4,1471732741,1471732748,7
4,1471732751,1471732755,4
4,1471732756,1471732758,2
4,1471732758,1471732762,4
4,1471732762,1471732765,3
4,1471732769,1471732774,5
4,1471732781,1471732783,2
4,1471732783,1471732786,3
4,1471732786,1471732788,2
4,1471732788,1471732791,3
4,1471732792,1471732796,4
1,1471732793,1471732797,4
1,1471732805,1471732806,1
4,1471732807,1471732810,3
4,1471732810,1471732814,4
4,1471732814,1471732819,5
1,1471732817,1471732818,1
1,1471732822,1471732823,1
1,1471732826,1471732831,5
14,1471732830,1471732837,7
1,1471732838,1471732840,2
1,1471732844,1471732858,14
4,1471732856,1471732859,3
4,1471732860,1471732862,2
4,1471732862,1471732864,2
4,1471732865,1471732868,3
10,1471732867,1471732868,1
4,1471732868,1471732873,5
1,1471732869,1471732872,3
4,1471732873,1471732882,9
1,1471732877,1471732881,4
4,1471732882,1471732885,3
4,1471732885,1471732892,7
1,1471732887,1471732894,7
4,1471732892,1471732895,3
4,1471732896,1471732902,6
10,1471732898,1471732900,2
1,1471732898,1471732915,17
4,1471732902,1471732931,29
10,1471732904,1471732905,1
14,1471732911,1471732917,6
1,1471732919,1471732938,19
4,1471732936,1471732938,2
1,1471732942,1471732951,9
14,1471732947,1471732954,7
1,1471732955,1471732963,8
4,1471732963,1471732968,5
10,1471732965,1471732967,2
1,1471732969,1471732971,2
4,1471732971,1471732974,3
4,1471732975,1471732977,2
4,1471732977,1471732980,3
4,1471732981,1471732997,16
1,1471732983,1471733006,23
14,1471733005,1471733012,7
1,1471733014,1471733021,7
1,1471733025,1471733028,3
1,1471733031,1471733034,3
1,1471733037,1471733048,11
4,1471733047,1471733051,4
1,1471733056,1471733067,11
4,1471733066,1471733113,47
1,1471733073,1471733078,5
14,1471733077,1471733091,14
1,1471733092,1471733094,2
1,1471733098,1471733112,14
1,1471733119,1471733122,3
14,1471733122,1471733128,6
1,1471733127,1471733135,8
1,1471733147,1471733152,5
4,1471733153,1471733157,4
10,1471733154,1471733155,1
4,1471733158,1471733160,2
4,1471733160,1471733162,2
4,1471733162,1471733164,2
4,1471733164,1471733166,2
10,1471733165,1471733166,1
4,1471733167,1471733170,3
1,1471733171,1471733174,3
4,1471733176,1471733179,3
4,1471733179,1471733182,3
4,1471733182,1471733191,9
10,1471733183,1471733191,8
4,1471733191,1471733194,3
4,1471733194,1471733196,2
4,1471733196,1471733199,3
4,1471733200,1471733210,10
1,1471733202,1471733209,7
4,1471733211,1471733213,2
4,1471733214,1471733216,2
4,1471733216,1471733219,3
4,1471733219,1471733227,8
1,1471733224,1471733230,6
4,1471733253,1471733255,2
4,1471733255,1471733257,2
10,1471733256,1471733257,1
4,1471733258,1471733271,13
4,1471733273,1471733275,2
4,1471733275,1471733278,3
4,1471733278,1471733281,3
1,1471733281,1471733285,4
4,1471733284,1471733286,2
4,1471733286,1471733288,2
4,1471733288,1471733294,6
1,1471733290,1471733291,1
4,1471733294,1471733296,2
4,1471733296,1471733301,5
1,1471733299,1471733300,1
4,1471733301,1471733306,5
10,1471733303,1471733307,4
1,1471733307,1471733313,6
14,1471733311,1471733323,12
1,1471733320,1471733324,4
1,1471733338,1471733350,12
1,1471733370,1471733373,3
1,1471733377,1471733379,2
4,1471733380,1471733383,3
10,1471733382,1471733383,1
4,1471733383,1471733385,2
4,1471733385,1471733391,6
1,1471733388,1471733391,3
1,1471733394,1471733404,10
4,1471733395,1471733429,34
14,1471733407,1471733417,10
1,1471733418,1471733431,13
4,1471733430,1471733432,2
4,1471733432,1471733434,2
4,1471733434,1471733439,5
1,1471733437,1471733445,8
10,1471733437,1471733438,1
4,1471733443,1471733446,3
4,1471733446,1471733448,2
4,1471733448,1471733450,2
4,1471733456,1471733460,4
4,1471733465,1471733467,2
4,1471733470,1471733497,27
1,1471733474,1471733496,22
14,1471733477,1471733484,7
4,1471733497,1471733500,3
4,1471733500,1471733533,33
1,1471733506,1471733511,5
14,1471733509,1471733519,10
1,1471733522,1471733550,28
4,1471733533,1471733545,12
10,1471733534,1471733536,2
4,1471733551,1471733575,24
1,1471733554,1471733574,20
14,1471733557,1471733564,7
4,1471733575,1471733577,2
4,1471733577,1471733584,7
4,1471733584,1471733659,75
1,1471733588,1471733595,7
14,1471733593,1471733599,6
1,1471733600,1471733608,8
14,1471733605,1471733608,3
1,1471733642,1471733648,6
5,1471733649,1471733654,5
1,1471733655,1471733657,2
4,1471733659,1471733664,5
4,1471733664,1471733667,3
4,1471733668,1471733670,2
10,1471733669,1471733670,1
4,1471733671,1471733674,3
1,1471733681,1471733682,1
4,1471733684,1471733693,9
4,1471733693,1471733695,2
10,1471733694,1471733695,1
4,1471733695,1471733697,2
4,1471733697,1471733699,2
4,1471733700,1471733702,2
10,1471733700,1471733701,1
4,1471733702,1471733704,2
4,1471733704,1471733708,4
1,1471733705,1471733707,2
4,1471733709,1471733711,2
4,1471733711,1471733714,3
4,1471733714,1471733720,6
1,1471733717,1471733721,4
4,1471733722,1471733726,4
4,1471733726,1471733732,6
1,1471733729,1471733732,3
4,1471733733,1471733758,25
1,1471733744,1471733759,15
4,1471733760,1471733820,60
1,1471733763,1471733800,37
5,1471733791,1471733795,4
5,1471733800,1471733807,7
1,1471733808,1471733810,2
1,1471733814,1471733817,3
4,1471733820,1471733822,2
4,1471733822,1471733834,12
1,1471733824,1471733836,12
4,1471733834,1471733837,3
4,1471733837,1471733848,11
4,1471733848,1471733858,10
1,1471733856,1471733863,7
4,1471733860,1471733863,3
4,1471733866,1471733873,7
1,1471733867,1471733882,15
4,1471733873,1471733882,9
4,1471733884,1471733888,4
1,1471733886,1471733887,1
4,1471733888,1471733890,2
4,1471733890,1471733893,3
4,1471733894,1471733896,2
4,1471733896,1471733898,2
4,1471733898,1471733901,3
4,1471733901,1471733903,2
4,1471733903,1471775836,41933
1,1471733907,1471733917,10
14,1471733915,1471733924,9
1,1471733925,1471733930,5
1,1471733957,1471733980,23
1,1471733983,1471733986,3
1,1471733990,1471733992,2
1,1471733996,1471733998,2
1,1471734003,1471734007,4
1,1471734236,1471734245,9
1,1471734248,1471734297,49
1,1471735123,1471735128,5
1,1471775758,1471775762,4
1,1471775787,1471775835,48
4,1471775836,1471775841,5
4,1471775842,1471775845,3
4,1471775845,1471775974,129
1,1471775965,1471775967,2
1,1471775970,1471775973,3
4,1471775974,1471775976,2
4,1471775976,1471775979,3
4,1471775979,1471775981,2
4,1471775981,1471775983,2
4,1471775983,1471775986,3
10,1471775984,1471775986,2
4,1471775986,1471775989,3
4,1471775990,1471776015,25
1,1471775993,1471776000,7
1,1471776007,1471776017,10
4,1471776019,1471776022,3
1,1471776105,1471776106,1
4,1471776216,1471776218,2
10,1471776218,1471776221,3
4,1471776221,1471776223,2
4,1471776223,1471776226,3
4,1471776228,1471776230,2
4,1471776233,1471776236,3
4,1471776236,1471776244,8
10,1471776237,1471776244,7
4,1471776244,1471776246,2
4,1471776246,1471776250,4
10,1471776247,1471776248,1
4,1471776254,1471776259,5
1,1471776256,1471776258,2
4,1471776259,1471776266,7
10,1471776259,1471776261,2
4,1471776266,1471776272,6
1,1471776275,1471776283,8
4,1471776278,1471776284,6
4,1471776284,1471776303,19
1,1471776299,1471776301,2
4,1471776303,1471776306,3
4,1471776306,1471776309,3
4,1471776309,1471776313,4
4,1471776313,1471776469,156
1,1471776455,1471776462,7
1,1471776465,1471776472,7
4,1471776473,1471776476,3
4,1471776476,1471776478,2
4,1471776478,1471776485,7
4,1471776486,1471776488,2
4,1471776488,1471776490,2
4,1471776490,1471776492,2
4,1471776492,1471776495,3
4,1471776495,1471776500,5
1,1471776498,1471776499,1
4,1471776500,1471776505,5
4,1471776505,1471776508,3
4,1471776510,1471776513,3
10,1471776511,1471776513,2
4,1471776513,1471776525,12
1,1471776523,1471776533,10
4,1471776529,1471776531,2
4,1471776534,1471776536,2
4,1471776536,1471776542,6
1,1471776539,1471776541,2
4,1471776542,1471776545,3
1,1471776549,1471776553,4
4,1471776566,1471776616,50
10,1471776568,1471776614,46
4,1471776619,1471776625,6
4,1471776625,1471776627,2
4,1471776627,1471776629,2
1,1471776631,1471776633,2
4,1471776634,1471776655,21
4,1471776656,1471776660,4
10,1471776658,1471776660,2
4,1471776660,1471776663,3
10,1471776661,1471776665,4
4,1471776665,1471776668,3
10,1471776665,1471776666,1
4,1471776668,1471776670,2
10,1471776668,1471776670,2
4,1471776670,1471776673,3
4,1471776673,1471776675,2
10,1471776673,1471776674,1
1,1471776674,1471776675,1
4,1471776676,1471776687,11
1,1471776685,1471776691,6
4,1471776688,1471776692,4
4,1471776694,1471776701,7
1,1471776698,1471776699,1
4,1471776701,1471776715,14
10,1471776702,1471776715,13
4,1471776715,1471776722,7
4,1471776722,1471776725,3
4,1471776725,1471776728,3
10,1471776726,1471776728,2
4,1471776728,1471776730,2
4,1471776730,1471776756,26
1,1471776735,1471776738,3
1,1471776747,1471776760,13
4,1471776758,1471776761,3
4,1471776761,1471776763,2
4,1471776764,1471776768,4
1,1471776765,1471776777,12
4,1471776771,1471776774,3
4,1471776778,1471776780,2
10,1471776778,1471776780,2
4,1471776780,1471776784,4
4,1471776785,1471776788,3
10,1471776786,1471776788,2
4,1471776788,1471776791,3
1,1471776792,1471776796,4
4,1471776797,1471776803,6
1,1471776800,1471776802,2
1,1471776806,1471776811,5
1,1471776815,1471776817,2
4,1471776818,1471776843,25
1,1471776827,1471776858,31
4,1471776845,1471776849,4
4,1471776850,1471776854,4
4,1471776857,1471776905,48
1,1471776900,1471776904,4
4,1471776906,1471776908,2
4,1471776908,1471776910,2
4,1471776910,1471776912,2
4,1471776912,1471776916,4
4,1471776916,1471776921,5
1,1471776918,1471776920,2
4,1471776933,1471776935,2
10,1471776935,1471776944,9
1,1471776938,1471776941,3
4,1471776944,1471777053,109
10,1471776945,1471777051,106
1,1471776948,1471776968,20
1,1471777048,1471777053,5
4,1471777053,1471777056,3
4,1471777056,1471777059,3
4,1471777059,1471777063,4
10,1471777061,1471777062,1
4,1471777063,1471777065,2
4,1471777066,1471777068,2
4,1471777068,1471777071,3
10,1471777069,1471777071,2
4,1471777071,1471777077,6
1,1471777074,1471777075,1
4,1471777077,1471777080,3
10,1471777079,1471777080,1
4,1471777081,1471777088,7
10,1471777081,1471777082,1
4,1471777089,1471777092,3
10,1471777090,1471777092,2
4,1471777092,1471777094,2
10,1471777094,1471777095,1
4,1471777095,1471777098,3
10,1471777097,1471777098,1
4,1471777098,1471777100,2
4,1471777100,1471777103,3
4,1471777103,1471777126,23
10,1471777104,1471777124,20
1,1471777105,1471777107,2
1,1471777115,1471777116,1
1,1471777120,1471777125,5
4,1471777126,1471777142,16
10,1471777126,1471777139,13
10,1471777144,1471777172,28
1,1471777170,1471777175,5
4,1471777172,1471777176,4
4,1471777176,1471777179,3
4,1471777180,1471777186,6
1,1471777181,1471777185,4
4,1471777186,1471777188,2
4,1471777194,1471777197,3
4,1471777198,1471777200,2
4,1471777202,1471777204,2
4,1471777205,1471777207,2
4,1471777207,1471777209,2
4,1471777209,1471777212,3
10,1471777209,1471777211,2
4,1471777212,1471777214,2
4,1471777217,1471777222,5
10,1471777219,1471777222,3
4,1471777222,1471777225,3
4,1471777225,1471777227,2
4,1471777228,1471777230,2
4,1471777230,1471777234,4
1,1471777232,1471777237,5
4,1471777236,1471777238,2
4,1471777238,1471777241,3
10,1471777239,1471777241,2
4,1471777241,1471777244,3
4,1471777244,1471777246,2
4,1471777246,1471777255,9
1,1471777247,1471777249,2
4,1471777255,1471777258,3
4,1471777258,1471777260,2
4,1471777260,1471777262,2
4,1471777262,1471777266,4
4,1471777266,1471777280,14
1,1471777267,1471777268,1
1,1471777277,1471777278,1
4,1471777282,1471777316,34
1,1471777283,1471777311,28
14,1471777292,1471777298,6
4,1471777316,1471777550,234
1,1471777317,1471777321,4
1,1471777325,1471777326,1
1,1471777350,1471777352,2
1,1471777400,1471777403,3
1,1471777443,1471777445,2
1,1471777452,1471777454,2
1,1471777474,1471777499,25
1,1471777516,1471777518,2
1,1471777524,1471777533,9
1,1471777546,1471777571,25
4,1471777551,1471777554,3
4,1471777555,1471777561,6
4,1471777563,1471777565,2
4,1471777571,1471777577,6
1,1471777575,1471777598,23
4,1471777577,1471777584,7
4,1471777585,1471777587,2
4,1471777587,1471777593,6
4,1471777593,1471777599,6
4,1471777599,1471777601,2
4,1471777601,1471777604,3
4,1471777604,1471777624,20
1,1471777608,1471777611,3
1,1471777620,1471777623,3
1,1471777661,1471777666,5
4,1471777664,1471777667,3
4,1471777670,1471777694,24
1,1471777671,1471777674,3
1,1471777678,1471777706,28
14,1471777705,1471777714,9
1,1471777996,1471777997,1
1,1471778001,1471778006,5
4,1471778007,1471778011,4
10,1471778008,1471778009,1
1,1471778013,1471778015,2
4,1471778016,1471778041,25
1,1471778022,1471778027,5
1,1471778033,1471778040,7
4,1471778041,1471778045,4
1,1471778043,1471778045,2
4,1471778045,1471778049,4
4,1471778049,1471778052,3
4,1471778052,1471778064,12
1,1471778053,1471778055,2
1,1471778060,1471778062,2
4,1471778064,1471778067,3
10,1471778065,1471778067,2
4,1471778067,1471778078,11
10,1471778068,1471778070,2
1,1471778075,1471778084,9
4,1471778078,1471778081,3
4,1471778082,1471778085,3
4,1471778085,1471778093,8
1,1471778088,1471778092,4
4,1471778093,1471778096,3
10,1471778094,1471778096,2
4,1471778096,1471778106,10
1,1471778099,1471778105,6
4,1471778106,1471778108,2
4,1471778108,1471778110,2
4,1471778111,1471778117,6
1,1471778113,1471778116,3
4,1471778117,1471778120,3
10,1471778118,1471778120,2
4,1471778120,1471778129,9
10,1471778120,1471778124,4
1,1471778122,1471778128,6
4,1471778129,1471778141,12
10,1471778129,1471778131,2
1,1471778133,1471778140,7
4,1471778141,1471778153,12
10,1471778143,1471778153,10
4,1471778153,1471778186,33
1,1471778158,1471778168,10
14,1471778164,1471778171,7
1,1471778173,1471778183,10
4,1471778186,1471778199,13
1,1471778195,1471778229,34
4,1471778200,1471778216,16
4,1471778216,1471778221,5
4,1471778227,1471778230,3
4,1471778230,1471778232,2
10,1471778231,1471778232,1
4,1471778232,1471778238,6
1,1471778236,1471778237,1
4,1471778238,1471778240,2
4,1471778241,1471778243,2
10,1471778242,1471778243,1
4,1471778243,1471778246,3
4,1471778246,1471778257,11
1,1471778254,1471778262,8
4,1471778257,1471778263,6
4,1471778263,1471778269,6
1,1471778266,1471778268,2
4,1471778269,1471778271,2
4,1471778271,1471778273,2
10,1471778271,1471778273,2
4,1471778273,1471778276,3
4,1471778276,1471778284,8
10,1471778276,1471778284,8
4,1471778285,1471778291,6
1,1471778289,1471778291,2
4,1471778291,1471778295,4
10,1471778293,1471778295,2
4,1471778295,1471778297,2
4,1471778298,1471778334,36
1,1471778315,1471778318,3
1,1471778329,1471778344,15
4,1471778342,1471778347,5
1,1471778348,1471778349,1
4,1471778350,1471778359,9
1,1471778353,1471778355,2
4,1471778360,1471778367,7
10,1471778360,1471778367,7
4,1471778367,1471778369,2
4,1471778369,1471778372,3
10,1471778371,1471778372,1
4,1471778372,1471778375,3
4,1471778375,1471778378,3
4,1471778378,1471778382,4
10,1471778379,1471778382,3
4,1471778382,1471778384,2
10,1471778383,1471778384,1
4,1471778384,1471778387,3
10,1471778386,1471778387,1
4,1471778387,1471778390,3
4,1471778391,1471778394,3
4,1471778394,1471778436,42
1,1471778400,1471778407,7
1,1471778410,1471778416,6
1,1471778427,1471778433,6
4,1471778439,1471778451,12
10,1471778440,1471778449,9
10,1471778451,1471778454,3
4,1471778454,1471778463,9
1,1471778456,1471778457,1
4,1471778465,1471778475,10
4,1471778476,1471778478,2
4,1471778479,1471778486,7
10,1471778480,1471778486,6
4,1471778486,1471778490,4
4,1471778490,1471778494,4
4,1471778494,1471778497,3
4,1471778497,1471778502,5
1,1471778500,1471778520,20
4,1471778504,1471778507,3
4,1471778514,1471778516,2
4,1471778516,1471778521,5
4,1471778521,1471778532,11
1,1471778524,1471778534,10
4,1471778535,1471778537,2
10,1471778538,1471778541,3
4,1471778541,1471778544,3
10,1471778541,1471778544,3
4,1471778544,1471778547,3
4,1471778549,1471778554,5
4,1471778557,1471778580,23
1,1471778559,1471778564,5
14,1471778561,1471778567,6
1,1471778570,1471778573,3
1,1471778577,1471778583,6
14,1471778583,1471778589,6
1,1471778591,1471778593,2
1,1471778610,1471778626,16
4,1471778624,1471778627,3
4,1471778627,1471778629,2
4,1471778630,1471778644,14
1,1471778632,1471778646,14
4,1471778644,1471778647,3
4,1471778647,1471778649,2
4,1471778649,1471778651,2
4,1471778651,1471778657,6
1,1471778652,1471778656,4
4,1471778663,1471778667,4
4,1471778667,1471778669,2
1,1471778668,1471778669,1
4,1471778670,1471778674,4
10,1471778670,1471778671,1
4,1471778674,1471778684,10
4,1471778685,1471778689,4
10,1471778687,1471778689,2
4,1471778689,1471778695,6
1,1471778693,1471778695,2
4,1471778695,1471778699,4
10,1471778698,1471778699,1
4,1471778699,1471778701,2
4,1471778702,1471778714,12
10,1471778702,1471778703,1
1,1471778708,1471778718,10
4,1471778715,1471778719,4
1,1471778722,1471778723,1
1,1471778732,1471778737,5
4,1471778735,1471778738,3
4,1471778738,1471778741,3
4,1471778741,1471778744,3
10,1471778743,1471778745,2
4,1471778745,1471778747,2
10,1471778747,1471778749,2
4,1471778749,1471778753,4
1,1471778751,1471778752,1
4,1471778753,1471778756,3
4,1471778759,1471778787,28
1,1471778763,1471778765,2
1,1471778775,1471778787,12
4,1471778788,1471778792,4
4,1471778792,1471778805,13
1,1471778797,1471778803,6
4,1471778806,1471778808,2
4,1471778809,1471778811,2
4,1471778811,1471778813,2
10,1471778814,1471778815,1
4,1471778815,1471778818,3
4,1471778818,1471778821,3
4,1471778821,1471778824,3
4,1471778824,1471778826,2
4,1471778826,1471778830,4
1,1471778832,1471778844,12
4,1471778835,1471778837,2
4,1471778840,1471778845,5
4,1471778847,1471778855,8
1,1471778850,1471778854,4
4,1471778857,1471778860,3
10,1471778859,1471778860,1
4,1471778860,1471778862,2
4,1471778863,1471778865,2
10,1471778863,1471778865,2
4,1471778865,1471778867,2
4,1471778868,1471778872,4
10,1471778870,1471778871,1
4,1471778872,1471778875,3
4,1471778875,1471778878,3
10,1471778876,1471778878,2
4,1471778878,1471778882,4
4,1471778882,1471778884,2
4,1471778885,1471778887,2
4,1471778889,1471778892,3
4,1471778892,1471778896,4
4,1471778896,1471778898,2
4,1471778898,1471778901,3
10,1471778899,1471778901,2
4,1471778901,1471778903,2
4,1471778903,1471778909,6
1,1471778905,1471778917,12
4,1471778912,1471778917,5
4,1471778918,1471778920,2
4,1471778922,1471778925,3
1,1471778923,1471778928,5
4,1471778927,1471778929,2
4,1471778929,1471778935,6
4,1471778936,1471778940,4
4,1471778940,1471778949,9
10,1471778942,1471778949,7
4,1471778949,1471778951,2
4,1471778951,1471778953,2
4,1471778953,1471778955,2
4,1471778957,1471778965,8
1,1471778961,1471778971,10
4,1471778966,1471778972,6
4,1471778972,1471778974,2
1,1471778976,1471778985,9
4,1471778980,1471778983,3
4,1471778983,1471779035,52
1,1471779005,1471779015,10
14,1471779011,1471779019,8
1,1471779019,1471779031,12
4,1471779036,1471779043,7
4,1471779043,1471779050,7
1,1471779048,1471779049,1
4,1471779050,1471779053,3
10,1471779051,1471779053,2
4,1471779053,1471779057,4
4,1471779057,1471779080,23
1,1471779062,1471779065,3
14,1471779065,1471779072,7
1,1471779071,1471779079,8
4,1471779083,1471779086,3
4,1471779087,1471779090,3
4,1471779090,1471779093,3
4,1471779093,1471779095,2
4,1471779095,1471779098,3
4,1471779098,1471779102,4
10,1471779099,1471779102,3
4,1471779102,1471779105,3
10,1471779103,1471779105,2
4,1471779105,1471779111,6
1,1471779107,1471779112,5
4,1471779113,1471779117,4
4,1471779117,1471779119,2
4,1471779119,1471779123,4
4,1471779123,1471779126,3
10,1471779124,1471779126,2
4,1471779126,1471779128,2
4,1471779128,1471779130,2
1,1471779134,1471779138,4
4,1471779139,1471779141,2
4,1471779141,1471779144,3
1,1471779142,1471779149,7
4,1471779144,1471779149,5
4,1471779152,1471779208,56
1,1471779152,1471779155,3
14,1471779155,1471779163,8
1,1471779166,1471779170,4
1,1471779187,1471779189,2
1,1471779203,1471779207,4
4,1471779208,1471779210,2
4,1471779210,1471779212,2
4,1471779212,1471779215,3
1,1471779221,1471779229,8
4,1471779230,1471779232,2
10,1471779230,1471779232,2
4,1471779232,1471779234,2
4,1471779235,1471779318,83
1,1471779238,1471779239,1
1,1471779293,1471779296,3
1,1471779302,1471779304,2
4,1471779318,1471779320,2
4,1471779320,1471779323,3
10,1471779322,1471779323,1
4,1471779323,1471779327,4
10,1471779324,1471779325,1
4,1471779327,1471779334,7
4,1471779334,1471779341,7
4,1471779341,1471779354,13
4,1471779354,1471779376,22
1,1471779366,1471779372,6
4,1471779377,1471779379,2
4,1471779379,1471779383,4
4,1471779383,1471779386,3
4,1471779386,1471779403,17
1,1471779392,1471779425,33
4,1471779403,1471779406,3
4,1471779412,1471779420,8
4,1471779420,1471779424,4
1,1471779456,1471779459,3
1,1471779484,1471779498,14
4,1471779494,1471779498,4
4,1471779499,1471779501,2
4,1471779501,1471779503,2
4,1471779503,1471779512,9
1,1471779505,1471779513,8
4,1471779512,1471779514,2
4,1471779515,1471779520,5
4,1471779520,1471779527,7
1,1471779524,1471779527,3
4,1471779527,1471779530,3
4,1471779530,1471779535,5
1,1471779533,1471779534,1
4,1471779535,1471779538,3
4,1471779539,1471779546,7
1,1471779540,1471779556,16
4,1471779552,1471779585,33
1,1471779569,1471779577,8
1,1471779580,1471779584,4
4,1471779586,1471779589,3
10,1471779586,1471779590,4
4,1471779591,1471779594,3
10,1471779592,1471779594,2
4,1471779595,1471779603,8
10,1471779595,1471779601,6
1,1471779600,1471779603,3
4,1471779604,1471779651,47
10,1471779605,1471779606,1
1,1471779614,1471779636,22
1,1471779640,1471779654,14
4,1471779655,1471779662,7
1,1471779657,1471779661,4
4,1471779662,1471779665,3
10,1471779662,1471779665,3
4,1471779665,1471779669,4
4,1471779669,1471779671,2
10,1471779670,1471779671,1
4,1471779671,1471779675,4
4,1471779675,1471779683,8
1,1471779681,1471779687,6
4,1471779684,1471779688,4
4,1471779689,1471779691,2
4,1471779693,1471779695,2
4,1471779695,1471779698,3
4,1471779698,1471779710,12
1,1471779702,1471779709,7
4,1471779710,1471779713,3
4,1471779713,1471779715,2
4,1471779716,1471779725,9
1,1471779719,1471779725,6
4,1471779726,1471779729,3
10,1471779726,1471779729,3
4,1471779729,1471779731,2
4,1471779731,1471779736,5
4,1471779736,1471779738,2
4,1471779738,1471779742,4
4,1471779742,1471779745,3
4,1471779745,1471779747,2
4,1471779747,1471779751,4
4,1471779758,1471779760,2
4,1471779760,1471779762,2
4,1471779763,1471779766,3
4,1471779768,1471779771,3
4,1471779771,1471779777,6
4,1471779777,1471779782,5
10,1471779778,1471779782,4
4,1471779782,1471779784,2
4,1471779785,1471779788,3
10,1471779786,1471779788,2
4,1471779789,1471779792,3
4,1471779792,1471779794,2
4,1471779794,1471779796,2
4,1471779796,1471779810,14
1,1471779800,1471779809,9
4,1471779810,1471779812,2
10,1471779811,1471779812,1
4,1471779812,1471779816,4
4,1471779816,1471779818,2
10,1471779817,1471779818,1
4,1471779818,1471779864,46
1,1471779823,1471779829,6
1,1471779837,1471779844,7
14,1471779841,1471779849,8
1,1471779850,1471779868,18
4,1471779865,1471779869,4
4,1471779869,1471779875,6
10,1471779871,1471779875,4
4,1471779875,1471779883,8
10,1471779876,1471779883,7
4,1471779883,1471779887,4
10,1471779883,1471779886,3
1,1471779885,1471779887,2
10,1471779886,1471779887,1
4,1471779888,1471779890,2
4,1471779890,1471779900,10
10,1471779892,1471779897,5
1,1471779896,1471779904,8
4,1471779900,1471779907,7
4,1471779907,1471779911,4
10,1471779908,1471779909,1
1,1471779908,1471779919,11
4,1471779911,1471779915,4
4,1471779919,1471779922,3
4,1471779922,1471779924,2
10,1471779923,1471779924,1
4,1471779924,1471779926,2
4,1471779927,1471779932,5
4,1471779932,1471779945,13
1,1471779932,1471779951,19
4,1471779945,1471779948,3
4,1471779953,1471779956,3
4,1471779956,1471779959,3
4,1471779959,1471779974,15
10,1471779960,1471779962,2
1,1471779964,1471779979,15
4,1471779974,1471779979,5
4,1471779982,1471779991,9
1,1471779983,1471779994,11
4,1471779991,1471779994,3
4,1471779994,1471779997,3
4,1471779997,1471780025,28
1,1471779998,1471780002,4
14,1471780001,1471780007,6
1,1471780017,1471780024,7
4,1471780026,1471780029,3
4,1471780029,1471780088,59
1,1471780081,1471780087,6
4,1471780089,1471780093,4
10,1471780091,1471780093,2
4,1471780093,1471780095,2
4,1471780096,1471780099,3
10,1471780098,1471780099,1
4,1471780100,1471780106,6
4,1471780108,1471780111,3
4,1471780111,1471780114,3
4,1471780114,1471780116,2
4,1471780117,1471780119,2
4,1471780121,1471780125,4
1,1471780122,1471780128,6
4,1471780125,1471780128,3
1,1471780132,1471780138,6
14,1471780136,1471780144,8
1,1471780144,1471780152,8
4,1471780154,1471780156,2
4,1471780156,1471780158,2
4,1471780158,1471780160,2
4,1471780160,1471780163,3
4,1471780163,1471780165,2
4,1471780165,1471780167,2
4,1471780167,1471780170,3
4,1471780170,1471780172,2
4,1471780173,1471780175,2
4,1471780175,1471780178,3
1,1471780181,1471780186,5
14,1471780184,1471780189,5
1,1471780191,1471780196,5
4,1471780201,1471780204,3
4,1471780204,1471780206,2
4,1471780210,1471780217,7
10,1471780211,1471780217,6
4,1471780217,1471780221,4
10,1471780219,1471780221,2
4,1471780222,1471780224,2
4,1471780224,1471780227,3
4,1471780231,1471780238,7
10,1471780233,1471780238,5
4,1471780238,1471780241,3
4,1471780241,1471780245,4
4,1471780246,1471780252,6
10,1471780246,1471780252,6
4,1471780252,1471780256,4
4,1471780256,1471780279,23
10,1471780257,1471780258,1
1,1471780258,1471780268,10
1,1471780273,1471780278,5
4,1471780279,1471780286,7
10,1471780287,1471780290,3
1,1471780300,1471780303,3
4,1471780302,1471780323,21
1,1471780314,1471780322,8
4,1471780324,1471780326,2
4,1471780326,1471780329,3
4,1471780330,1471780332,2
1,1471780346,1471780352,6
14,1471780351,1471780357,6
1,1471780358,1471780373,15
1,1471780392,1471780400,8
4,1471780401,1471780407,6
1,1471780404,1471780407,3
4,1471780408,1471780412,4
1,1471780411,1471780412,1
4,1471780412,1471780414,2
4,1471780415,1471780418,3
4,1471780426,1471780429,3
4,1471780429,1471780431,2
10,1471780430,1471780431,1
4,1471780431,1471780435,4
4,1471780437,1471780440,3
4,1471780441,1471780451,10
10,1471780442,1471780451,9
4,1471780451,1471780453,2
4,1471780454,1471780456,2
4,1471780456,1471780460,4
4,1471780460,1471780463,3
4,1471780463,1471780469,6
4,1471780469,1471780471,2
1,1471780473,1471780474,1
4,1471780477,1471780483,6
10,1471780479,1471780481,2
4,1471780483,1471780485,2
4,1471780485,1471780488,3
4,1471780488,1471780490,2
4,1471780490,1471780494,4
1,1471780492,1471780493,1
4,1471780495,1471780498,3
4,1471780498,1471780500,2
4,1471780501,1471780503,2
4,1471780503,1471780506,3
4,1471780506,1471780508,2
10,1471780507,1471780508,1
4,1471780508,1471780511,3
4,1471780511,1471780513,2
4,1471780513,1471780519,6
4,1471780519,1471780521,2
4,1471780522,1471780566,44
10,1471780524,1471780528,4
1,1471780527,1471780530,3
1,1471780548,1471780553,5
14,1471780551,1471780557,6
1,1471780560,1471780573,13
4,1471780574,1471780576,2
4,1471780576,1471780585,9
1,1471780579,1471780586,7
4,1471780585,1471780587,2
4,1471780587,1471780592,5
1,1471780590,1471780595,5
4,1471780592,1471780596,4
4,1471780596,1471780601,5
1,1471780598,1471780605,7
4,1471780602,1471780605,3
10,1471780602,1471780604,2
4,1471780605,1471780608,3
4,1471780608,1471780618,10
1,1471780613,1471780623,10
4,1471780618,1471780623,5
4,1471780625,1471780628,3
10,1471780627,1471780628,1
4,1471780628,1471780631,3
10,1471780629,1471780630,1
4,1471780631,1471780634,3
10,1471780631,1471780634,3
4,1471780634,1471780640,6
10,1471780635,1471780638,3
4,1471780641,1471780648,7
10,1471780642,1471780648,6
4,1471780648,1471780652,4
4,1471780652,1471780654,2
4,1471780654,1471780657,3
10,1471780655,1471780657,2
4,1471780657,1471780660,3
4,1471780660,1471780665,5
1,1471780668,1471780671,3
4,1471780672,1471780674,2
4,1471780674,1471780679,5
10,1471780675,1471780678,3
1,1471780677,1471780679,2
4,1471780679,1471780683,4
10,1471780682,1471780683,1
4,1471780683,1471780689,6
10,1471780683,1471780687,4
1,1471780684,1471780688,4
10,1471780687,1471780689,2
4,1471780689,1471780691,2
4,1471780692,1471780694,2
4,1471780694,1471780704,10
1,1471780699,1471780702,3
1,1471780713,1471780716,3
14,1471780717,1471780723,6
1,1471780728,1471780733,5
4,1471780735,1471780786,51
1,1471780740,1471780744,4
14,1471780744,1471780750,6
1,1471780754,1471780761,7
1,1471780766,1471780776,10
1,1471780780,1471780796,16
4,1471780786,1471780789,3
4,1471780794,1471780830,36
1,1471780799,1471780804,5
14,1471780802,1471780809,7
1,1471780808,1471780821,13
1,1471780824,1471780830,6
4,1471780831,1471780834,3
10,1471780831,1471780834,3
4,1471780834,1471780837,3
4,1471780837,1471780840,3
1,1471780841,1471780844,3
14,1471780843,1471780849,6
1,1471780852,1471780867,15
4,1471780866,1471780869,3
4,1471780869,1471780872,3
1,1471780870,1471780871,1
4,1471780875,1471780878,3
4,1471780878,1471780880,2
4,1471780880,1471780883,3
10,1471780881,1471780882,1
4,1471780884,1471780886,2
4,1471780887,1471780911,24
1,1471780891,1471780898,7
14,1471780894,1471780901,7
1,1471780902,1471780910,8
4,1471780911,1471780913,2
4,1471780914,1471780917,3
10,1471780916,1471780917,1
4,1471780917,1471780925,8
4,1471780926,1471780928,2
4,1471780928,1471780930,2
4,1471780930,1471780933,3
4,1471780933,1471780935,2
4,1471780936,1471780938,2
4,1471780938,1471780940,2
4,1471780940,1471780975,35
1,1471780945,1471780952,7
14,1471780952,1471780957,5
1,1471780970,1471780974,4
4,1471780976,1471780978,2
4,1471780979,1471780985,6
4,1471780985,1471780990,5
1,1471780993,1471780996,3
14,1471780996,1471781002,6
1,1471781003,1471781008,5
4,1471781008,1471781011,3
10,1471781011,1471781012,1
4,1471781012,1471781017,5
4,1471781017,1471781022,5
1,1471781025,1471781031,6
1,1471781036,1471781038,2
14,1471781038,1471781044,6
1,1471781051,1471781057,6
4,1471781058,1471781060,2
4,1471781060,1471781064,4
10,1471781060,1471781064,4
4,1471781066,1471781071,5
4,1471781071,1471781077,6
1,1471781073,1471781102,29
4,1471781082,1471781086,4
4,1471781088,1471781096,8
4,1471781096,1471781100,4
4,1471781100,1471781102,2
4,1471781102,1471781126,24
1,1471781123,1471781139,16
4,1471781126,1471781133,7
4,1471781133,1471781136,3
4,1471781136,1471781207,71
1,1471781144,1471781146,2
1,1471781150,1471781153,3
14,1471781153,1471781159,6
1,1471781160,1471781163,3
1,1471781167,1471781177,10
1,1471781203,1471781206,3
4,1471781207,1471781296,89
1,1471781214,1471781216,2
1,1471781219,1471781225,6
1,1471781231,1471781246,15
1,1471781261,1471781265,4
1,1471781277,1471781295,18
4,1471781297,1471781386,89
1,1471781300,1471781307,7
1,1471781311,1471781315,4
14,1471781315,1471781323,8
1,1471781322,1471781328,6
1,1471781338,1471781350,12
1,1471781358,1471781385,27
4,1471781386,1471781390,4
1,1471781388,1471781389,1
4,1471781390,1471781395,5
4,1471781395,1471781398,3
4,1471781399,1471781401,2
1,1471781399,1471781402,3
4,1471781405,1471781408,3
1,1471781406,1471781408,2
4,1471781409,1471781412,3
1,1471781412,1471781415,3
14,1471781415,1471781421,6
1,1471781420,1471781423,3
1,1471781440,1471781478,38
4,1471781473,1471781475,2
4,1471781475,1471781478,3
4,1471781479,1471781481,2
4,1471781481,1471781484,3
1,1471781484,1471781485,1
4,1471781484,1471781487,3
4,1471781487,1471781511,24
1,1471781488,1471781493,5
1,1471781502,1471781508,6
4,1471781513,1471781515,2
4,1471781516,1471781520,4
1,1471781517,1471781520,3
4,1471781522,1471781527,5
1,1471781530,1471781536,6
14,1471781536,1471781542,6
1,1471781543,1471781549,6
1,1471781558,1471781573,15
1,1471781576,1471781600,24
4,1471781601,1471781603,2
4,1471781603,1471781606,3
4,1471781606,1471781612,6
4,1471781613,1471781615,2
4,1471781615,1471781618,3
4,1471781618,1471781620,2
4,1471781620,1471781622,2
4,1471781622,1471781627,5
10,1471781623,1471781627,4
4,1471781628,1471781630,2
10,1471781628,1471781629,1
4,1471781633,1471781636,3
4,1471781636,1471781640,4
4,1471781641,1471781644,3
10,1471781642,1471781644,2
4,1471781644,1471781649,5
4,1471781650,1471781652,2
4,1471781652,1471781658,6
4,1471781659,1471781662,3
10,1471781660,1471781662,2
4,1471781662,1471781664,2
4,1471781664,1471781667,3
10,1471781665,1471781667,2
4,1471781667,1471781671,4
1,1471781676,1471781684,8
4,1471781679,1471781682,3
4,1471781684,1471781687,3
4,1471781687,1471781699,12
4,1471781700,1471781702,2
10,1471781701,1471781702,1
4,1471781702,1471781705,3
4,1471781705,1471781707,2
4,1471781707,1471781710,3
4,1471781710,1471781715,5
4,1471781715,1471781719,4
1,1471781716,1471781723,7
4,1471781720,1471781724,4
4,1471781724,1471781726,2
4,1471781726,1471781732,6
1,1471781730,1471781731,1
4,1471781732,1471781737,5
4,1471781737,1471781742,5
4,1471781742,1471781745,3
4,1471781745,1471781750,5
4,1471781750,1471781755,5
1,1471781752,1471781754,2
4,1471781756,1471781758,2
4,1471781758,1471781761,3
4,1471781761,1471781763,2
4,1471781764,1471781772,8
1,1471781770,1471781782,12
4,1471781772,1471781776,4
10,1471781774,1471781775,1
4,1471781782,1471781785,3
4,1471781785,1471781791,6
1,1471781786,1471781787,1
4,1471781792,1471781795,3
4,1471781795,1471781798,3
1,1471781796,1471781798,2
4,1471781799,1471781801,2
4,1471781810,1471781812,2
4,1471781812,1471781952,140
1,1471781813,1471781819,6
14,1471781817,1471781826,9
1,1471781921,1471781928,7
1,1471781933,1471781940,7
1,1471781944,1471781946,2
4,1471781956,1471781958,2
4,1471781958,1471781961,3
10,1471781959,1471781961,2
4,1471781961,1471781964,3
4,1471781964,1471781968,4
4,1471781968,1471781970,2
10,1471781968,1471781970,2
4,1471781970,1471781978,8
4,1471781978,1471781980,2
10,1471781980,1471781982,2
4,1471781982,1471781984,2
4,1471781984,1471781987,3
10,1471781985,1471781986,1
4,1471781987,1471781995,8
1,1471781997,1471782008,11
4,1471782006,1471782009,3
4,1471782009,1471782011,2
4,1471782012,1471782014,2
10,1471782013,1471782014,1
4,1471782014,1471782021,7
10,1471782014,1471782015,1
1,1471782019,1471782021,2
4,1471782022,1471782024,2
4,1471782024,1471782026,2
4,1471782026,1471782031,5
10,1471782027,1471782029,2
1,1471782028,1471782049,21
4,1471782031,1471782034,3
4,1471782034,1471782037,3
4,1471782038,1471782041,3
4,1471782044,1471782052,8
4,1471782052,1471782054,2
4,1471782054,1471782066,12
1,1471782057,1471782061,4
4,1471782066,1471782095,29
1,1471782090,1471782094,4
4,1471782095,1471782097,2
10,1471782097,1471782098,1
4,1471782100,1471782102,2
4,1471782102,1471782105,3
4,1471782105,1471782108,3
1,1471782112,1471782114,2
4,1471782115,1471782117,2
4,1471782117,1471782121,4
1,1471782119,1471782125,6
4,1471782121,1471782126,5
4,1471782126,1471782129,3
4,1471782130,1471782132,2
4,1471782132,1471782134,2
4,1471782136,1471782138,2
4,1471782138,1471782140,2
4,1471782140,1471782143,3
4,1471782143,1471782145,2
4,1471782145,1471782155,10
4,1471782156,1471782158,2
4,1471782158,1471782160,2
4,1471782161,1471782165,4
1,1471782168,1471782172,4
14,1471782171,1471782179,8
1,1471782180,1471782183,3
4,1471782183,1471782185,2
10,1471782184,1471782185,1
4,1471782185,1471782189,4
10,1471782185,1471782186,1
10,1471782187,1471782189,2
4,1471782189,1471782223,34
1,1471782193,1471782197,4
14,1471782196,1471782202,6
1,1471782203,1471782208,5
1,1471782219,1471782223,4
4,1471782224,1471782227,3
4,1471782228,1471782234,6
10,1471782228,1471782233,5
4,1471782234,1471782236,2
4,1471782237,1471782240,3
4,1471782246,1471782249,3
4,1471782249,1471782258,9
10,1471782250,1471782254,4
4,1471782259,1471782263,4
10,1471782261,1471782263,2
4,1471782263,1471782265,2
1,1471782266,1471782267,1
4,1471782267,1471782270,3
4,1471782270,1471782272,2
10,1471782271,1471782272,1
4,1471782273,1471782275,2
1,1471782276,1471782279,3
4,1471782277,1471782280,3
4,1471782282,1471782286,4
4,1471782287,1471782290,3
4,1471782291,1471782293,2
4,1471782293,1471782300,7
4,1471782300,1471782302,2
4,1471782302,1471782304,2
4,1471782304,1471782307,3
4,1471782308,1471782311,3
4,1471782311,1471782315,4
4,1471782315,1471782320,5
10,1471782315,1471782316,1
1,1471782317,1471782325,8
4,1471782321,1471782326,5
4,1471782328,1471782332,4
1,1471782329,1471782333,4
4,1471782332,1471782334,2
10,1471782332,1471782333,1
4,1471782336,1471782457,121
1,1471782337,1471782342,5
14,1471782341,1471782350,9
1,1471782393,1471782395,2
1,1471782421,1471782427,6
1,1471782431,1471782432,1
1,1471782438,1471782440,2
1,1471782446,1471782450,4
1,1471782454,1471782456,2
4,1471782458,1471782461,3
4,1471782461,1471782463,2
4,1471782463,1471782472,9
10,1471782464,1471782465,1
1,1471782468,1471782471,3
4,1471782472,1471782474,2
4,1471782474,1471782476,2
4,1471782476,1471782479,3
4,1471782479,1471782481,2
4,1471782481,1471782484,3
4,1471782484,1471782508,24
1,1471782488,1471782493,5
14,1471782492,1471782498,6
1,1471782499,1471782517,18
4,1471782508,1471782529,21
14,1471782514,1471782521,7
1,1471782522,1471782529,7
4,1471782530,1471782532,2
10,1471782530,1471782532,2
4,1471782533,1471782536,3
4,1471782536,1471782538,2
4,1471782538,1471782541,3
4,1471782541,1471782544,3
10,1471782541,1471782542,1
1,1471782545,1471782548,3
14,1471782548,1471782554,6
1,1471782557,1471782561,4
1,1471782568,1471782571,3
1,1471782574,1471782588,14
1,1471782592,1471782603,11
1,1471782606,1471782615,9
1,1471782691,1471782702,11
1,1471782716,1471782726,10
4,1471782726,1471782730,4
10,1471782728,1471782730,2
4,1471782730,1471782733,3
4,1471782733,1471782735,2
4,1471782735,1471782738,3
4,1471782738,1471782740,2
4,1471782741,1471782744,3
4,1471782744,1471782755,11
10,1471782744,1471782755,11
4,1471782755,1471782757,2
4,1471782759,1471782761,2
4,1471782762,1471782766,4
4,1471782766,1471782769,3
1,1471782767,1471782772,5
4,1471782771,1471782773,2
4,1471782773,1471782776,3
4,1471782776,1471782780,4
4,1471782780,1471782789,9
4,1471782789,1471782792,3
4,1471782792,1471782794,2
4,1471782794,1471782798,4
4,1471782799,1471782807,8
4,1471782811,1471782815,4
1,1471782812,1471782814,2
4,1471782815,1471782819,4
4,1471782819,1471782823,4
4,1471782823,1471782869,46
1,1471782839,1471782842,3
1,1471782866,1471782873,7
4,1471782869,1471782871,2
4,1471782871,1471782874,3
4,1471782875,1471782877,2
10,1471782876,1471782877,1
4,1471782877,1471782883,6
1,1471782879,1471782888,9
4,1471782889,1471782891,2
4,1471782891,1471782895,4
10,1471782893,1471782895,2
4,1471782895,1471782898,3
1,1471782899,1471782904,5
4,1471782901,1471782906,5
4,1471782906,1471782912,6
1,1471782908,1471782915,7
4,1471782912,1471782916,4
4,1471782916,1471782919,3
4,1471782919,1471782929,10
1,1471782924,1471782928,4
4,1471782929,1471782932,3
4,1471782932,1471782934,2
4,1471782934,1471782936,2
4,1471782936,1471782938,2
4,1471782941,1471782945,4
4,1471782945,1471782947,2
10,1471782945,1471782946,1
4,1471782949,1471782953,4
4,1471782953,1471782958,5
4,1471782958,1471782960,2
4,1471782961,1471782963,2
1,1471782964,1471782972,8
4,1471782970,1471782973,3
4,1471782973,1471782976,3
4,1471782976,1471783001,25
1,1471782983,1471782988,5
1,1471782993,1471782996,3
1,1471782999,1471783001,2
4,1471783002,1471783004,2
4,1471783004,1471783008,4
10,1471783006,1471783009,3
4,1471783009,1471783011,2
4,1471783011,1471783013,2
4,1471783013,1471783015,2
4,1471783015,1471783018,3
4,1471783018,1471783020,2
4,1471783020,1471783022,2
4,1471783025,1471783028,3
4,1471783028,1471783031,3
4,1471783031,1471783033,2
10,1471783032,1471783033,1
4,1471783033,1471783040,7
1,1471783036,1471783044,8
4,1471783041,1471783045,4
4,1471783046,1471783049,3
4,1471783049,1471783051,2
4,1471783052,1471783055,3
1,1471783056,1471783059,3
4,1471783063,1471783065,2
10,1471783064,1471783065,1
4,1471783065,1471783068,3
4,1471783068,1471783070,2
4,1471783072,1471783076,4
4,1471783076,1471783080,4
4,1471783081,1471783083,2
4,1471783083,1471783088,5
10,1471783083,1471783088,5
4,1471783088,1471783091,3
4,1471783091,1471783093,2
4,1471783094,1471783098,4
4,1471783098,1471783105,7
1,1471783099,1471783100,1
1,1471783103,1471783107,4
4,1471783107,1471783147,40
1,1471783110,1471783115,5
4,1471783148,1471783154,6
1,1471783150,1471783177,27
4,1471783156,1471783161,5
4,1471783162,1471783169,7
4,1471783169,1471783171,2
4,1471783178,1471783180,2
1,1471783206,1471783219,13
4,1471783214,1471783217,3
4,1471783219,1471783224,5
10,1471783221,1471783224,3
4,1471783224,1471783227,3
4,1471783227,1471783230,3
4,1471783230,1471783232,2
1,1471783234,1471783238,4
4,1471783237,1471783239,2
4,1471783239,1471783241,2
4,1471783241,1471783269,28
10,1471783242,1471783246,4
1,1471783245,1471783248,3
14,1471783248,1471783258,10
1,1471783261,1471783265,4
14,1471783265,1471783273,8
11,1471783268,1471783273,5
4,1471783270,1471783273,3
5,1471783272,1471783273,1
1,1471783279,1471783284,5
1,1471783292,1471783307,15
1,1471783327,1471783328,1
4,1471783333,1471783367,34
1,1471783361,1471783364,3
4,1471783369,1471783465,96
1,1471783400,1471783404,4
1,1471783414,1471783418,4
10,1471783419,1471783426,7
1,1471783459,1471783488,29
4,1471783469,1471783474,5
4,1471783474,1471783477,3
4,1471783478,1471783485,7
4,1471783489,1471783517,28
1,1471783497,1471783500,3
1,1471783503,1471783505,2
1,1471783511,1471783516,5
10,1471783517,1471783518,1
4,1471783518,1471783521,3
1,1471783519,1471783530,11
4,1471783521,1471783526,5
4,1471783526,1471783531,5
10,1471783526,1471783528,2
4,1471783531,1471783534,3
4,1471783534,1471783541,7
1,1471783538,1471783540,2
4,1471783541,1471783545,4
1,1471783545,1471783549,4
4,1471783549,1471783562,13
1,1471783552,1471783557,5
4,1471783562,1471783564,2
4,1471783564,1471783568,4
1,1471783565,1471783568,3
4,1471783568,1471783629,61
10,1471783569,1471783575,6
1,1471783627,1471783637,10
4,1471783630,1471783669,39
14,1471783637,1471783644,7
1,1471783653,1471783671,18
4,1471783670,1471783672,2
4,1471783672,1471783674,2
4,1471783675,1471783681,6
1,1471783677,1471783679,2
4,1471783682,1471783684,2
4,1471783684,1471783687,3
4,1471783689,1471783696,7
4,1471783697,1471783700,3
4,1471783701,1471783704,3
4,1471783704,1471783710,6
1,1471783706,1471783714,8
4,1471783711,1471783715,4
4,1471783716,1471783721,5
4,1471783722,1471783726,4
1,1471783724,1471783728,4
4,1471783728,1471783733,5
4,1471783733,1471783762,29
1,1471783736,1471783742,6
14,1471783740,1471783746,6
1,1471783755,1471783761,6
4,1471783762,1471783764,2
4,1471783764,1471783767,3
4,1471783767,1471783770,3
4,1471783770,1471783772,2
4,1471783772,1471783775,3
4,1471783775,1471783778,3
4,1471783778,1471783782,4
4,1471783782,1471783785,3
1,1471783784,1471783785,1
4,1471783786,1471783790,4
4,1471783790,1471783792,2
4,1471783793,1471783795,2
4,1471783795,1471783798,3
4,1471783799,1471783801,2
4,1471783801,1471783803,2
4,1471783803,1471783806,3
4,1471783806,1471783809,3
4,1471783809,1471784028,219
1,1471783824,1471783832,8
14,1471783829,1471783835,6
1,1471783836,1471783839,3
1,1471783858,1471783864,6
1,1471783876,1471783880,4
1,1471784020,1471784033,13
4,1471784028,1471784030,2
4,1471784031,1471784035,4
10,1471784032,1471784033,1
4,1471784036,1471784038,2
4,1471784038,1471784041,3
1,1471784041,1471784051,10
4,1471784045,1471784051,6
4,1471784051,1471784054,3
4,1471784054,1471784056,2
4,1471784058,1471784060,2
4,1471784062,1471784066,4
4,1471784067,1471784071,4
1,1471784073,1471784076,3
4,1471784076,1471784109,33
4,1471784111,1471784114,3
4,1471784114,1471784118,4
4,1471784118,1471784123,5
1,1471784120,1471784122,2
4,1471784123,1471784125,2
4,1471784126,1471784135,9
1,1471784130,1471784134,4
4,1471784137,1471784140,3
4,1471784145,1471784154,9
1,1471784151,1471784160,9
4,1471784154,1471784160,6
4,1471784163,1471784165,2
4,1471784165,1471784167,2
4,1471784170,1471784175,5
1,1471784173,1471784177,4
4,1471784177,1471784182,5
4,1471784183,1471784186,3
4,1471784186,1471784189,3
1,1471784187,1471784189,2
4,1471784191,1471784197,6
10,1471784192,1471784194,2
1,1471784194,1471784215,21
4,1471784206,1471784211,5
10,1471784211,1471784213,2
4,1471784216,1471784229,13
1,1471784222,1471784223,1
4,1471784229,1471784239,10
1,1471784236,1471784238,2
4,1471784239,1471784244,5
1,1471784242,1471784251,9
4,1471784246,1471784252,6
10,1471784248,1471784250,2
4,1471784252,1471784255,3
4,1471784255,1471784264,9
4,1471784265,1471784267,2
1,1471784265,1471784267,2
4,1471784267,1471784272,5
1,1471784270,1471784272,2
4,1471784273,1471784275,2
4,1471784277,1471784283,6
1,1471784278,1471784280,2
4,1471784284,1471784286,2
4,1471784288,1471784290,2
4,1471784293,1471784295,2
4,1471784296,1471784301,5
1,1471784297,1471784300,3
4,1471784301,1471784303,2
4,1471784305,1471784312,7
4,1471784312,1471784317,5
4,1471784317,1471784321,4
4,1471784321,1471784324,3
1,1471784322,1471784323,1
4,1471784324,1471784327,3
4,1471784327,1471784330,3
4,1471784330,1471784333,3
4,1471784333,1471784337,4
4,1471784338,1471784341,3
4,1471784341,1471784344,3
1,1471784343,1471784346,3
4,1471784347,1471784351,4
4,1471784351,1471784369,18
1,1471784367,1471784368,1
4,1471784369,1471784391,22
1,1471784373,1471784378,5
14,1471784376,1471784383,7
1,1471784383,1471784391,8
4,1471784392,1471784394,2
4,1471784394,1471784397,3
4,1471784397,1471784399,2
4,1471784400,1471784404,4
4,1471784404,1471784407,3
4,1471784408,1471784410,2
4,1471784410,1471784431,21
1,1471784411,1471784415,4
14,1471784415,1471784421,6
1,1471784423,1471784425,2
4,1471784432,1471784435,3
4,1471784435,1471784439,4
1,1471784437,1471784438,1
4,1471784439,1471784442,3
4,1471784442,1471784444,2
4,1471784444,1471784464,20
1,1471784447,1471784451,4
14,1471784451,1471784456,5
1,1471784457,1471784463,6
1,1471784468,1471784488,20
1,1471784492,1471784495,3
4,1471784497,1471784499,2
4,1471784500,1471784502,2
4,1471784503,1471784506,3
4,1471784506,1471784508,2
4,1471784508,1471784510,2
4,1471784510,1471784512,2
4,1471784513,1471784515,2
4,1471784515,1471784518,3
4,1471784519,1471784521,2
4,1471784524,1471784526,2
4,1471784526,1471784528,2
4,1471784528,1471784538,10
1,1471784531,1471784537,6
4,1471784538,1471784541,3
1,1471784547,1471784555,8
4,1471784552,1471784555,3
4,1471784555,1471784558,3
4,1471784558,1471784560,2
4,1471784560,1471784562,2
4,1471784562,1471784564,2
4,1471784565,1471784570,5
4,1471784570,1471784572,2
4,1471784573,1471784576,3
4,1471784576,1471784578,2
4,1471784579,1471784581,2
4,1471784585,1471784587,2
4,1471784587,1471784590,3
10,1471784588,1471784589,1
4,1471784590,1471784592,2
4,1471784593,1471784604,11
1,1471784597,1471784603,6
4,1471784604,1471784632,28
1,1471784607,1471784617,10
14,1471784610,1471784616,6
1,1471784626,1471784632,6
4,1471784632,1471784687,55
1,1471784635,1471784639,4
14,1471784639,1471784645,6
1,1471784649,1471784653,4
1,1471784683,1471784686,3
4,1471784688,1471784690,2
10,1471784688,1471784690,2
4,1471784690,1471784709,19
1,1471784705,1471784707,2
1,1471784712,1471784715,3
1,1471784720,1471784725,5
4,1471784724,1471784726,2
4,1471784726,1471784729,3
4,1471784729,1471784733,4
1,1471784729,1471784732,3
4,1471784734,1471784736,2
4,1471784736,1471784741,5
1,1471784738,1471784740,2
4,1471784745,1471784749,4
10,1471784746,1471784749,3
4,1471784749,1471784752,3
4,1471784752,1471784754,2
4,1471784755,1471784757,2
4,1471784758,1471784768,10
4,1471784768,1471784771,3
4,1471784771,1471784773,2
4,1471784773,1471784775,2
4,1471784777,1471784780,3
4,1471784780,1471784783,3
10,1471784781,1471784782,1
4,1471784783,1471784785,2
4,1471784785,1471784788,3
1,1471784790,1471784792,2
4,1471784793,1471784797,4
10,1471784799,1471784800,1
4,1471784800,1471784803,3
4,1471784804,1471784806,2
4,1471784806,1471784813,7
1,1471784810,1471784814,4
4,1471784814,1471784816,2
4,1471784817,1471784820,3
4,1471784820,1471784823,3
4,1471784823,1471784826,3
4,1471784826,1471784828,2
4,1471784829,1471784877,48
1,1471784838,1471784843,5
14,1471784842,1471784851,9
1,1471784852,1471784853,1
1,1471784863,1471784874,11
4,1471784877,1471784879,2
4,1471784879,1471784881,2
4,1471784881,1471784883,2
4,1471784883,1471784888,5
10,1471784884,1471784886,2
1,1471784885,1471784886,1
4,1471784888,1471784890,2
4,1471784890,1471784892,2
4,1471784892,1471784894,2
4,1471784894,1471784896,2
4,1471784896,1471784905,9
4,1471784905,1471784908,3
4,1471784908,1471784910,2
10,1471784909,1471784910,1
4,1471784910,1471784928,18
1,1471784913,1471784917,4
14,1471784917,1471784923,6
1,1471784925,1471784928,3
1,1471784932,1471784941,9
1,1471784944,1471784960,16
4,1471784949,1471784951,2
4,1471784952,1471784976,24
10,1471784953,1471784959,6
1,1471784972,1471784993,21
4,1471784976,1471784987,11
4,1471784989,1471785008,19
10,1471784989,1471784991,2
1,1471785000,1471785011,11
4,1471785008,1471785014,6
4,1471785014,1471785026,12
1,1471785016,1471785018,2
1,1471785022,1471785025,3
4,1471785026,1471785028,2
4,1471785028,1471785038,10
1,1471785030,1471785037,7
4,1471785038,1471785040,2
10,1471785039,1471785040,1
4,1471785040,1471785043,3
4,1471785043,1471785046,3
4,1471785046,1471785061,15
1,1471785051,1471785060,9
4,1471785061,1471785069,8
1,1471785063,1471785073,10
4,1471785074,1471785076,2
1,1471785077,1471785085,8
14,1471785082,1471785090,8
1,1471785351,1471785352,1
4,1471785362,1471785364,2
4,1471785364,1471785367,3
4,1471785367,1471785370,3
4,1471785370,1471785373,3
10,1471785370,1471785371,1
10,1471785371,1471785373,2
4,1471785383,1471785385,2
4,1471785386,1471785388,2
10,1471785386,1471785388,2
4,1471785389,1471785392,3
10,1471785389,1471785390,1
4,1471785392,1471785395,3
4,1471785396,1471785404,8
10,1471785397,1471785403,6
4,1471785416,1471785418,2
10,1471785417,1471785418,1
4,1471785418,1471785427,9
10,1471785419,1471785424,5
4,1471785427,1471785429,2
10,1471785430,1471785431,1
4,1471785431,1471785434,3
10,1471785432,1471785434,2
4,1471785434,1471785437,3
1,1471785442,1471785444,2
4,1471785445,1471785454,9
10,1471785445,1471785453,8
1,1471785528,1471785532,4
4,1471785533,1471785537,4
1,1471785536,1471785538,2
4,1471785542,1471785545,3
4,1471785545,1471785548,3
4,1471785548,1471785551,3
10,1471785549,1471785551,2
4,1471785551,1471785554,3
10,1471785552,1471785554,2
4,1471785554,1471785565,11
10,1471785557,1471785558,1
1,1471785559,1471785567,8
1,1471785572,1471785574,2
4,1471785576,1471785578,2
4,1471785579,1471785582,3
4,1471785583,1471785585,2
4,1471785585,1471785589,4
10,1471785585,1471785586,1
4,1471785589,1471785593,4
10,1471785589,1471785590,1
4,1471785593,1471785596,3
10,1471785595,1471785596,1
4,1471785596,1471785601,5
4,1471785601,1471785604,3
4,1471785604,1471785606,2
10,1471785604,1471785606,2
4,1471785606,1471785612,6
1,1471785610,1471785611,1
4,1471785612,1471785617,5
4,1471785617,1471785621,4
1,1471785618,1471785620,2
4,1471785621,1471785624,3
4,1471785627,1471785629,2
10,1471785627,1471785629,2
1,1471785628,1471785630,2
4,1471785631,1471785633,2
4,1471785634,1471785636,2
4,1471785636,1471785639,3
4,1471785639,1471785641,2
10,1471785640,1471785641,1
4,1471785641,1471785646,5
4,1471785646,1471785655,9
1,1471785652,1471785658,6
4,1471785659,1471785662,3
4,1471785663,1471785666,3
4,1471785666,1471785670,4
1,1471785668,1471785670,2
4,1471785671,1471785673,2
4,1471785673,1471785675,2
4,1471785675,1471785677,2
4,1471785678,1471785680,2
10,1471785678,1471785679,1
4,1471785680,1471785683,3
4,1471785686,1471785693,7
4,1471785693,1471785696,3
10,1471785694,1471785695,1
4,1471785696,1471785700,4
1,1471785698,1471785700,2
4,1471785700,1471785703,3
1,1471785704,1471785710,6
1,1471785715,1471785719,4
14,1471785718,1471785725,7
1,1471785725,1471785732,7
4,1471785732,1471785759,27
1,1471785735,1471785741,6
1,1471785744,1471785753,9
14,1471785751,1471785797,46
11,1471785758,1471785762,4
4,1471785759,1471785763,4
1,1471785760,1471785800,40
11,1471785762,1471785797,35
4,1471785769,1471785798,29
5,1471785795,1471785797,2
4,1471785800,1471785806,6
1,1471785809,1471785816,7
14,1471785816,1471785822,6
1,1471785824,1471785828,4
4,1471785829,1471812191,26362
1,1471785833,1471785838,5
14,1471785839,1471785845,6
1,1471785847,1471785860,13
14,1471785848,1471785851,3
1,1471785871,1471785890,19
1,1471785902,1471785905,3
1,1471785916,1471785921,5
14,1471785920,1471785922,2
1,1471785932,1471785943,11
1,1471785947,1471785957,10
1,1471785962,1471785965,3
1,1471785972,1471785980,8
1,1471785991,1471785995,4
1,1471788416,1471788436,20
1,1471788440,1471788443,3
1,1471788756,1471788758,2
1,1471812185,1471812190,5
4,1471812191,1471812193,2
4,1471812193,1471812197,4
10,1471812195,1471812197,2
4,1471812197,1471812200,3
4,1471812200,1471812205,5
10,1471812202,1471812203,1
4,1471812205,1471812209,4
4,1471812209,1471812212,3
4,1471812212,1471812214,2
4,1471812215,1471812222,7
4,1471812227,1471812234,7
4,1471812234,1471812237,3
4,1471812239,1471812243,4
4,1471812244,1471812249,5
4,1471812249,1471812252,3
4,1471812252,1471812254,2
4,1471812256,1471812258,2
4,1471812258,1471812261,3
4,1471812261,1471812263,2
4,1471812264,1471812278,14
1,1471812269,1471812277,8
4,1471812278,1471812281,3
4,1471812281,1471812293,12
10,1471812281,1471812282,1
1,1471812289,1471812294,5
4,1471812293,1471812295,2
4,1471812295,1471812297,2
1,1471812300,1471812303,3
4,1471812304,1471812306,2
4,1471812306,1471812309,3
4,1471812309,1471812312,3
4,1471812312,1471812314,2
4,1471812314,1471812316,2
4,1471812316,1471812318,2
4,1471812318,1471812320,2
4,1471812321,1471812329,8
1,1471812325,1471812332,7
4,1471812329,1471812339,10
1,1471812335,1471812338,3
4,1471812339,1471812341,2
4,1471812341,1471812345,4
1,1471812343,1471812344,1
4,1471812345,1471812348,3
1,1471812356,1471812359,3
4,1471812360,1471812362,2
4,1471812362,1471812365,3
10,1471812363,1471812364,1
4,1471812365,1471812369,4
4,1471812375,1471812378,3
1,1471812376,1471812378,2
4,1471812378,1471812380,2
4,1471812381,1471812391,10
1,1471812389,1471812397,8
4,1471812391,1471812397,6
4,1471812397,1471812402,5
4,1471812402,1471812409,7
4,1471812411,1471812418,7
1,1471812420,1471812424,4
1,1471812448,1471812450,2
4,1471812452,1471812454,2
4,1471812454,1471812457,3
4,1471812457,1471812459,2
4,1471812460,1471812462,2
4,1471812462,1471812464,2
10,1471812462,1471812463,1
10,1471812464,1471812465,1
4,1471812465,1471812468,3
4,1471812468,1471812472,4
4,1471812472,1471812480,8
1,1471812474,1471812476,2
10,1471812476,1471812480,4
4,1471812480,1471812534,54
4,1471812535,1471812549,14
1,1471812547,1471812548,1
4,1471812549,1471812551,2
4,1471812551,1471812554,3
10,1471812553,1471812554,1
4,1471812554,1471812557,3
4,1471812557,1471812563,6
4,1471812563,1471812565,2
10,1471812565,1471812567,2
4,1471812570,1471812576,6
10,1471812570,1471812574,4
4,1471812577,1471812580,3
4,1471812580,1471812589,9
4,1471812589,1471812592,3
4,1471812593,1471812595,2
4,1471812595,1471812597,2
4,1471812597,1471812601,4
4,1471812606,1471812608,2
4,1471812608,1471812610,2
4,1471812611,1471812613,2
4,1471812613,1471812615,2
10,1471812614,1471812615,1
4,1471812615,1471812641,26
1,1471812618,1471812668,50
4,1471812641,1471812644,3
4,1471812645,1471812649,4
4,1471812665,1471812669,4
4,1471812670,1471812674,4
4,1471812674,1471812677,3
4,1471812680,1471812683,3
4,1471812686,1471812688,2
4,1471812688,1471812690,2
1,1471812691,1471812692,1
4,1471812693,1471812701,8
1,1471812698,1471812703,5
4,1471812701,1471812704,3
4,1471812704,1471812706,2
4,1471812707,1471812733,26
4,1471812733,1471812737,4
1,1471812734,1471812736,2
4,1471812737,1471812741,4
10,1471812737,1471812738,1
4,1471812743,1471812752,9
1,1471812744,1471812748,4
4,1471812753,1471812755,2
4,1471812755,1471812757,2
4,1471812758,1471812912,154
1,1471812772,1471812777,5
1,1471812786,1471812788,2
1,1471812840,1471812842,2
1,1471812902,1471812905,3
1,1471812909,1471812916,7
4,1471812922,1471812933,11
1,1471812929,1471812936,7
4,1471812934,1471812939,5
4,1471812939,1471812951,12
1,1471812943,1471812954,11
4,1471812951,1471812954,3
4,1471812955,1471812957,2
4,1471812957,1471812960,3
4,1471812960,1471812962,2
4,1471812962,1471812965,3
1,1471812967,1471812969,2
4,1471812976,1471812978,2
4,1471812978,1471812981,3
10,1471812979,1471812980,1
4,1471812981,1471812983,2
10,1471812981,1471812982,1
4,1471812984,1471812988,4
4,1471812990,1471812992,2
4,1471812992,1471812997,5
4,1471812997,1471813001,4
10,1471812999,1471813002,3
4,1471813002,1471813004,2
4,1471813004,1471813006,2
10,1471813005,1471813006,1
4,1471813006,1471813012,6
1,1471813014,1471813021,7
4,1471813022,1471813031,9
1,1471813025,1471813031,6
4,1471813032,1471813036,4
4,1471813036,1471813040,4
1,1471813044,1471813046,2
4,1471813047,1471813086,39
1,1471813055,1471813059,4
1,1471813078,1471813084,6
4,1471813086,1471813091,5
4,1471813091,1471813100,9
1,1471813097,1471813099,2
4,1471813100,1471813103,3
4,1471813104,1471813107,3
10,1471813106,1471813107,1
10,1471813107,1471813108,1
4,1471813108,1471813110,2
1,1471813114,1471813115,1
4,1471813118,1471813122,4
1,1471813120,1471813125,5
4,1471813123,1471813126,3
4,1471813126,1471813131,5
1,1471813129,1471813140,11
4,1471813131,1471813134,3
10,1471813132,1471813133,1
4,1471813138,1471813141,3
4,1471813141,1471813145,4
4,1471813145,1471813188,43
1,1471813184,1471813187,3
4,1471813188,1471813196,8
1,1471813195,1471813196,1
4,1471813197,1471813199,2
4,1471813200,1471813202,2
4,1471813205,1471813207,2
10,1471813205,1471813207,2
4,1471813208,1471813210,2
1,1471813209,1471813210,1
4,1471813211,1471813213,2
1,1471813214,1471813216,2
4,1471813218,1471813222,4
1,1471813228,1471813232,4
4,1471813231,1471813240,9
1,1471813236,1471813243,7
10,1471813241,1471813243,2
4,1471813244,1471813247,3
4,1471813248,1471813252,4
4,1471813252,1471813258,6
1,1471813255,1471813275,20
4,1471813264,1471813269,5
4,1471813269,1471813274,5
1,1471813278,1471813281,3
4,1471813282,1471813290,8
4,1471813290,1471813294,4
1,1471813291,1471813293,2
4,1471813294,1471813297,3
4,1471813297,1471813299,2
4,1471813299,1471813306,7
4,1471813306,1471813309,3
4,1471813309,1471813312,3
4,1471813312,1471813315,3
4,1471813316,1471813326,10
1,1471813323,1471813330,7
4,1471813331,1471813335,4
4,1471813335,1471813341,6
1,1471813335,1471813340,5
4,1471813341,1471813344,3
10,1471813343,1471813344,1
4,1471813344,1471813348,4
10,1471813345,1471813348,3
4,1471813348,1471813350,2
10,1471813348,1471813350,2
4,1471813350,1471813353,3
4,1471813354,1471813356,2
10,1471813354,1471813355,1
4,1471813356,1471813358,2
10,1471813356,1471813358,2
4,1471813358,1471813366,8
1,1471813363,1471813372,9
4,1471813367,1471813369,2
4,1471813369,1471813373,4
4,1471813373,1471813426,53
1,1471813380,1471813396,16
1,1471813405,1471813410,5
1,1471813413,1471813421,8
4,1471813426,1471813442,16
1,1471813441,1471813442,1
4,1471813442,1471813456,14
4,1471813456,1471813459,3
4,1471813460,1471813466,6
1,1471813461,1471813462,1
4,1471813467,1471813469,2
1,1471813484,1471813487,3
4,1471813488,1471813492,4
4,1471813492,1471813496,4
4,1471813496,1471813503,7
1,1471813497,1471813498,1
4,1471813503,1471813509,6
4,1471813509,1471813511,2
4,1471813511,1471813513,2
4,1471813514,1471813517,3
1,1471813519,1471813528,9
4,1471813522,1471813529,7
4,1471813529,1471813532,3
4,1471813533,1471813535,2
4,1471813535,1471813539,4
4,1471813541,1471813543,2
4,1471813543,1471813549,6
1,1471813545,1471813562,17
4,1471813551,1471813565,14
4,1471813565,1471813568,3
1,1471813566,1471813572,6
4,1471813570,1471813573,3
4,1471813573,1471813575,2
4,1471813575,1471813577,2
4,1471813577,1471813586,9
1,1471813581,1471813585,4
4,1471813586,1471813591,5
4,1471813591,1471813593,2
4,1471813593,1471813596,3
4,1471813596,1471813599,3
4,1471813600,1471813604,4
1,1471813602,1471813604,2
4,1471813604,1471813608,4
4,1471813608,1471813610,2
4,1471813610,1471813619,9
4,1471813619,1471813631,12
4,1471813631,1471813636,5
1,1471813637,1471813641,4
4,1471813642,1471813645,3
4,1471813646,1471813648,2
4,1471813649,1471813653,4
4,1471813653,1471813660,7
1,1471813656,1471813659,3
1,1471813677,1471813682,5
4,1471813684,1471813687,3
10,1471813685,1471813687,2
4,1471813687,1471813693,6
4,1471813699,1471813725,26
1,1471813718,1471813723,5
4,1471813726,1471813728,2
10,1471813728,1471813732,4
4,1471813732,1471813735,3
4,1471813736,1471813764,28
1,1471813741,1471813767,26
4,1471813768,1471813774,6
1,1471813770,1471813776,6
4,1471813777,1471813782,5
1,1471813779,1471813781,2
1,1471813785,1471813787,2
4,1471813785,1471813788,3
1,1471813794,1471813799,5
4,1471813799,1471813823,24
1,1471813803,1471813805,2
1,1471813811,1471813814,3
4,1471813824,1471813827,3
4,1471813827,1471813832,5
4,1471813832,1471813835,3
4,1471813835,1471813837,2
4,1471813837,1471813840,3
4,1471813841,1471813843,2
4,1471813844,1471813849,5
4,1471813849,1471813863,14
1,1471813851,1471813861,10
4,1471813863,1471813865,2
4,1471813865,1471813869,4
4,1471813870,1471813872,2
4,1471813872,1471813875,3
10,1471813873,1471813874,1
4,1471813875,1471813880,5
10,1471813875,1471813880,5
4,1471813880,1471813883,3
4,1471813883,1471813885,2
4,1471813886,1471813889,3
10,1471813888,1471813889,1
4,1471813890,1471813894,4
1,1471813892,1471813894,2
4,1471813894,1471813897,3
4,1471813897,1471813899,2
4,1471813899,1471813901,2
4,1471813901,1471813906,5
10,1471813903,1471813906,3
4,1471813906,1471813909,3
4,1471813909,1471813911,2
4,1471813912,1471813914,2
4,1471813915,1471813919,4
4,1471813919,1471813921,2
4,1471813921,1471813924,3
4,1471813930,1471813935,5
10,1471813932,1471813933,1
4,1471813935,1471813937,2
4,1471813938,1471813942,4
10,1471813938,1471813939,1
10,1471813940,1471813942,2
4,1471813942,1471813944,2
4,1471813944,1471813947,3
4,1471813948,1471813951,3
4,1471813951,1471813954,3
4,1471813954,1471813987,33
1,1471813976,1471813987,11
4,1471813987,1471813997,10
1,1471813993,1471813998,5
4,1471813999,1471814001,2
4,1471814002,1471814005,3
10,1471814004,1471814005,1
4,1471814005,1471814008,3
4,1471814008,1471814011,3
4,1471814011,1471814014,3
4,1471814015,1471814018,3
4,1471814019,1471814024,5
4,1471814024,1471814036,12
1,1471814026,1471814027,1
4,1471814040,1471814046,6
4,1471814046,1471814051,5
4,1471814051,1471814058,7
4,1471814058,1471814062,4
4,1471814063,1471814065,2
4,1471814065,1471814068,3
4,1471814068,1471814073,5
1,1471814071,1471814072,1
4,1471814073,1471814077,4
1,1471814080,1471814103,23
1,1471814110,1471814126,16
4,1471814115,1471814147,32
1,1471814133,1471814185,52
4,1471814148,1471814151,3
4,1471814151,1471814155,4
4,1471814156,1471814171,15
4,1471814171,1471814174,3
4,1471814174,1471814178,4
4,1471814178,1471814186,8
4,1471814186,1471814189,3
1,1471814194,1471814206,12
4,1471814207,1471814209,2
4,1471814209,1471814216,7
4,1471814217,1471814220,3
4,1471814220,1471814223,3
4,1471814225,1471814227,2
4,1471814227,1471814230,3
4,1471814233,1471814510,277
1,1471814237,1471814243,6
1,1471814289,1471814291,2
1,1471814354,1471814362,8
1,1471814384,1471814391,7
1,1471814394,1471814408,14
1,1471814419,1471814426,7
1,1471814465,1471814470,5
1,1471814475,1471814483,8
1,1471814506,1471814509,3
4,1471814510,1471814516,6
1,1471814513,1471814515,2
4,1471814516,1471814574,58
1,1471814518,1471814520,2
1,1471814563,1471814574,11
4,1471814576,1471814579,3
4,1471814579,1471814597,18
1,1471814581,1471814603,22
4,1471814597,1471814601,4
4,1471814601,1471814604,3
4,1471814604,1471814610,6
1,1471814607,1471814615,8
4,1471814610,1471814613,3
4,1471814613,1471814615,2
4,1471814616,1471814631,15
1,1471814621,1471814628,7
4,1471814632,1471814658,26
1,1471814647,1471814651,4
4,1471814658,1471814660,2
4,1471814661,1471814672,11
1,1471814668,1471814686,18
4,1471814673,1471814676,3
10,1471814673,1471814674,1
4,1471814676,1471814679,3
4,1471814679,1471814681,2
4,1471814682,1471814684,2
4,1471814684,1471814687,3
4,1471814687,1471814707,20
10,1471814688,1471814690,2
1,1471814689,1471814691,2
1,1471814694,1471814730,36
4,1471814712,1471814720,8
4,1471814725,1471814759,34
1,1471814741,1471814743,2
1,1471814758,1471814762,4
4,1471814759,1471814770,11
1,1471814769,1471814772,3
4,1471814770,1471814844,74
1,1471814802,1471814804,2
1,1471814826,1471814831,5
1,1471814836,1471814844,8
4,1471814845,1471814853,8
1,1471814847,1471814860,13
4,1471814857,1471814875,18
4,1471814875,1471814881,6
4,1471814881,1471814911,30
1,1471814907,1471814910,3
4,1471814911,1471814919,8
4,1471814919,1471814922,3
4,1471814922,1471814925,3
4,1471814925,1471814930,5
4,1471814930,1471815061,131
1,1471814949,1471814952,3
1,1471814959,1471814960,1
10,1471814961,1471814963,2
1,1471814998,1471815001,3
1,1471815006,1471815015,9
1,1471815033,1471815041,8
4,1471815061,1471815074,13
1,1471815064,1471815091,27
4,1471815074,1471815077,3
4,1471815077,1471815083,6
4,1471815083,1471815085,2
4,1471815085,1471815088,3
4,1471815088,1471815091,3
4,1471815091,1471815100,9
1,1471815094,1471815098,4
4,1471815100,1471815105,5
1,1471815101,1471815106,5
4,1471815107,1471815110,3
4,1471815110,1471815114,4
4,1471815114,1471815117,3
10,1471815114,1471815116,2
4,1471815117,1471815126,9
1,1471815121,1471815125,4
4,1471815126,1471815133,7
4,1471815133,1471815135,2
4,1471815135,1471815137,2
4,1471815137,1471815140,3
4,1471815140,1471815142,2
10,1471815141,1471815142,1
4,1471815142,1471815145,3
4,1471815145,1471815148,3
1,1471815146,1471815147,1
4,1471815148,1471815150,2
4,1471815151,1471815155,4
1,1471815152,1471815154,2
4,1471815156,1471815158,2
4,1471815159,1471815161,2
4,1471815161,1471815172,11
1,1471815164,1471815165,1
4,1471815172,1471815178,6
1,1471815174,1471815175,1
4,1471815185,1471815188,3
4,1471815188,1471815191,3
10,1471815189,1471815191,2
4,1471815192,1471815196,4
10,1471815192,1471815194,2
4,1471815196,1471815200,4
4,1471815201,1471815204,3
4,1471815204,1471815208,4
4,1471815210,1471815212,2
4,1471815212,1471815216,4
1,1471815213,1471815220,7
4,1471815219,1471815221,2
4,1471815221,1471815227,6
1,1471815224,1471815230,6
10,1471815227,1471815229,2
4,1471815231,1471815233,2
4,1471815236,1471815242,6
10,1471815236,1471815238,2
1,1471815239,1471815243,4
4,1471815244,1471815249,5
4,1471815250,1471815254,4
1,1471815255,1471815256,1
4,1471815258,1471815262,4
1,1471815260,1471815261,1
1,1471815269,1471815273,4
4,1471815274,1471815279,5
1,1471815278,1471815282,4
4,1471815280,1471815283,3
10,1471815280,1471815282,2
4,1471815287,1471815290,3
4,1471815291,1471815323,32
1,1471815293,1471815297,4
1,1471815303,1471815305,2
1,1471815309,1471815318,9
4,1471815323,1471815325,2
4,1471815325,1471815327,2
4,1471815328,1471815330,2
4,1471815330,1471815333,3
4,1471815334,1471815336,2
4,1471815336,1471815339,3
4,1471815339,1471815343,4
4,1471815343,1471815345,2
4,1471815346,1471815348,2
4,1471815348,1471815350,2
4,1471815350,1471815354,4
4,1471815354,1471815357,3
4,1471815358,1471815362,4
4,1471815363,1471815366,3
4,1471815366,1471815371,5
10,1471815368,1471815371,3
4,1471815371,1471815373,2
4,1471815374,1471815376,2
4,1471815376,1471815379,3
10,1471815377,1471815379,2
4,1471815379,1471815467,88
1,1471815385,1471815389,4
1,1471815405,1471815419,14
1,1471815422,1471815425,3
1,1471815431,1471815432,1
1,1471815461,1471815466,5
4,1471815468,1471815475,7
1,1471815470,1471815472,2
1,1471815475,1471815478,3
4,1471815479,1471815481,2
4,1471815481,1471816082,601
1,1471815976,1471815983,7
1,1471816015,1471816022,7
1,1471816054,1471816078,24
14,1471816077,1471816120,43
11,1471816080,1471816085,5
4,1471816083,1471816121,38
11,1471816085,1471816120,35
1,1471816085,1471816107,22
1,1471816112,1471816123,11
5,1471816118,1471816120,2
4,1471816126,1471816129,3
4,1471816130,1471816133,3
4,1471816133,1471816136,3
10,1471816134,1471816135,1
4,1471816136,1471816140,4
4,1471816140,1471816142,2
10,1471816140,1471816141,1
4,1471816146,1471816155,9
1,1471816148,1471816154,6
4,1471816156,1471816162,6
1,1471816161,1471816167,6
4,1471816163,1471816168,5
4,1471816168,1471816174,6
4,1471816174,1471816176,2
4,1471816176,1471816183,7
1,1471816180,1471816181,1
4,1471816184,1471816186,2
4,1471816186,1471816189,3
4,1471816190,1471816193,3
4,1471816193,1471816199,6
10,1471816193,1471816199,6
4,1471816200,1471816202,2
4,1471816202,1471816207,5
10,1471816204,1471816207,3
4,1471816208,1471816211,3
4,1471816212,1471816215,3
10,1471816213,1471816214,1
1,1471816217,1471816219,2
4,1471816226,1471816230,4
10,1471816227,1471816230,3
4,1471816230,1471816232,2
1,1471816235,1471816237,2
4,1471816238,1471816242,4
10,1471816239,1471816241,2
4,1471816243,1471816245,2
4,1471816245,1471816248,3
4,1471816250,1471816255,5
4,1471816255,1471816261,6
1,1471816256,1471816260,4
4,1471816261,1471816264,3
4,1471816264,1471816269,5
1,1471816265,1471816276,11
4,1471816271,1471816274,3
4,1471816277,1471816279,2
4,1471816279,1471816281,2
4,1471816282,1471816284,2
4,1471816285,1471816313,28
1,1471816291,1471816305,14
14,1471816305,1471816374,69
11,1471816312,1471816316,4
4,1471816313,1471816316,3
11,1471816316,1471816374,58
1,1471816319,1471816330,11
1,1471816339,1471816342,3
1,1471816351,1471816355,4
4,1471816356,1471816374,18
10,1471816358,1471816360,2
1,1471816359,1471816360,1
1,1471816368,1471816377,9
5,1471816372,1471816374,2
4,1471816380,1471816393,13
1,1471816383,1471816385,2
1,1471816389,1471816392,3
4,1471816393,1471816396,3
4,1471816396,1471816398,2
10,1471816396,1471816398,2
4,1471816399,1471816401,2
4,1471816401,1471816403,2
10,1471816402,1471816403,1
4,1471816404,1471816407,3
4,1471816407,1471816412,5
1,1471816417,1471816433,16
14,1471816431,1471816497,66
11,1471816438,1471816442,4
4,1471816438,1471816460,22
11,1471816442,1471816459,17
1,1471816443,1471816449,6
1,1471816453,1471816484,31
11,1471816460,1471816475,15
11,1471816475,1471816477,2
11,1471816477,1471816479,2
11,1471816479,1471816497,18
1,1471816487,1471816497,10
5,1471816495,1471816497,2
4,1471816497,1471816499,2
10,1471816500,1471816501,1
4,1471816502,1471816504,2
4,1471816504,1471816507,3
4,1471816508,1471816510,2
4,1471816510,1471816513,3
10,1471816510,1471816511,1
4,1471816513,1471816515,2
4,1471816516,1471816518,2
4,1471816518,1471816522,4
10,1471816520,1471816522,2
4,1471816522,1471816535,13
1,1471816531,1471816533,2
4,1471816537,1471816539,2
10,1471816538,1471816539,1
4,1471816539,1471816542,3
4,1471816543,1471816545,2
4,1471816547,1471816551,4
4,1471816551,1471816554,3
4,1471816554,1471816557,3
4,1471816557,1471816560,3
4,1471816560,1471816562,2
4,1471816562,1471816570,8
1,1471816568,1471816569,1
4,1471816570,1471816614,44
1,1471816573,1471816577,4
14,1471816576,1471816583,7
1,1471816584,1471816589,5
1,1471816592,1471816595,3
1,1471816605,1471816612,7
4,1471816615,1471816618,3
4,1471816618,1471816621,3
4,1471816622,1471816626,4
4,1471816628,1471816631,3
1,1471816631,1471816634,3
4,1471816634,1471816704,70
10,1471816636,1471816639,3
1,1471816638,1471816658,20
1,1471816666,1471816671,5
1,1471816674,1471816679,5
1,1471816699,1471816702,3
4,1471816704,1471816707,3
4,1471816707,1471816711,4
4,1471816711,1471816719,8
4,1471816719,1471816734,15
1,1471816730,1471816732,2
1,1471816745,1471816752,7
4,1471816754,1471816756,2
4,1471816756,1471816759,3
4,1471816760,1471816762,2
4,1471816762,1471816767,5
4,1471816769,1471816774,5
1,1471816770,1471816777,7
4,1471816774,1471816778,4
4,1471816778,1471816790,12
1,1471816783,1471816792,9
4,1471816793,1471816798,5
1,1471816796,1471816801,5
4,1471816802,1471816826,24
1,1471816823,1471816829,6
4,1471816832,1471816862,30
1,1471816832,1471816836,4
1,1471816852,1471816861,9
4,1471816866,1471816871,5
1,1471816867,1471816876,9
4,1471816874,1471816879,5
4,1471816881,1471816883,2
1,1471816881,1471816884,3
1,1471816894,1471816910,16
1,1471816917,1471816927,10
4,1471816928,1471816960,32
1,1471816933,1471816937,4
1,1471816941,1471816944,3
1,1471816951,1471816959,8
4,1471816960,1471816976,16
1,1471816963,1471816969,6
1,1471816973,1471816976,3
1,1471816979,1471816988,9
4,1471816981,1471817022,41
14,1471816988,1471816995,7
1,1471816995,1471816999,4
1,1471817003,1471817005,2
1,1471817008,1471817020,12
1,1471817026,1471817031,5
14,1471817031,1471817037,6
1,1471817038,1471817043,5
1,1471817047,1471817049,2
1,1471817055,1471817066,11
4,1471817067,1471817070,3
10,1471817069,1471817070,1
4,1471817072,1471817125,53
1,1471817078,1471817085,7
1,1471817094,1471817096,2
1,1471817108,1471817119,11
1,1471817127,1471817138,11
4,1471817135,1471817139,4
4,1471817139,1471817156,17
10,1471817139,1471817141,2
1,1471817149,1471817156,7
1,1471817168,1471817174,6
4,1471817174,1471817176,2
1,1471817179,1471817192,13
4,1471817188,1471817193,5
4,1471817193,1471817197,4
4,1471817198,1471817206,8
4,1471817206,1471817209,3
4,1471817209,1471817211,2
4,1471817211,1471817213,2
4,1471817213,1471817216,3
1,1471817221,1471817226,5
4,1471817223,1471817226,3
4,1471817227,1471817236,9
10,1471817229,1471817230,1
1,1471817230,1471817235,5
4,1471817236,1471817238,2
1,1471817239,1471817241,2
1,1471817268,1471817269,1
4,1471817270,1471817280,10
1,1471817277,1471817278,1
4,1471817280,1471817282,2
4,1471817282,1471817285,3
4,1471817285,1471817289,4
4,1471817289,1471817292,3
10,1471817290,1471817292,2
4,1471817292,1471817295,3
4,1471817296,1471817300,4
10,1471817298,1471817300,2
4,1471817300,1471817306,6
1,1471817301,1471817305,4
4,1471817306,1471817351,45
1,1471817312,1471817320,8
14,1471817320,1471817329,9
1,1471817331,1471817349,18
4,1471817351,1471817355,4
4,1471817356,1471817359,3
4,1471817359,1471817363,4
4,1471817365,1471817367,2
4,1471817370,1471817374,4
1,1471817371,1471817373,2
4,1471817375,1471817377,2
10,1471817376,1471817377,1
4,1471817377,1471817379,2
4,1471817380,1471817385,5
4,1471817385,1471817387,2
1,1471817385,1471817386,1
4,1471817388,1471817390,2
4,1471817390,1471817403,13
1,1471817395,1471817397,2
4,1471817403,1471817406,3
4,1471817406,1471817408,2
4,1471817409,1471817411,2
4,1471817411,1471817416,5
10,1471817423,1471817432,9
4,1471817434,1471817438,4
4,1471817438,1471817441,3
10,1471817439,1471817440,1
4,1471817442,1471817445,3
4,1471817445,1471817447,2
4,1471817447,1471817450,3
4,1471817452,1471817454,2
4,1471817455,1471817457,2
4,1471817457,1471817459,2
4,1471817459,1471817475,16
4,1471817475,1471817477,2
4,1471817477,1471817480,3
4,1471817481,1471817483,2
10,1471817483,1471817484,1
10,1471817485,1471817486,1
4,1471817486,1471817488,2
4,1471817489,1471817492,3
4,1471817492,1471817496,4
4,1471817496,1471817498,2
4,1471817499,1471817502,3
10,1471817500,1471817502,2
4,1471817502,1471817504,2
4,1471817506,1471817509,3
4,1471817509,1471817511,2
4,1471817511,1471817530,19
1,1471817524,1471817525,1
4,1471817530,1471817533,3
4,1471817533,1471817536,3
10,1471817534,1471817536,2
4,1471817536,1471817541,5
10,1471817537,1471817541,4
4,1471817541,1471817543,2
4,1471817544,1471817547,3
10,1471817545,1471817546,1
4,1471817547,1471817549,2
4,1471817549,1471817552,3
4,1471817552,1471817628,76
1,1471817566,1471817572,6
14,1471817572,1471817579,7
1,1471817580,1471817591,11
1,1471817594,1471817620,26
1,1471817623,1471817627,4
4,1471817628,1471817631,3
4,1471817631,1471817640,9
4,1471817640,1471817642,2
4,1471817642,1471817689,47
1,1471817652,1471817657,5
1,1471817662,1471817665,3
14,1471817665,1471817671,6
1,1471817673,1471817676,3
1,1471817681,1471817685,4
4,1471817691,1471817726,35
1,1471817693,1471817705,12
14,1471817696,1471817703,7
1,1471817716,1471817725,9
14,1471817722,1471817796,74
11,1471817725,1471817729,4
4,1471817726,1471817738,12
11,1471817729,1471817732,3
1,1471817730,1471817746,16
11,1471817732,1471817737,5
4,1471817738,1471817784,46
11,1471817738,1471817742,4
11,1471817743,1471817783,40
1,1471817761,1471817785,24
11,1471817784,1471817796,12
1,1471817792,1471817799,7
5,1471817794,1471817796,2
4,1471817797,1471817800,3
4,1471817802,1471817841,39
1,1471817805,1471817816,11
14,1471817813,1471817820,7
1,1471817820,1471817840,20
4,1471817843,1471817876,33
1,1471817847,1471817851,4
14,1471817851,1471817858,7
1,1471817859,1471817878,19
4,1471817876,1471817879,3
4,1471817879,1471817881,2
4,1471817882,1471817888,6
10,1471817883,1471817888,5
4,1471817888,1471817891,3
1,1471817889,1471817890,1
4,1471817891,1471817893,2
4,1471817893,1471817898,5
1,1471817896,1471817897,1
4,1471817902,1471817905,3
1,1471817903,1471817905,2
4,1471817908,1471817914,6
4,1471817914,1471817919,5
4,1471817919,1471817925,6
1,1471817921,1471817924,3
1,1471817932,1471817938,6
14,1471817936,1471817942,6
1,1471817942,1471817961,19
1,1471817967,1471817969,2
4,1471817970,1471817972,2
4,1471817972,1471817976,4
4,1471817985,1471818003,18
1,1471817998,1471818018,20
4,1471818005,1471818013,8
4,1471818015,1471818019,4
1,1471818027,1471818031,4
1,1471818035,1471818042,7
4,1471818041,1471818048,7
1,1471818046,1471818081,35
4,1471818049,1471818063,14
4,1471818063,1471818068,5
4,1471818068,1471818072,4
4,1471818072,1471818101,29
14,1471818081,1471818090,9
1,1471818089,1471818091,2
1,1471818094,1471818104,10
4,1471818105,1471818108,3
1,1471818114,1471818131,17
4,1471818119,1471818121,2
4,1471818126,1471818132,6
4,1471818132,1471818134,2
4,1471818135,1471818139,4
10,1471818135,1471818136,1
10,1471818137,1471818139,2
4,1471818139,1471818143,4
1,1471818154,1471818157,3
14,1471818157,1471818164,7
1,1471818161,1471818172,11
4,1471818173,1471818204,31
1,1471818179,1471818182,3
14,1471818182,1471818189,7
1,1471818188,1471818200,12
14,1471818200,1471818376,176
11,1471818202,1471818207,5
4,1471818204,1471818282,78
11,1471818207,1471818376,169
1,1471818207,1471818217,10
1,1471818254,1471818271,17
1,1471818279,1471818282,3
4,1471818282,1471818285,3
4,1471818285,1471818288,3
4,1471818288,1471818324,36
1,1471818307,1471818309,2
1,1471818320,1471818323,3
4,1471818324,1471818326,2
4,1471818326,1471818328,2
4,1471818328,1471818332,4
1,1471818330,1471818336,6
4,1471818333,1471818342,9
4,1471818354,1471818356,2
4,1471818356,1471818358,2
4,1471818358,1471818362,4
4,1471818362,1471818369,7
1,1471818365,1471818366,1
4,1471818369,1471818376,7
10,1471818369,1471818371,2
1,1471818373,1471818378,5
5,1471818374,1471818376,2
4,1471818381,1471818402,21
1,1471818382,1471818404,22
4,1471818402,1471818406,4
4,1471818406,1471818419,13
4,1471818419,1471818437,18
1,1471818422,1471818436,14
4,1471818437,1471818441,4
1,1471818439,1471818440,1
4,1471818441,1471818450,9
1,1471818445,1471818448,3
4,1471818450,1471818455,5
4,1471818455,1471818463,8
1,1471818460,1471818462,2
1,1471818469,1471818472,3
4,1471818473,1471818476,3
4,1471818476,1471818513,37
1,1471818480,1471818488,8
1,1471818491,1471818492,1
1,1471818508,1471818517,9
4,1471818513,1471818543,30
1,1471818521,1471818526,5
1,1471818529,1471818532,3
1,1471818537,1471818539,2
4,1471818543,1471818612,69
1,1471818544,1471818548,4
1,1471818554,1471818557,3
1,1471818561,1471818566,5
1,1471818576,1471818592,16
5,1471818592,1471818598,6
1,1471818599,1471818611,12
4,1471818612,1471818618,6
10,1471818613,1471818618,5
4,1471818618,1471818621,3
4,1471818621,1471818625,4
10,1471818622,1471818625,3
4,1471818625,1471818643,18
1,1471818630,1471818632,2
1,1471818639,1471818642,3
4,1471818643,1471818645,2
4,1471818645,1471818649,4
1,1471818646,1471818647,1
1,1471818657,1471818660,3
1,1471818666,1471818671,5
4,1471818674,1471818689,15
1,1471818676,1471818686,10
4,1471818698,1471818770,72
1,1471818704,1471818725,21
1,1471818749,1471818769,20
1,1471818790,1471818791,1
4,1471818795,1471818920,125
1,1471818797,1471818799,2
1,1471818872,1471818885,13
1,1471818889,1471818913,24
4,1471818920,1471818937,17
1,1471818925,1471818931,6
4,1471818937,1471818957,20
1,1471818938,1471818942,4
1,1471818955,1471818959,4
4,1471818957,1471818994,37
1,1471818964,1471818966,2
1,1471818970,1471818987,17
1,1471818995,1471819004,9
4,1471819010,1471819029,19
1,1471819016,1471819018,2
1,1471819021,1471819053,32
4,1471819029,1471819409,380
1,1471819358,1471819377,19
1,1471819386,1471819404,18
4,1471819409,1471819432,23
1,1471819412,1471819442,30
4,1471819432,1471819526,94
1,1471819448,1471819460,12
1,1471819476,1471819479,3
1,1471819484,1471819486,2
1,1471819506,1471819507,1
1,1471819513,1471819525,12
1,1471819530,1471819536,6
1,1471819563,1471819564,1
4,1471819565,1471819567,2
4,1471819567,1471819570,3
4,1471819573,1471819578,5
1,1471819574,1471819594,20
4,1471819579,1471819582,3
4,1471819583,1471819586,3
4,1471819587,1471819589,2
4,1471819589,1471819592,3
4,1471819592,1471819596,4
4,1471819597,1471819629,32
1,1471819598,1471819601,3
4,1471819631,1471819641,10
1,1471819636,1471819640,4
4,1471819641,1471819647,6
4,1471819647,1471819650,3
10,1471819648,1471819650,2
4,1471819650,1471819652,2
4,1471819653,1471819656,3
4,1471819658,1471819660,2
10,1471819658,1471819659,1
4,1471819660,1471819662,2
4,1471819662,1471819665,3
4,1471819665,1471819668,3
10,1471819666,1471819668,2
4,1471819668,1471819671,3
4,1471819671,1471819676,5
10,1471819674,1471819676,2
4,1471819676,1471819682,6
10,1471819677,1471819682,5
4,1471819682,1471819684,2
4,1471819684,1471819688,4
4,1471819688,1471819692,4
1,1471819690,1471819691,1
4,1471819692,1471819696,4
4,1471819696,1471819699,3
4,1471819700,1471819702,2
4,1471819702,1471819721,19
1,1471819716,1471819717,1
4,1471819721,1471819725,4
10,1471819723,1471819725,2
4,1471819725,1471819727,2
4,1471819727,1471819730,3
10,1471819729,1471819730,1
4,1471819730,1471819734,4
4,1471819736,1471819740,4
4,1471819740,1471819744,4
1,1471819741,1471819754,13
4,1471819747,1471819751,4
4,1471819751,1471819755,4
4,1471819755,1471819760,5
10,1471819757,1471819759,2
1,1471819758,1471819759,1
4,1471819760,1471819762,2
10,1471819761,1471819762,1
4,1471819763,1471819767,4
10,1471819763,1471819765,2
1,1471819764,1471819766,2
4,1471819767,1471819769,2
4,1471819769,1471819778,9
1,1471819775,1471819777,2
4,1471819778,1471819781,3
4,1471819781,1471819784,3
4,1471819784,1471819790,6
10,1471819786,1471819790,4
4,1471819790,1471819792,2
10,1471819790,1471819792,2
4,1471819792,1471819794,2
4,1471819794,1471819799,5
4,1471819799,1471819802,3
4,1471819804,1471819806,2
4,1471819806,1471819809,3
10,1471819808,1471819809,1
4,1471819809,1471819811,2
4,1471819812,1471819815,3
10,1471819813,1471819815,2
4,1471819815,1471819818,3
10,1471819815,1471819816,1
4,1471819819,1471819821,2
4,1471819821,1471819825,4
10,1471819822,1471819823,1
4,1471819826,1471819829,3
4,1471819830,1471819832,2
4,1471819832,1471819834,2
4,1471819835,1471819837,2
4,1471819838,1471819840,2
4,1471819840,1471819842,2
4,1471819842,1471819844,2
4,1471819844,1471819853,9
1,1471819848,1471819875,27
4,1471819855,1471819861,6
4,1471819861,1471819866,5
4,1471819869,1471819872,3
4,1471819872,1471819878,6
4,1471819878,1471819880,2
10,1471819879,1471819880,1
1,1471819887,1471819895,8
14,1471819893,1471819905,12
1,1471819910,1471819915,5
1,1471819920,1471819930,10
4,1471819923,1471819926,3
4,1471819928,1471819931,3
4,1471819931,1471819941,10
4,1471819941,1471819943,2
4,1471819943,1471819945,2
4,1471819946,1471819949,3
10,1471819946,1471819948,2
1,1471819947,1471819951,4
4,1471819949,1471819951,2
4,1471819952,1471819955,3
4,1471819955,1471819957,2
4,1471819958,1471819960,2
4,1471819960,1471819963,3
1,1471819965,1471819971,6
4,1471819968,1471819977,9
1,1471819974,1471819999,25
4,1471819978,1471819981,3
4,1471819981,1471819986,5
4,1471819988,1471819995,7
4,1471819995,1471819998,3
4,1471819998,1471820000,2
4,1471820000,1471820031,31
1,1471820026,1471820028,2
4,1471820032,1471820034,2
4,1471820035,1471820039,4
4,1471820039,1471820044,5
1,1471820040,1471820050,10
4,1471820047,1471820049,2
4,1471820051,1471820054,3
4,1471820055,1471820059,4
1,1471820055,1471820064,9
4,1471820059,1471820063,4
4,1471820063,1471820065,2
4,1471820065,1471820067,2
4,1471820067,1471820072,5
10,1471820068,1471820070,2
10,1471820071,1471820072,1
4,1471820072,1471820075,3
4,1471820075,1471820077,2
4,1471820078,1471820081,3
4,1471820081,1471820085,4
4,1471820085,1471820088,3
1,1471820086,1471820093,7
4,1471820091,1471820093,2
1,1471820097,1471820108,11
14,1471820101,1471820110,9
1,1471820111,1471820113,2
4,1471820114,1471820116,2
4,1471820116,1471820118,2
4,1471820118,1471820121,3
4,1471820121,1471820125,4
10,1471820122,1471820125,3
4,1471820125,1471820133,8
1,1471820127,1471820135,8
4,1471820133,1471820137,4
1,1471820139,1471820154,15
14,1471820148,1471820155,7
1,1471820157,1471820173,16
4,1471820174,1471820176,2
4,1471820176,1471820178,2
4,1471820178,1471820181,3
4,1471820181,1471820190,9
4,1471820190,1471820193,3
4,1471820193,1471820195,2
4,1471820195,1471820197,2
4,1471820198,1471820225,27
4,1471820225,1471820230,5
10,1471820227,1471820228,1
4,1471820230,1471820234,4
4,1471820234,1471820236,2
10,1471820235,1471820236,1
4,1471820236,1471820241,5
4,1471820241,1471820254,13
4,1471820254,1471820257,3
10,1471820254,1471820255,1
4,1471820257,1471820259,2
10,1471820260,1471820262,2
4,1471820262,1471820271,9
1,1471820264,1471820268,4
4,1471820271,1471820273,2
4,1471820273,1471820284,11
4,1471820284,1471820289,5
1,1471820286,1471820292,6
4,1471820290,1471820292,2
4,1471820293,1471820295,2
4,1471820295,1471820298,3
4,1471820300,1471820314,14
4,1471820314,1471820319,5
4,1471820319,1471820321,2
4,1471820322,1471820325,3
4,1471820325,1471820332,7
4,1471820332,1471820334,2
4,1471820334,1471820337,3
1,1471820335,1471820336,1
4,1471820337,1471820343,6
1,1471820340,1471820343,3
4,1471820343,1471820346,3
4,1471820348,1471820350,2
1,1471820349,1471820354,5
4,1471820350,1471820354,4
4,1471820359,1471820365,6
10,1471820362,1471820365,3
4,1471820365,1471820367,2
4,1471820369,1471820372,3
4,1471820372,1471820374,2
4,1471820374,1471820376,2
4,1471820376,1471820378,2
10,1471820377,1471820378,1
4,1471820378,1471820382,4
4,1471820383,1471820386,3
4,1471820386,1471820388,2
4,1471820389,1471820391,2
4,1471820392,1471820394,2
4,1471820394,1471820398,4
4,1471820398,1471820401,3
4,1471820402,1471820404,2
10,1471820405,1471820412,7
4,1471820412,1471820414,2
4,1471820415,1471820417,2
4,1471820417,1471820419,2
4,1471820419,1471820438,19
1,1471820428,1471820440,12
4,1471820438,1471820442,4
4,1471820442,1471820444,2
4,1471820444,1471820449,5
10,1471820446,1471820447,1
1,1471820446,1471820453,7
4,1471820450,1471820454,4
4,1471820454,1471820456,2
4,1471820456,1471820458,2
4,1471820459,1471820461,2
4,1471820461,1471820466,5
1,1471820462,1471820465,3
4,1471820467,1471820469,2
4,1471820469,1471820471,2
1,1471820472,1471820473,1
4,1471820475,1471820478,3
4,1471820478,1471820484,6
1,1471820480,1471820483,3
4,1471820486,1471820494,8
10,1471820488,1471820491,3
1,1471820490,1471820491,1
1,1471820500,1471820502,2
4,1471820503,1471820508,5
1,1471820506,1471820507,1
1,1471820511,1471820515,4
14,1471820515,1471820522,7
1,1471820525,1471820528,3
1,1471820538,1471820540,2
4,1471820541,1471820544,3
4,1471820544,1471820547,3
4,1471820547,1471820575,28
1,1471820551,1471820572,21
14,1471820555,1471820561,6
4,1471820575,1471820577,2
4,1471820577,1471820579,2
1,1471820580,1471820582,2
4,1471820583,1471820585,2
4,1471820585,1471820587,2
10,1471820587,1471820589,2
4,1471820589,1471820591,2
4,1471820591,1471820594,3
4,1471820594,1471820598,4
1,1471820596,1471820600,4
4,1471820598,1471820609,11
10,1471820599,1471820600,1
4,1471820609,1471820636,27
1,1471820610,1471820621,11
14,1471820619,1471820625,6
1,1471820626,1471820639,13
4,1471820636,1471820639,3
4,1471820640,1471820648,8
1,1471820646,1471820647,1
4,1471820648,1471820652,4
4,1471820652,1471820655,3
4,1471820656,1471820659,3
4,1471820659,1471820661,2
4,1471820661,1471820663,2
4,1471820663,1471820667,4
4,1471820667,1471820671,4
4,1471820671,1471820674,3
1,1471820674,1471820677,3
4,1471820678,1471820682,4
4,1471820682,1471820684,2
4,1471820684,1471820686,2
4,1471820687,1471820689,2
4,1471820689,1471820691,2
4,1471820692,1471820694,2
4,1471820694,1471820696,2
4,1471820696,1471820698,2
4,1471820699,1471820702,3
4,1471820702,1471820705,3
4,1471820705,1471820707,2
10,1471820706,1471820707,1
4,1471820707,1471820712,5
1,1471820710,1471820717,7
4,1471820713,1471820717,4
4,1471820719,1471820722,3
10,1471820721,1471820722,1
4,1471820722,1471820725,3
4,1471820725,1471820728,3
10,1471820726,1471820729,3
1,1471820729,1471820732,3
4,1471820733,1471820878,145
1,1471820735,1471820740,5
14,1471820740,1471820746,6
1,1471820746,1471820749,3
1,1471820767,1471820773,6
1,1471820780,1471820791,11
1,1471820794,1471820799,5
1,1471820802,1471820816,14
1,1471820823,1471820834,11
1,1471820860,1471820876,16
4,1471820878,1471820885,7
1,1471820882,1471820884,2
4,1471820885,1471820888,3
10,1471820886,1471820888,2
4,1471820888,1471820890,2
4,1471820890,1471820892,2
4,1471820892,1471820895,3
10,1471820895,1471820898,3
4,1471820898,1471820901,3
10,1471820899,1471820900,1
4,1471820906,1471820908,2
10,1471820906,1471820908,2
4,1471820908,1471820912,4
4,1471820912,1471820915,3
4,1471820915,1471820919,4
4,1471820919,1471857610,36691
1,1471820944,1471820964,20
1,1471821076,1471821081,5
1,1471821109,1471821121,12
1,1471857573,1471857594,21
1,1471857606,1471857612,6
4,1471857612,1471857621,9
1,1471857618,1471857620,2
4,1471857621,1471857678,57
1,1471857640,1471857656,16
1,1471857676,1471857677,1
4,1471857678,1471857681,3
10,1471857680,1471857681,1
4,1471857681,1471857683,2
4,1471857683,1471857686,3
10,1471857684,1471857686,2
4,1471857686,1471857689,3
4,1471857689,1471857693,4
4,1471857693,1471857699,6
10,1471857694,1471857699,5
4,1471857699,1471857731,32
1,1471857718,1471857730,12
4,1471857732,1471857742,10
10,1471857733,1471857742,9
4,1471857742,1471857744,2
10,1471857744,1471857750,6
4,1471857750,1471857753,3
10,1471857750,1471857753,3
4,1471857753,1471857762,9
4,1471857762,1471857765,3
1,1471857802,1471857803,1
4,1471857805,1471857850,45
1,1471857841,1471857845,4
4,1471857850,1471857861,11
1,1471857852,1471857856,4
4,1471857861,1471857864,3
4,1471857865,1471857867,2
4,1471857868,1471857871,3
4,1471857871,1471857873,2
10,1471857871,1471857873,2
4,1471857873,1471857878,5
10,1471857874,1471857875,1
4,1471857879,1471857881,2
10,1471857879,1471857881,2
4,1471857881,1471857884,3
4,1471857884,1471857891,7
4,1471857891,1471857894,3
1,1471857892,1471857893,1
4,1471857894,1471857899,5
4,1471857899,1471857905,6
1,1471857901,1471857902,1
4,1471857906,1471857910,4
4,1471857911,1471857917,6
4,1471857918,1471857922,4
4,1471857922,1471857924,2
4,1471857924,1471857927,3
4,1471857927,1471857929,2
4,1471857931,1471857936,5
1,1471857932,1471857936,4
4,1471857937,1471857940,3
4,1471857941,1471857948,7
4,1471857951,1471857953,2
4,1471857953,1471857955,2
4,1471857956,1471857961,5
4,1471857961,1471857964,3
4,1471857964,1471857966,2
4,1471857966,1471857970,4
4,1471857970,1471857972,2
4,1471857974,1471857976,2
4,1471857976,1471857980,4
10,1471857977,1471857978,1
4,1471857980,1471857982,2
4,1471857982,1471857986,4
1,1471857983,1471857991,8
4,1471857992,1471858008,16
1,1471858001,1471858003,2
10,1471858003,1471858008,5
4,1471858008,1471858012,4
4,1471858014,1471858016,2
4,1471858016,1471858020,4
4,1471858021,1471858023,2
4,1471858023,1471858044,21
1,1471858031,1471858036,5
4,1471858044,1471858047,3
4,1471858047,1471858051,4
1,1471858049,1471858050,1
4,1471858051,1471858053,2
4,1471858053,1471858057,4
4,1471858057,1471858064,7
10,1471858058,1471858059,1
1,1471858059,1471858063,4
4,1471858064,1471858071,7
4,1471858072,1471858074,2
10,1471858072,1471858073,1
4,1471858074,1471858077,3
10,1471858077,1471858079,2
1,1471858079,1471858087,8
4,1471858083,1471858089,6
4,1471858089,1471858093,4
1,1471858090,1471858092,2
4,1471858093,1471858095,2
4,1471858095,1471858098,3
4,1471858100,1471858105,5
1,1471858102,1471858114,12
4,1471858107,1471858111,4
4,1471858111,1471858116,5
4,1471858116,1471858120,4
1,1471858117,1471858127,10
4,1471858120,1471858124,4
4,1471858126,1471858128,2
4,1471858129,1471858133,4
1,1471858131,1471858132,1
4,1471858135,1471858137,2
4,1471858137,1471858141,4
4,1471858141,1471858171,30
1,1471858142,1471858145,3
1,1471858156,1471858159,3
1,1471858166,1471858170,4
4,1471858171,1471858176,5
4,1471858176,1471858181,5
4,1471858181,1471858184,3
4,1471858185,1471858187,2
4,1471858189,1471858191,2
10,1471858190,1471858191,1
4,1471858191,1471858195,4
4,1471858195,1471858198,3
4,1471858198,1471858201,3
4,1471858208,1471858213,5
4,1471858213,1471858215,2
4,1471858215,1471858217,2
4,1471858217,1471858219,2
10,1471858217,1471858219,2
4,1471858219,1471858222,3
4,1471858222,1471858226,4
1,1471858223,1471858225,2
4,1471858226,1471858229,3
4,1471858229,1471858232,3
4,1471858232,1471858234,2
4,1471858235,1471858238,3
4,1471858239,1471858241,2
4,1471858241,1471858243,2
4,1471858245,1471858247,2
4,1471858248,1471858255,7
1,1471858253,1471858254,1
4,1471858257,1471858259,2
4,1471858259,1471858262,3
4,1471858262,1471858287,25
1,1471858279,1471858283,4
4,1471858287,1471858290,3
4,1471858290,1471858293,3
4,1471858293,1471858295,2
4,1471858295,1471858299,4
4,1471858299,1471858302,3
4,1471858302,1471858304,2
4,1471858304,1471858307,3
10,1471858305,1471858306,1
4,1471858307,1471858311,4
1,1471858308,1471858310,2
4,1471858311,1471858314,3
4,1471858314,1471858316,2
4,1471858316,1471858321,5
1,1471858318,1471858320,2
1,1471858323,1471858331,8
4,1471858325,1471858327,2
4,1471858332,1471858342,10
1,1471858334,1471858350,16
4,1471858344,1471858347,3
4,1471858351,1471858353,2
4,1471858354,1471858357,3
4,1471858357,1471858359,2
4,1471858359,1471858361,2
4,1471858362,1471858365,3
4,1471858365,1471858367,2
4,1471858368,1471858370,2
4,1471858370,1471858373,3
4,1471858373,1471858379,6
1,1471858384,1471858412,28
4,1471858396,1471858401,5
4,1471858404,1471858413,9
10,1471858404,1471858412,8
4,1471858414,1471858416,2
4,1471858416,1471858419,3
4,1471858419,1471858421,2
4,1471858421,1471858423,2
4,1471858424,1471858432,8
4,1471858432,1471858434,2
4,1471858435,1471858439,4
10,1471858436,1471858439,3
4,1471858439,1471858445,6
10,1471858440,1471858441,1
1,1471858440,1471858446,6
4,1471858447,1471858452,5
4,1471858453,1471858455,2
4,1471858455,1471858458,3
10,1471858456,1471858458,2
4,1471858458,1471858460,2
4,1471858460,1471858464,4
10,1471858461,1471858462,1
4,1471858464,1471858470,6
4,1471858474,1471858476,2
10,1471858475,1471858476,1
4,1471858477,1471858479,2
10,1471858477,1471858478,1
1,1471858477,1471858479,2
4,1471858479,1471858485,6
1,1471858482,1471858484,2
4,1471858485,1471858490,5
10,1471858486,1471858488,2
10,1471858489,1471858491,2
10,1471858491,1471858495,4
4,1471858495,1471858499,4
10,1471858499,1471858501,2
4,1471858501,1471858505,4
4,1471858506,1471858508,2
10,1471858508,1471858514,6
4,1471858514,1471858516,2
4,1471858516,1471858518,2
4,1471858518,1471858549,31
1,1471858529,1471858531,2
1,1471858547,1471858548,1
4,1471858549,1471858551,2
4,1471858551,1471858554,3
4,1471858554,1471858562,8
1,1471858558,1471858561,3
4,1471858563,1471858565,2
10,1471858564,1471858565,1
4,1471858565,1471858569,4
10,1471858570,1471858572,2
4,1471858572,1471858574,2
1,1471858583,1471858592,9
4,1471858590,1471858593,3
4,1471858593,1471858599,6
10,1471858595,1471858597,2
1,1471858596,1471858601,5
4,1471858599,1471858605,6
4,1471858605,1471858610,5
10,1471858606,1471858608,2
1,1471858607,1471858609,2
4,1471858611,1471858617,6
10,1471858612,1471858615,3
1,1471858613,1471858616,3
4,1471858617,1471858621,4
1,1471858622,1471858632,10
4,1471858626,1471858630,4
4,1471858634,1471858638,4
4,1471858639,1471858694,55
1,1471858661,1471858662,1
1,1471858689,1471858702,13
4,1471858694,1471858699,5
4,1471858701,1471858736,35
1,1471858727,1471858738,11
4,1471858736,1471858740,4
4,1471858740,1471858742,2
4,1471858742,1471858746,4
4,1471858747,1471858750,3
4,1471858750,1471858755,5
4,1471858755,1471858759,4
10,1471858757,1471858759,2
4,1471858759,1471858764,5
1,1471858762,1471858763,1
4,1471858765,1471858768,3
1,1471858771,1471858775,4
4,1471858776,1471858779,3
4,1471858782,1471858784,2
4,1471858785,1471858802,17
1,1471858799,1471858804,5
4,1471858803,1471858805,2
4,1471858805,1471858807,2
4,1471858808,1471858810,2
4,1471858810,1471858817,7
10,1471858811,1471858812,1
1,1471858813,1471858816,3
4,1471858818,1471858882,64
1,1471858826,1471858828,2
1,1471858834,1471858844,10
14,1471858838,1471858852,14
1,1471858851,1471858858,7
1,1471858863,1471858867,4
1,1471858876,1471858881,5
4,1471858883,1471858885,2
4,1471858886,1471858891,5
10,1471858888,1471858891,3
4,1471858891,1471858893,2
4,1471858893,1471858896,3
4,1471858896,1471858899,3
4,1471858899,1471858902,3
4,1471858908,1471858917,9
4,1471858917,1471858925,8
1,1471858918,1471858919,1
1,1471858923,1471858925,2
4,1471858925,1471858936,11
1,1471858928,1471858932,4
4,1471858936,1471858941,5
1,1471858937,1471858938,1
10,1471858939,1471858940,1
10,1471858940,1471858941,1
4,1471858941,1471858949,8
1,1471858945,1471858947,2
4,1471858949,1471858956,7
1,1471858952,1471858953,1
4,1471858956,1471858961,5
1,1471858958,1471858959,1
4,1471858961,1471859051,90
1,1471858973,1471858977,4
1,1471858985,1471858990,5
1,1471859003,1471859005,2
1,1471859012,1471859018,6
14,1471859014,1471859021,7
1,1471859022,1471859028,6
1,1471859045,1471859047,2
4,1471859053,1471859056,3
4,1471859058,1471859061,3
10,1471859059,1471859060,1
4,1471859061,1471859066,5
1,1471859064,1471859066,2
4,1471859066,1471859069,3
4,1471859069,1471859071,2
10,1471859069,1471859070,1
4,1471859072,1471859074,2
1,1471859105,1471859108,3
1,1471859116,1471859119,3
4,1471859121,1471859123,2
4,1471859123,1471859126,3
4,1471859126,1471859128,2
4,1471859128,1471859130,2
4,1471859130,1471859132,2
4,1471859133,1471859135,2
4,1471859135,1471859140,5
4,1471859140,1471859143,3
10,1471859141,1471859143,2
4,1471859144,1471859146,2
4,1471859146,1471859150,4
10,1471859148,1471859150,2
4,1471859151,1471859153,2
4,1471859153,1471859155,2
4,1471859156,1471859160,4
10,1471859159,1471859160,1
4,1471859160,1471859162,2
4,1471859162,1471859167,5
10,1471859162,1471859164,2
4,1471859169,1471859202,33
1,1471859183,1471859189,6
14,1471859187,1471859194,7
1,1471859197,1471859199,2
4,1471859202,1471859205,3
1,1471859202,1471859204,2
4,1471859205,1471859207,2
4,1471859208,1471859210,2
4,1471859210,1471859212,2
10,1471859211,1471859212,1
4,1471859213,1471859368,155
1,1471859218,1471859222,4
14,1471859222,1471859231,9
1,1471859243,1471859253,10
1,1471859256,1471859259,3
1,1471859265,1471859270,5
1,1471859275,1471859281,6
1,1471859285,1471859289,4
1,1471859304,1471859311,7
1,1471859317,1471859318,1
1,1471859348,1471859353,5
1,1471859357,1471859358,1
1,1471859363,1471859374,11
4,1471859373,1471859375,2
4,1471859375,1471859379,4
10,1471859378,1471859379,1
4,1471859379,1471859382,3
1,1471859380,1471859382,2
4,1471859383,1471859385,2
4,1471859385,1471859388,3
10,1471859386,1471859388,2
4,1471859388,1471859390,2
4,1471859390,1471859393,3
4,1471859393,1471859395,2
4,1471859395,1471859399,4
10,1471859396,1471859399,3
4,1471859399,1471859465,66
1,1471859410,1471859417,7
1,1471859421,1471859424,3
1,1471859438,1471859444,6
1,1471859459,1471859464,5
4,1471859465,1471859467,2
4,1471859468,1471859474,6
1,1471859470,1471859473,3
4,1471859474,1471859490,16
1,1471859477,1471859487,10
10,1471859490,1471859504,14
1,1471859492,1471859584,92
4,1471859511,1471859517,6
4,1471859528,1471859541,13
4,1471859544,1471859553,9
4,1471859562,1471859566,4
4,1471859575,1471859591,16
4,1471859591,1471859594,3
1,1471859592,1471859593,1
4,1471859594,1471859603,9
4,1471859603,1471859619,16
1,1471859618,1471859621,3
4,1471859619,1471859621,2
1,1471859625,1471859626,1
4,1471859627,1471859638,11
1,1471859633,1471859640,7
1,1471859644,1471859645,1
1,1471859652,1471859676,24
4,1471859657,1471859660,3
4,1471859673,1471859679,6
4,1471859681,1471859688,7
1,1471859682,1471859685,3
1,1471859690,1471859692,2
4,1471859694,1471859731,37
1,1471859704,1471859720,16
1,1471859724,1471859730,6
4,1471859731,1471859738,7
4,1471859738,1471859829,91
1,1471859743,1471859753,10
1,1471859762,1471859768,6
1,1471859778,1471859784,6
1,1471859799,1471859804,5
1,1471859820,1471859847,27
4,1471859834,1471859839,5
4,1471859840,1471859849,9
4,1471859854,1471859860,6
1,1471859856,1471859882,26
4,1471859865,1471859868,3
4,1471859872,1471859877,5
10,1471859877,1471859879,2
4,1471859883,1471859888,5
10,1471859883,1471859884,1
1,1471859892,1471859893,1
4,1471859895,1471859905,10
1,1471859903,1471859905,2
4,1471859905,1471859911,6
10,1471859906,1471859910,4
1,1471859909,1471859917,8
4,1471859911,1471859919,8
4,1471859919,1471859924,5
1,1471859921,1471859926,5
4,1471859926,1471859989,63
1,1471859961,1471859965,4
1,1471859969,1471859970,1
1,1471859982,1471859993,11
4,1471859989,1471859994,5
4,1471859994,1471860007,13
10,1471859995,1471859996,1
1,1471859998,1471860003,5
4,1471860007,1471860012,5
1,1471860009,1471860012,3
4,1471860012,1471860017,5
10,1471860015,1471860016,1
4,1471860017,1471860030,13
10,1471860017,1471860019,2
10,1471860030,1471860046,16
4,1471860046,1471860048,2
4,1471860048,1471860051,3
4,1471860052,1471860063,11
10,1471860053,1471860061,8
4,1471860064,1471860068,4
10,1471860065,1471860068,3
4,1471860068,1471860070,2
10,1471860068,1471860069,1
4,1471860070,1471860075,5
10,1471860076,1471860077,1
4,1471860077,1471860079,2
4,1471860080,1471860085,5
10,1471860082,1471860084,2
10,1471860084,1471860085,1
4,1471860085,1471860088,3
4,1471860088,1471860092,4
4,1471860092,1471860098,6
1,1471860095,1471860096,1
1,1471860102,1471860104,2
4,1471860105,1471860109,4
10,1471860106,1471860107,1
4,1471860109,1471860130,21
10,1471860111,1471860113,2
1,1471860112,1471860117,5
4,1471860130,1471860142,12
1,1471860131,1471860137,6
4,1471860143,1471860148,5
10,1471860145,1471860148,3
4,1471860148,1471860151,3
4,1471860151,1471860155,4
4,1471860155,1471860158,3
4,1471860158,1471860162,4
1,1471860160,1471860165,5
4,1471860163,1471860166,3
4,1471860166,1471860177,11
1,1471860171,1471860193,22
4,1471860179,1471860188,9
4,1471860188,1471860192,4
1,1471860246,1471860262,16
4,1471860252,1471860257,5
4,1471860257,1471860266,9
4,1471860273,1471860276,3
4,1471860276,1471860279,3
10,1471860276,1471860278,2
4,1471860279,1471860287,8
10,1471860280,1471860281,1
4,1471860287,1471860289,2
4,1471860289,1471860292,3
10,1471860290,1471860292,2
4,1471860292,1471860297,5
10,1471860294,1471860295,1
1,1471860311,1471860314,3
4,1471860315,1471860318,3
4,1471860320,1471860351,31
1,1471860322,1471860325,3
1,1471860349,1471860350,1
4,1471860352,1471860362,10
1,1471860359,1471860361,2
4,1471860362,1471860379,17
10,1471860364,1471860367,3
1,1471860366,1471860368,2
1,1471860376,1471860378,2
4,1471860379,1471860417,38
1,1471860413,1471860415,2
4,1471860417,1471860459,42
1,1471860422,1471860424,2
1,1471860456,1471860465,9
4,1471860467,1471860473,6
10,1471860467,1471860472,5
4,1471860473,1471860476,3
4,1471860477,1471860479,2
4,1471860479,1471860481,2
4,1471860481,1471860495,14
1,1471860485,1471860487,2
4,1471860495,1471860500,5
1,1471860497,1471860506,9
4,1471860509,1471860513,4
10,1471860511,1471860513,2
4,1471860513,1471860516,3
4,1471860516,1471860518,2
4,1471860520,1471860523,3
1,1471860522,1471860523,1
4,1471860524,1471860546,22
1,1471860527,1471860533,6
1,1471860541,1471860543,2
4,1471860546,1471860548,2
4,1471860548,1471860551,3
4,1471860562,1471860647,85
1,1471860569,1471860575,6
1,1471860629,1471860632,3
1,1471860635,1471860638,3
1,1471860642,1471860644,2
4,1471860647,1471860649,2
10,1471860648,1471860649,1
4,1471860649,1471860651,2
4,1471860652,1471860670,18
10,1471860654,1471860655,1
1,1471860661,1471860680,19
4,1471860673,1471860679,6
4,1471860681,1471860683,2
4,1471860683,1471860689,6
1,1471860686,1471860705,19
4,1471860692,1471860694,2
4,1471860695,1471860713,18
1,1471860711,1471860713,2
4,1471860714,1471860726,12
1,1471860716,1471860721,5
1,1471860724,1471860725,1
4,1471860727,1471860730,3
10,1471860728,1471860730,2
4,1471860730,1471860735,5
4,1471860736,1471860740,4
10,1471860738,1471860740,2
4,1471860740,1471860742,2
4,1471860742,1471860746,4
4,1471860746,1471860748,2
4,1471860750,1471860752,2
4,1471860752,1471860760,8
1,1471860758,1471860759,1
4,1471860760,1471860762,2
4,1471860764,1471860773,9
10,1471860767,1471860768,1
4,1471860773,1471860776,3
10,1471860778,1471860783,5
4,1471860783,1471860791,8
4,1471860791,1471860795,4
10,1471860792,1471860795,3
4,1471860795,1471860798,3
4,1471860798,1471860800,2
4,1471860800,1471860803,3
1,1471860805,1471860812,7
4,1471860808,1471860814,6
4,1471860814,1471860816,2
4,1471860816,1471860822,6
1,1471860818,1471860843,25
4,1471860822,1471860827,5
4,1471860827,1471860830,3
4,1471860836,1471860840,4
4,1471860840,1471860843,3
4,1471860844,1471860846,2
4,1471860849,1471860855,6
1,1471860850,1471860857,7
4,1471860858,1471860861,3
4,1471860861,1471860864,3
4,1471860864,1471860868,4
4,1471860868,1471860870,2
4,1471860870,1471860873,3
4,1471860873,1471860876,3
4,1471860877,1471860879,2
4,1471860880,1471860883,3
4,1471860883,1471860885,2
4,1471860885,1471860887,2
4,1471860887,1471860896,9
1,1471860892,1471860896,4
4,1471860898,1471860900,2
4,1471860901,1471860903,2
4,1471860903,1471860907,4
10,1471860906,1471860907,1
4,1471860907,1471860909,2
4,1471860909,1471860915,6
10,1471860911,1471860913,2
1,1471860912,1471860915,3
4,1471860919,1471860931,12
1,1471860921,1471860940,19
4,1471860933,1471860935,2
4,1471860936,1471860966,30
1,1471860950,1471860958,8
1,1471860963,1471860965,2
4,1471860966,1471860974,8
10,1471860968,1471860974,6
4,1471860975,1471860979,4
1,1471860976,1471860978,2
4,1471860979,1471860982,3
4,1471860982,1471860987,5
4,1471860987,1471860996,9
10,1471860989,1471860994,5
1,1471860992,1471860998,6
1,1471861001,1471861009,8
4,1471861008,1471861024,16
1,1471861014,1471861028,14
4,1471861024,1471861029,5
4,1471861029,1471861035,6
1,1471861032,1471861043,11
4,1471861035,1471861041,6
4,1471861041,1471861044,3
4,1471861044,1471861051,7
1,1471861046,1471861047,1
4,1471861052,1471861061,9
1,1471861057,1471861065,8
4,1471861063,1471861066,3
4,1471861067,1471861071,4
1,1471861069,1471861070,1
4,1471861073,1471861076,3
4,1471861076,1471861089,13
1,1471861082,1471861098,16
4,1471861089,1471861095,6
4,1471861102,1471861106,4
4,1471861106,1471861109,3
4,1471861109,1471861111,2
4,1471861111,1471861113,2
4,1471861113,1471861117,4
10,1471861114,1471861116,2
4,1471861117,1471861119,2
4,1471861119,1471861122,3
4,1471861122,1471861124,2
4,1471861126,1471861128,2
10,1471861127,1471861128,1
4,1471861128,1471861133,5
10,1471861129,1471861133,4
4,1471861133,1471861178,45
10,1471861133,1471861135,2
1,1471861146,1471861160,14
1,1471861168,1471861178,10
4,1471861178,1471861446,268
1,1471861183,1471861188,5
1,1471861393,1471861403,10
14,1471861403,1471861406,3
1,1471861407,1471861418,11
1,1471861433,1471861448,15
4,1471861446,1471861449,3
4,1471861449,1471861456,7
1,1471861451,1471861458,7
1,1471861462,1471861470,8
14,1471861468,1471861606,138
11,1471861476,1471861481,5
4,1471861477,1471861488,11
11,1471861481,1471861485,4
1,1471861482,1471861506,24
11,1471861485,1471861487,2
11,1471861488,1471861550,62
4,1471861488,1471861496,8
1,1471861547,1471861558,11
11,1471861550,1471861555,5
4,1471861551,1471861582,31
11,1471861557,1471861579,22
1,1471861568,1471861573,5
1,1471861577,1471861582,5
11,1471861579,1471861580,1
11,1471861583,1471861606,23
4,1471861583,1471861606,23
1,1471861602,1471861609,7
5,1471861604,1471861606,2
4,1471861618,1471861628,10
1,1471861619,1471861625,6
4,1471861628,1471861630,2
4,1471861630,1471861638,8
1,1471861632,1471861642,10
4,1471861643,1471861645,2
4,1471861645,1471861656,11
1,1471861647,1471861652,5
4,1471861656,1471861667,11
1,1471861657,1471861662,5
4,1471861667,1471861674,7
1,1471861668,1471861672,4
4,1471861674,1471861878,204
1,1471861680,1471861682,2
1,1471861817,1471861827,10
1,1471861832,1471861834,2
1,1471861838,1471861843,5
14,1471861841,1471861851,10
1,1471861852,1471861860,8
1,1471861865,1471861880,15
4,1471861880,1471861885,5
1,1471861886,1471861887,1
1,1471861891,1471861894,3
14,1471861894,1471861901,7
1,1471861902,1471861908,6
1,1471861912,1471861913,1
1,1471861919,1471861921,2
1,1471861925,1471861936,11
4,1471861935,1471861937,2
1,1471861940,1471861946,6
14,1471861946,1471861953,7
1,1471861954,1471861955,1
1,1471861958,1471861971,13
4,1471861973,1471861976,3
4,1471861976,1471861978,2
4,1471861978,1471861980,2
4,1471861980,1471862265,285
10,1471861981,1471861982,1
1,1471861999,1471862028,29
1,1471862043,1471862046,3
1,1471862060,1471862062,2
1,1471862072,1471862090,18
1,1471862117,1471862118,1
1,1471862129,1471862131,2
1,1471862215,1471862226,11
1,1471862231,1471862234,3
14,1471862233,1471862241,8
1,1471862241,1471862250,9
1,1471862254,1471862264,10
4,1471862267,1471862269,2
4,1471862270,1471862274,4
4,1471862274,1471862277,3
4,1471862277,1471862282,5
1,1471862279,1471862282,3
4,1471862283,1471862350,67
10,1471862284,1471862286,2
1,1471862312,1471862324,12
14,1471862323,1471862330,7
1,1471862331,1471862350,19
4,1471862351,1471862355,4
1,1471862355,1471862365,10
1,1471862405,1471862422,17
4,1471862415,1471862418,3
4,1471862418,1471862427,9
10,1471862420,1471862422,2
4,1471862427,1471862430,3
1,1471862436,1471862439,3
1,1471862444,1471862448,4
1,1471862464,1471862466,2
4,1471862468,1471862470,2
4,1471862470,1471862478,8
10,1471862471,1471862478,7
4,1471862478,1471862483,5
4,1471862485,1471862490,5
10,1471862485,1471862490,5
4,1471862490,1471862493,3
4,1471862493,1471862496,3
4,1471862496,1471862499,3
10,1471862496,1471862499,3
4,1471862499,1471862505,6
1,1471862501,1471862502,1
4,1471862505,1471862509,4
1,1471862506,1471862508,2
4,1471862509,1471862511,2
4,1471862511,1471862515,4
1,1471862513,1471862519,6
4,1471862515,1471862518,3
4,1471862520,1471862522,2
4,1471862522,1471862524,2
4,1471862527,1471862534,7
1,1471862527,1471862536,9
4,1471862534,1471862537,3
4,1471862537,1471862541,4
1,1471862540,1471862545,5
4,1471862541,1471862545,4
4,1471862546,1471862548,2
1,1471862548,1471862550,2
4,1471862551,1471862553,2
4,1471862553,1471862557,4
1,1471862554,1471862557,3
4,1471862558,1471862560,2
4,1471862560,1471862563,3
4,1471862563,1471862566,3
4,1471862566,1471862611,45
1,1471862571,1471862575,4
1,1471862582,1471862584,2
10,1471862584,1471862586,2
1,1471862603,1471862615,12
4,1471862611,1471862616,5
4,1471862616,1471862622,6
4,1471862622,1471862625,3
4,1471862625,1471862628,3
4,1471862628,1471862631,3
4,1471862631,1471862634,3
4,1471862634,1471862637,3
4,1471862637,1471862640,3
4,1471862642,1471862645,3
1,1471862643,1471862644,1
4,1471862645,1471862647,2
4,1471862651,1471862867,216
1,1471862828,1471862832,4
14,1471862832,1471862842,10
1,1471862864,1471862866,2
4,1471862867,1471862869,2
4,1471862870,1471862931,61
10,1471862871,1471862885,14
1,1471862884,1471862938,54
4,1471862932,1471862934,2
4,1471862934,1471862939,5
4,1471862939,1471862947,8
1,1471862943,1471862945,2
4,1471862947,1471862956,9
1,1471862949,1471862955,6
4,1471862956,1471862959,3
10,1471862958,1471862959,1
4,1471862959,1471862965,6
1,1471862961,1471862965,4
4,1471862968,1471862971,3
1,1471862969,1471862971,2
4,1471862972,1471862977,5
4,1471862978,1471862982,4
1,1471862981,1471862990,9
4,1471862982,1471863103,121
14,1471862990,1471862997,7
1,1471862999,1471863001,2
1,1471863005,1471863008,3
1,1471863015,1471863023,8
1,1471863028,1471863032,4
1,1471863035,1471863038,3
1,1471863045,1471863051,6
1,1471863093,1471863102,9
4,1471863104,1471863109,5
4,1471863111,1471863113,2
4,1471863114,1471863116,2
4,1471863116,1471863119,3
4,1471863119,1471863121,2
4,1471863121,1471863131,10
10,1471863122,1471863127,5
4,1471863131,1471863135,4
1,1471863136,1471863138,2
4,1471863138,1471863141,3
4,1471863141,1471863143,2
10,1471863142,1471863143,1
4,1471863144,1471863150,6
10,1471863146,1471863150,4
4,1471863150,1471863154,4
10,1471863151,1471863154,3
4,1471863154,1471863164,10
1,1471863157,1471863169,12
4,1471863166,1471863171,5
10,1471863167,1471863168,1
4,1471863172,1471863179,7
10,1471863175,1471863177,2
10,1471863178,1471863179,1
4,1471863179,1471863181,2
4,1471863181,1471863183,2
4,1471863184,1471863186,2
4,1471863187,1471863190,3
4,1471863190,1471863192,2
4,1471863192,1471863195,3
4,1471863196,1471863199,3
4,1471863199,1471863202,3
10,1471863200,1471863202,2
4,1471863202,1471863204,2
4,1471863205,1471863208,3
4,1471863208,1471863214,6
4,1471863215,1471863218,3
10,1471863216,1471863218,2
4,1471863218,1471863230,12
1,1471863223,1471863230,7
4,1471863232,1471863234,2
4,1471863235,1471863237,2
4,1471863238,1471863241,3
4,1471863241,1471863245,4
4,1471863245,1471863269,24
1,1471863254,1471863268,14
4,1471863269,1471863271,2
4,1471863272,1471863274,2
10,1471863275,1471863276,1
4,1471863276,1471863278,2
4,1471863278,1471863281,3
4,1471863281,1471863284,3
4,1471863284,1471863287,3
4,1471863287,1471863289,2
4,1471863289,1471863292,3
4,1471863292,1471863295,3
10,1471863293,1471863295,2
4,1471863295,1471863302,7
4,1471863302,1471863304,2
4,1471863304,1471863307,3
4,1471863307,1471863309,2
4,1471863309,1471863311,2
4,1471863311,1471863314,3
4,1471863314,1471863318,4
1,1471863315,1471863317,2
4,1471863318,1471863323,5
4,1471863323,1471863351,28
1,1471863324,1471863330,6
14,1471863329,1471863336,7
1,1471863338,1471863347,9
14,1471863347,1471863440,93
11,1471863350,1471863355,5
4,1471863352,1471863354,2
11,1471863355,1471863440,85
1,1471863357,1471863366,9
4,1471863360,1471863362,2
1,1471863378,1471863381,3
1,1471863385,1471863390,5
4,1471863391,1471863395,4
4,1471863395,1471863401,6
10,1471863397,1471863401,4
1,1471863399,1471863401,2
4,1471863401,1471863409,8
1,1471863404,1471863418,14
4,1471863411,1471863417,6
4,1471863419,1471863423,4
4,1471863425,1471863428,3
1,1471863425,1471863427,2
4,1471863428,1471863432,4
1,1471863432,1471863444,12
4,1471863432,1471863440,8
5,1471863438,1471863440,2
14,1471863444,1471863451,7
1,1471863451,1471863460,9
4,1471863454,1471863467,13
14,1471863457,1471863464,7
4,1471863467,1471863525,58
1,1471863508,1471863523,15
4,1471863525,1471863531,6
1,1471863528,1471863529,1
4,1471863532,1471863542,10
10,1471863533,1471863539,6
1,1471863538,1471863542,4
1,1471863554,1471863558,4
1,1471863562,1471863595,33
4,1471863596,1471863598,2
4,1471863599,1471863601,2
10,1471863599,1471863601,2
4,1471863601,1471863603,2
4,1471863603,1471863606,3
10,1471863605,1471863606,1
4,1471863606,1471863610,4
1,1471863608,1471863610,2
4,1471863611,1471863652,41
1,1471863614,1471863629,15
1,1471863641,1471863720,79
4,1471863656,1471863659,3
4,1471863665,1471863667,2
4,1471863669,1471863672,3
4,1471863674,1471863678,4
4,1471863682,1471863684,2
4,1471863688,1471863691,3
4,1471863691,1471863697,6
4,1471863697,1471863699,2
4,1471863702,1471863706,4
4,1471863709,1471863711,2
4,1471863715,1471863721,6
4,1471863728,1471863730,2
4,1471863730,1471863733,3
4,1471863733,1471863738,5
4,1471863738,1471863740,2
4,1471863740,1471863743,3
4,1471863743,1471863746,3
4,1471863746,1471863748,2
4,1471863749,1471863751,2
4,1471863751,1471863753,2
4,1471863753,1471863757,4
4,1471863757,1471863761,4
4,1471863761,1471863773,12
1,1471863775,1471863779,4
4,1471863779,1471863782,3
4,1471863782,1471863784,2
4,1471863784,1471863787,3
4,1471863787,1471863789,2
4,1471863791,1471863793,2
1,1471863794,1471863795,1
4,1471863796,1471863803,7
4,1471863806,1471863817,11
1,1471863808,1471863817,9
4,1471863818,1471863820,2
4,1471863820,1471863823,3
10,1471863820,1471863823,3
4,1471863823,1471863825,2
4,1471863825,1471863831,6
4,1471863831,1471863838,7
4,1471863838,1471863840,2
10,1471863839,1471863841,2
4,1471863840,1471863848,8
1,1471863842,1471863847,5
1,1471863852,1471863859,7
4,1471863852,1471863856,4
4,1471863860,1471863862,2
4,1471863864,1471863866,2
4,1471863866,1471863868,2
4,1471863868,1471863871,3
4,1471863872,1471863876,4
1,1471863874,1471863881,7
4,1471863877,1471863882,5
4,1471863885,1471863888,3
4,1471863890,1471863897,7
4,1471863899,1471863902,3
1,1471863900,1471863904,4
10,1471863902,1471863904,2
4,1471863905,1471863907,2
4,1471863907,1471863911,4
1,1471863908,1471863909,1
4,1471863911,1471863915,4
4,1471863915,1471863923,8
1,1471863918,1471863922,4
4,1471863926,1471863932,6
1,1471863929,1471863934,5
4,1471863932,1471863935,3
4,1471863935,1471863942,7
10,1471863937,1471863938,1
1,1471863938,1471863950,12
4,1471863942,1471863946,4
4,1471863954,1471863957,3
1,1471863955,1471863956,1
4,1471863959,1471863970,11
1,1471863963,1471863980,17
4,1471863972,1471863974,2
4,1471863974,1471863977,3
4,1471863978,1471863983,5
4,1471863983,1471863992,9
1,1471863989,1471863991,2
4,1471863992,1471863996,4
4,1471863996,1471863999,3
4,1471863999,1471864008,9
1,1471864001,1471864007,6
4,1471864008,1471864011,3
4,1471864011,1471864023,12
1,1471864019,1471864022,3
4,1471864023,1471864029,6
1,1471864026,1471864027,1
4,1471864029,1471864032,3
10,1471864030,1471864031,1
4,1471864032,1471864034,2
4,1471864035,1471864098,63
1,1471864038,1471864042,4
14,1471864042,1471864054,12
1,1471864045,1471864046,1
1,1471864055,1471864058,3
1,1471864062,1471864064,2
1,1471864089,1471864096,7
4,1471864098,1471864100,2
4,1471864100,1471864103,3
1,1471864102,1471864103,1
4,1471864103,1471864106,3
4,1471864106,1471864110,4
4,1471864112,1471864117,5
1,1471864113,1471864116,3
4,1471864117,1471864122,5
4,1471864122,1471864125,3
4,1471864125,1471864128,3
4,1471864128,1471864130,2
4,1471864130,1471864137,7
1,1471864133,1471864144,11
4,1471864137,1471864139,2
4,1471864142,1471864144,2
4,1471864145,1471865230,1085
1,1471864150,1471864156,6
14,1471864156,1471864162,6
1,1471865221,1471865223,2
1,1471865226,1471865229,3
4,1471865230,1471865232,2
4,1471865232,1471865235,3
4,1471865235,1471865242,7
1,1471865240,1471865244,4
1,1471865264,1471865275,11
4,1471865273,1471865277,4
1,1471865279,1471865289,10
4,1471865286,1471865290,4
4,1471865290,1471865292,2
10,1471865291,1471865292,1
4,1471865293,1471865297,4
4,1471865297,1471865299,2
10,1471865298,1471865299,1
4,1471865300,1471865302,2
4,1471865302,1471865312,10
1,1471865305,1471865314,9
4,1471865318,1471865327,9
1,1471865318,1471865331,13
4,1471865332,1471865334,2
4,1471865334,1471865338,4
4,1471865339,1471865341,2
4,1471865342,1471865345,3
4,1471865345,1471865347,2
4,1471865347,1471865350,3
4,1471865350,1471865353,3
1,1471865351,1471865361,10
4,1471865356,1471865359,3
1,1471865364,1471865370,6
4,1471865368,1471865393,25
1,1471865376,1471865391,15
4,1471865395,1471865397,2
4,1471865397,1471865402,5
10,1471865399,1471865400,1
10,1471865401,1471865402,1
4,1471865402,1471865404,2
4,1471865405,1471865407,2
4,1471865407,1471865410,3
4,1471865410,1471865414,4
4,1471865414,1471865418,4
1,1471865416,1471865424,8
4,1471865418,1471865421,3
4,1471865424,1471865427,3
4,1471865427,1471865439,12
1,1471865428,1471865447,19
4,1471865440,1471865443,3
4,1471865448,1471865450,2
4,1471865450,1471865452,2
4,1471865452,1471865455,3
1,1471865455,1471865457,2
4,1471865458,1471865462,4
4,1471865462,1471865481,19
1,1471865469,1471865486,17
4,1471865484,1471865489,5
4,1471865489,1471865491,2
4,1471865492,1471865496,4
10,1471865493,1471865496,3
4,1471865496,1471865499,3
4,1471865499,1471865501,2
4,1471865502,1471865507,5
10,1471865503,1471865504,1
10,1471865505,1471865507,2
1,1471865510,1471865512,2
4,1471865513,1471865515,2
10,1471865514,1471865515,1
4,1471865515,1471865519,4
1,1471865520,1471865524,4
1,1471865553,1471865557,4
14,1471865557,1471865559,2
1,1471865560,1471865563,3
1,1471865568,1471865598,30
1,1471865607,1471865613,6
4,1471865624,1471865635,11
1,1471865627,1471865634,7
1,1471865646,1471865649,3
4,1471865650,1471865653,3
1,1471865660,1471865661,1
1,1471865698,1471865706,8
4,1471865715,1471865728,13
1,1471865722,1471865735,13
4,1471865731,1471865734,3
4,1471865749,1471865756,7
1,1471865750,1471865769,19
4,1471865758,1471865760,2
1,1471865773,1471865783,10
4,1471865781,1471865786,5
4,1471865786,1471865796,10
1,1471865789,1471865795,6
4,1471865796,1471865912,116
1,1471865817,1471865826,9
1,1471865866,1471865882,16
1,1471865886,1471865895,9
1,1471865909,1471865910,1
4,1471865913,1471865916,3
10,1471865915,1471865916,1
4,1471865916,1471865921,5
4,1471865921,1471865933,12
1,1471865925,1471865932,7
4,1471865933,1471865936,3
4,1471865936,1471865941,5
4,1471865941,1471865947,6
1,1471865943,1471865945,2
1,1471865948,1471865956,8
4,1471865957,1471865959,2
4,1471865960,1471865962,2
4,1471865962,1471865966,4
1,1471865969,1471865974,5
1,1471865977,1471865981,4
1,1471865988,1471865994,6
1,1471866003,1471866005,2
4,1471866011,1471866024,13
1,1471866012,1471866023,11
4,1471866025,1471866027,2
4,1471866027,1471866029,2
1,1471866031,1471866032,1
1,1471866035,1471866047,12
4,1471866038,1471866043,5
4,1471866045,1471866048,3
1,1471866057,1471866059,2
1,1471866064,1471866074,10
1,1471866078,1471866086,8
1,1471866095,1471866112,17
4,1471866107,1471866113,6
1,1471866123,1471866133,10
1,1471866144,1471866150,6
4,1471866150,1471866153,3
4,1471866153,1471866157,4
1,1471866153,1471866156,3
4,1471866157,1471866159,2
4,1471866165,1471866203,38
1,1471866179,1471866184,5
1,1471866188,1471866202,14
4,1471866203,1471866206,3
10,1471866206,1471866208,2
4,1471866209,1471866211,2
1,1471866209,1471866211,2
4,1471866212,1471866214,2
4,1471866214,1471866218,4
4,1471866218,1471866222,4
4,1471866225,1471866257,32
1,1471866250,1471866265,15
4,1471866261,1471866292,31
1,1471866285,1471866287,2
4,1471866292,1471866376,84
1,1471866329,1471866332,3
1,1471866339,1471866342,3
1,1471866358,1471866370,12
14,1471866363,1471866372,9
1,1471866374,1471866375,1
4,1471866377,1471866380,3
10,1471866378,1471866380,2
10,1471866380,1471866382,2
4,1471866383,1471866385,2
1,1471866385,1471866387,2
10,1471866386,1471866387,1
4,1471866388,1471866393,5
1,1471866391,1471866393,2
4,1471866394,1471866398,4
1,1471866396,1471866398,2
4,1471866398,1471866474,76
1,1471866402,1471866407,5
14,1471866408,1471866414,6
1,1471866413,1471866424,11
1,1471866438,1471866439,1
1,1471866458,1471866463,5
1,1471866467,1471866470,3
4,1471866474,1471866479,5
1,1471866475,1471866477,2
4,1471866479,1471866482,3
1,1471866480,1471866482,2
4,1471866483,1471866499,16
1,1471866493,1471866497,4
4,1471866499,1471866503,4
4,1471866503,1471866514,11
4,1471866514,1471866516,2
4,1471866516,1471866527,11
4,1471866527,1471866530,3
4,1471866530,1471866532,2
4,1471866532,1471866534,2
4,1471866534,1471866538,4
4,1471866540,1471866553,13
1,1471866549,1471866558,9
4,1471866553,1471866558,5
4,1471866558,1471866605,47
1,1471866569,1471866574,5
14,1471866574,1471866585,11
1,1471866584,1471866591,7
1,1471866600,1471866609,9
1,1471866612,1471866613,1
4,1471866614,1471866623,9
1,1471866618,1471866622,4
4,1471866625,1471866627,2
4,1471866628,1471866630,2
4,1471866630,1471866633,3
4,1471866633,1471866638,5
1,1471866639,1471866640,1
4,1471866644,1471866744,100
1,1471866696,1471866702,6
1,1471866715,1471866722,7
14,1471866720,1471866730,10
1,1471866729,1471866731,2
1,1471866740,1471866744,4
4,1471866749,1471866753,4
4,1471866753,1471866755,2
4,1471866755,1471866824,69
1,1471866821,1471866822,1
4,1471866824,1471866834,10
4,1471866838,1471866842,4
1,1471866839,1471866842,3
4,1471866842,1471866850,8
10,1471866844,1471866846,2
1,1471866845,1471866847,2
4,1471866850,1471866855,5
4,1471866856,1471866858,2
4,1471866859,1471866861,2
1,1471866859,1471866883,24
4,1471866873,1471866878,5
14,1471866883,1471866893,10
1,1471866896,1471866899,3
1,1471866907,1471866909,2
1,1471866933,1471866937,4
4,1471866938,1471866940,2
4,1471866941,1471866945,4
1,1471866942,1471866945,3
4,1471866945,1471867050,105
1,1471866949,1471866958,9
14,1471866957,1471866967,10
1,1471866970,1471866974,4
1,1471867028,1471867029,1
1,1471867042,1471867053,11
4,1471867051,1471867055,4
1,1471867058,1471867079,21
14,1471867065,1471867075,10
1,1471867847,1471867855,8
4,1471867857,1471867859,2
10,1471867858,1471867859,1
4,1471867859,1471867864,5
10,1471867862,1471867864,2
4,1471867864,1471867868,4
4,1471867869,1471867873,4
4,1471867875,1471867879,4
1,1471867880,1471867888,8
14,1471867886,1471867896,10
1,1471867895,1471867912,17
4,1471867904,1471867914,10
1,1471867919,1471867921,2
1,1471867983,1471867985,2
1,1471867988,1471867990,2
4,1471867992,1471867994,2
1,1471867999,1471868001,2
4,1471867999,1471868002,3
4,1471868002,1471868005,3
1,1471868010,1471868032,22
4,1471868012,1471868016,4
4,1471868019,1471868030,11
4,1471868033,1471868036,3
1,1471868037,1471868043,6
4,1471868045,1471868047,2
4,1471868048,1471868051,3
4,1471868052,1471868062,10
1,1471868054,1471868080,26
4,1471868063,1471868068,5
4,1471868072,1471868075,3
4,1471868078,1471868081,3
4,1471868081,1471868085,4
1,1471868084,1471868090,6
4,1471868086,1471868089,3
1,1471868173,1471868186,13
4,1471868187,1471868201,14
4,1471868201,1471868231,30
1,1471868201,1471868208,7
14,1471868207,1471868217,10
1,1471868216,1471868222,6
1,1471868228,1471868230,2
4,1471868232,1471868253,21
1,1471868235,1471868239,4
1,1471868251,1471868253,2
4,1471868254,1471868256,2
4,1471868257,1471868259,2
4,1471868259,1471868262,3
1,1471868267,1471868275,8
14,1471868272,1471868283,11
1,1471868281,1471868313,32
4,1471868303,1471868306,3
4,1471868306,1471868309,3
4,1471868309,1471868311,2
4,1471868311,1471868314,3
4,1471868314,1471868316,2
4,1471868317,1471868405,88
1,1471868320,1471868336,16
14,1471868325,1471868331,6
1,1471868360,1471868369,9
4,1471868406,1471868408,2
4,1471868408,1471868410,2
4,1471868410,1471868413,3
4,1471868416,1471868428,12
1,1471868418,1471868428,10
4,1471868429,1471868431,2
4,1471868431,1471868436,5
4,1471868437,1471868439,2
4,1471868439,1471868442,3
10,1471868439,1471868441,2
4,1471868442,1471868448,6
4,1471868448,1471868450,2
4,1471868450,1471868455,5
10,1471868450,1471868452,2
10,1471868454,1471868455,1
4,1471868455,1471868457,2
4,1471868458,1471868460,2
10,1471868462,1471868464,2
1,1471868464,1471868467,3
4,1471868468,1471868476,8
1,1471868471,1471868475,4
1,1471868482,1471868491,9
4,1471868493,1471868496,3
1,1471868497,1471868498,1
4,1471868499,1471868505,6
1,1471868501,1471868502,1
4,1471868506,1471868508,2
4,1471868508,1471868522,14
1,1471868512,1471868518,6
4,1471868523,1471868525,2
4,1471868525,1471868527,2
4,1471868527,1471868533,6
1,1471868530,1471868533,3
4,1471868536,1471868540,4
1,1471868538,1471868558,20
4,1471868544,1471868547,3
4,1471868556,1471868566,10
1,1471868561,1471868564,3
1,1471868568,1471868572,4
4,1471868572,1471868626,54
1,1471868578,1471868583,5
1,1471868595,1471868602,7
14,1471868602,1471868608,6
1,1471868607,1471868610,3
1,1471868617,1471868623,6
4,1471868626,1471868628,2
4,1471868628,1471868632,4
10,1471868629,1471868630,1
1,1471868633,1471868639,6
14,1471868638,1471868644,6
1,1471868645,1471868656,11
1,1471868661,1471868672,11
4,1471868670,1471868673,3
4,1471868673,1471868714,41
1,1471868677,1471868683,6
14,1471868682,1471868688,6
1,1471868689,1471868694,5
1,1471868711,1471868713,2
4,1471868715,1471868717,2
4,1471868717,1471868719,2
4,1471868719,1471868723,4
10,1471868723,1471868725,2
1,1471868724,1471868727,3
4,1471868728,1471868743,15
1,1471868731,1471868751,20
4,1471868743,1471868747,4
4,1471868752,1471868757,5
4,1471868758,1471868761,3
10,1471868758,1471868760,2
4,1471868762,1471868765,3
4,1471868765,1471868768,3
4,1471868768,1471868770,2
4,1471868770,1471868772,2
4,1471868773,1471868777,4
1,1471868775,1471868776,1
4,1471868777,1471868779,2
4,1471868779,1471868782,3
4,1471868782,1471868788,6
1,1471868784,1471868788,4
4,1471868789,1471868791,2
1,1471868793,1471868804,11
4,1471868798,1471868805,7
4,1471868805,1471868818,13
1,1471868809,1471868829,20
4,1471868821,1471868823,2
4,1471868823,1471868827,4
1,1471868832,1471868848,16
4,1471868850,1471868853,3
4,1471868853,1471869405,552
1,1471868861,1471868877,16
1,1471868881,1471868886,5
1,1471868891,1471868928,37
14,1471868899,1471868910,11
1,1471869278,1471869288,10
1,1471869299,1471869304,5
1,1471869309,1471869313,4
1,1471869317,1471869328,11
1,1471869334,1471869336,2
1,1471869340,1471869356,16
1,1471869360,1471869371,11
1,1471869375,1471869381,6
10,1471869383,1471869400,17
1,1471869401,1471869404,3
1,1471869440,1471869448,8
1,1471869456,1471869459,3
4,1471869461,1471869465,4
4,1471869465,1471869470,5
4,1471869473,1471869475,2
4,1471869475,1471869580,105
1,1471869477,1471869485,8
1,1471869499,1471869501,2
1,1471869505,1471869508,3
1,1471869514,1471869530,16
14,1471869517,1471869526,9
1,1471869536,1471869543,7
1,1471869547,1471869575,28
14,1471869575,1471869647,72
11,1471869578,1471869583,5
4,1471869580,1471869584,4
11,1471869583,1471869594,11
1,1471869584,1471869622,38
11,1471869594,1471869608,14
11,1471869608,1471869611,3
4,1471869609,1471869614,5
11,1471869612,1471869613,1
4,1471869614,1471869633,19
11,1471869620,1471869632,12
1,1471869627,1471869637,10
11,1471869633,1471869634,1
11,1471869635,1471869647,12
1,1471869642,1471869652,10
5,1471869645,1471869647,2
4,1471869647,1471869653,6
14,1471869652,1471869669,17
11,1471869654,1471869661,7
4,1471869657,1471869659,2
11,1471869661,1471869666,5
4,1471869661,1471869667,6
1,1471869663,1471869666,3
11,1471869666,1471869670,4
5,1471869669,1471869670,1
4,1471869670,1471869690,20
1,1471869671,1471869699,28
4,1471869691,1471869694,3
4,1471869697,1471869700,3
4,1471869700,1471869702,2
1,1471869703,1471869712,9
4,1471869710,1471869713,3
4,1471869713,1471869721,8
1,1471869716,1471869719,3
4,1471869722,1471869726,4
10,1471869724,1471869725,1
1,1471869724,1471869726,2
4,1471869727,1471869729,2
4,1471869731,1471869734,3
1,1471869736,1471869751,15
4,1471869744,1471869748,4
4,1471869748,1471869752,4
10,1471869749,1471869750,1
4,1471869752,1471869755,3
4,1471869755,1471869760,5
10,1471869758,1471869759,1
4,1471869760,1471869766,6
10,1471869761,1471869763,2
1,1471869763,1471869765,2
4,1471869766,1471869772,6
1,1471869768,1471869774,6
10,1471869768,1471869772,4
4,1471869772,1471869775,3
4,1471869775,1471869782,7
4,1471869782,1471869792,10
1,1471869783,1471869791,8
4,1471869792,1471869796,4
10,1471869794,1471869796,2
4,1471869796,1471869805,9
1,1471869797,1471869804,7
4,1471869806,1471869809,3
4,1471869810,1471869828,18
1,1471869812,1471869821,9
10,1471869813,1471869814,1
1,1471869824,1471869830,6
4,1471869829,1471869831,2
4,1471869831,1471869833,2
4,1471869833,1471869837,4
1,1471869834,1471869835,1
4,1471869837,1471869840,3
4,1471869840,1471869842,2
1,1471869844,1471869846,2
4,1471869847,1471869849,2
4,1471869849,1471869854,5
10,1471869852,1471869854,2
4,1471869854,1471869858,4
1,1471869859,1471869863,4
14,1471869863,1471869871,8
1,1471869874,1471869888,14
4,1471869889,1471869892,3
4,1471869892,1471869894,2
4,1471869895,1471869898,3
10,1471869896,1471869898,2
4,1471869898,1471869901,3
4,1471869901,1471869906,5
1,1471869904,1471869906,2
1,1471869909,1471869916,7
14,1471869914,1471869921,7
1,1471869922,1471869935,13
4,1471869934,1471869936,2
4,1471869936,1471869967,31
1,1471869940,1471869950,10
14,1471869948,1471869957,9
1,1471869957,1471869966,9
4,1471869968,1471869971,3
4,1471869971,1471869974,3
4,1471869974,1471869976,2
4,1471869978,1471869980,2
1,1471869981,1471869983,2
4,1471869983,1471869986,3
4,1471869986,1471869990,4
4,1471869991,1471869994,3
4,1471869994,1471869996,2
4,1471869996,1471870001,5
10,1471869997,1471869998,1
4,1471870001,1471870014,13
4,1471870014,1471870019,5
1,1471870019,1471870024,5
14,1471870024,1471870033,9
1,1471870034,1471870046,12
4,1471870045,1471870050,5
4,1471870050,1471870214,164
1,1471870051,1471870055,4
14,1471870055,1471870063,8
1,1471870063,1471870064,1
1,1471870067,1471870084,17
14,1471870084,1471870097,13
1,1471870093,1471870095,2
1,1471870129,1471870136,7
1,1471870142,1471870147,5
1,1471870151,1471870154,3
1,1471870158,1471870184,26
1,1471870189,1471870190,1
1,1471870200,1471870212,12
4,1471870214,1471870217,3
10,1471870215,1471870217,2
4,1471870217,1471870228,11
10,1471870228,1471870230,2
1,1471870231,1471870236,5
4,1471870234,1471870237,3
4,1471870238,1471870240,2
1,1471870241,1471870254,13
4,1471870251,1471870255,4
10,1471870255,1471870257,2
1,1471870257,1471870261,4
1,1471870264,1471870267,3
4,1471870269,1471870271,2
4,1471870271,1471870279,8
1,1471870277,1471870279,2
4,1471870279,1471870289,10
1,1471870284,1471870286,2
4,1471870293,1471870295,2
4,1471870297,1471870305,8
4,1471870305,1471870307,2
4,1471870308,1471870312,4
4,1471870312,1471870321,9
10,1471870314,1471870315,1
1,1471870316,1471870320,4
4,1471870321,1471870324,3
4,1471870325,1471870327,2
4,1471870327,1471870332,5
4,1471870332,1471870391,59
1,1471870334,1471870337,3
1,1471870358,1471870359,1
1,1471870383,1471870388,5
4,1471870391,1471870393,2
4,1471870393,1471870403,10
1,1471870396,1471870400,4
4,1471870403,1471870407,4
1,1471870405,1471870413,8
4,1471870413,1471870433,20
1,1471870418,1471870419,1
4,1471870435,1471870437,2
4,1471870440,1471870444,4
1,1471870443,1471870446,3
1,1471870456,1471870470,14
4,1471870465,1471870471,6
4,1471870471,1471870473,2
4,1471870473,1471870477,4
10,1471870473,1471870474,1
4,1471870477,1471870487,10
1,1471870478,1471870484,6
4,1471870500,1471870503,3
4,1471870503,1471870507,4
4,1471870507,1471870510,3
4,1471870510,1471870513,3
4,1471870513,1471870519,6
4,1471870519,1471870526,7
1,1471870528,1471870529,1
4,1471870533,1471870539,6
1,1471870537,1471870563,26
4,1471870540,1471870543,3
4,1471870546,1471870550,4
4,1471870550,1471870583,33
1,1471870568,1471870572,4
1,1471870578,1471870579,1
10,1471870581,1471870583,2
4,1471870583,1471870602,19
1,1471870585,1471870594,9
4,1471870602,1471870619,17
1,1471870606,1471870614,8
4,1471870619,1471870629,10
1,1471870622,1471870624,2
4,1471870629,1471870646,17
1,1471870632,1471870637,5
4,1471870646,1471870652,6
4,1471870656,1471870672,16
1,1471870660,1471870668,8
4,1471870672,1471870681,9
1,1471870673,1471870722,49
4,1471870686,1471870689,3
4,1471870689,1471870700,11
4,1471870704,1471870714,10
4,1471870715,1471870718,3
1,1471870732,1471870735,3
4,1471870741,1471870745,4
1,1471870743,1471870769,26
4,1471870746,1471870749,3
10,1471870746,1471870747,1
4,1471870753,1471870757,4
10,1471870754,1471870755,1
4,1471870757,1471870765,8
4,1471870770,1471870772,2
4,1471870773,1471870775,2
1,1471870776,1471870784,8
4,1471870778,1471870786,8
4,1471870786,1471870796,10
1,1471870791,1471870796,5
4,1471870796,1471870802,6
4,1471870802,1471870810,8
1,1471870804,1471870837,33
4,1471870810,1471870812,2
4,1471870813,1471870819,6
4,1471870822,1471870825,3
10,1471870822,1471870823,1
4,1471870829,1471870838,9
4,1471870839,1471870857,18
1,1471870845,1471870856,11
4,1471870857,1471870870,13
1,1471870862,1471870867,5
1,1471870874,1471870886,12
1,1471870898,1471870901,3
1,1471870904,1471870910,6
1,1471870917,1471870923,6
4,1471870929,1471870946,17
1,1471870932,1471870946,14
4,1471870947,1471870949,2
4,1471870949,1471870951,2
4,1471870951,1471870953,2
4,1471870953,1471870956,3
10,1471870954,1471870956,2
4,1471870956,1471870975,19
1,1471870963,1471870967,4
1,1471870971,1471870974,3
4,1471870975,1471870978,3
4,1471870978,1471870999,21
1,1471870981,1471870986,5
1,1471870996,1471870998,2
4,1471871002,1471871007,5
4,1471871008,1471871011,3
4,1471871011,1471871013,2
4,1471871015,1471871021,6
4,1471871021,1471871026,5
4,1471871026,1471871043,17
10,1471871028,1471871032,4
1,1471871030,1471871032,2
1,1471871037,1471871040,3
1,1471871048,1471871049,1
4,1471871051,1471871059,8
1,1471871057,1471871058,1
4,1471871059,1471871065,6
10,1471871060,1471871063,3
4,1471871067,1471871069,2
4,1471871069,1471871072,3
4,1471871072,1471871074,2
10,1471871073,1471871074,1
4,1471871074,1471871076,2
4,1471871077,1471871080,3
4,1471871081,1471871083,2
4,1471871083,1471871087,4
1,1471871085,1471871086,1
4,1471871088,1471871092,4
4,1471871092,1471871094,2
4,1471871094,1471871097,3
4,1471871097,1471871099,2
10,1471871098,1471871099,1
4,1471871099,1471871103,4
4,1471871103,1471871105,2
1,1471871114,1471871115,1
4,1471871116,1471871118,2
4,1471871118,1471871121,3
4,1471871121,1471871124,3
4,1471871124,1471871126,2
4,1471871126,1471871129,3
4,1471871129,1471871131,2
4,1471871131,1471871134,3
4,1471871134,1471871136,2
10,1471871134,1471871135,1
4,1471871137,1471871139,2
4,1471871139,1471871142,3
4,1471871142,1471871145,3
4,1471871145,1471871151,6
1,1471871146,1471871151,5
4,1471871151,1471871153,2
4,1471871155,1471871159,4
4,1471871159,1471871163,4
10,1471871161,1471871163,2
4,1471871163,1471871168,5
4,1471871168,1471871194,26
1,1471871177,1471871179,2
1,1471871182,1471871184,2
1,1471871192,1471871193,1
4,1471871194,1471871197,3
4,1471871197,1471871203,6
4,1471871204,1471871207,3
4,1471871208,1471871210,2
4,1471871210,1471871213,3
4,1471871213,1471871215,2
4,1471871216,1471871219,3
4,1471871219,1471871221,2
4,1471871223,1471871225,2
4,1471871225,1471871227,2
4,1471871227,1471871233,6
10,1471871229,1471871233,4
4,1471871233,1471871239,6
1,1471871237,1471871238,1
4,1471871240,1471871243,3
4,1471871243,1471871245,2
1,1471871244,1471871255,11
4,1471871252,1471871256,4
10,1471871257,1471871260,3
4,1471871260,1471871264,4
10,1471871262,1471871264,2
4,1471871264,1471871266,2
4,1471871266,1471871270,4
4,1471871270,1471871277,7
10,1471871271,1471871272,1
1,1471871274,1471871277,3
4,1471871278,1471871280,2
4,1471871280,1471871283,3
4,1471871283,1471871287,4
4,1471871287,1471871291,4
1,1471871287,1471871291,4
4,1471871294,1471871296,2
4,1471871296,1471871299,3
4,1471871299,1471871302,3
4,1471871302,1471871306,4
1,1471871308,1471871310,2
4,1471871310,1471871313,3
4,1471871313,1471871315,2
4,1471871315,1471871318,3
10,1471871316,1471871318,2
4,1471871318,1471871324,6
4,1471871325,1471871329,4
10,1471871326,1471871329,3
4,1471871329,1471871333,4
4,1471871333,1471871336,3
4,1471871336,1471871340,4
10,1471871338,1471871340,2
4,1471871340,1471871352,12
1,1471871343,1471871353,10
1,1471871357,1471871359,2
4,1471871360,1471871362,2
4,1471871362,1471871365,3
4,1471871365,1471871367,2
4,1471871367,1471871370,3
4,1471871370,1471871373,3
4,1471871377,1471871379,2
4,1471871379,1471871382,3
4,1471871384,1471871386,2
10,1471871385,1471871386,1
4,1471871386,1471871389,3
4,1471871392,1471871395,3
1,1471871393,1471871397,4
1,1471871400,1471871402,2
1,1471871406,1471871412,6
14,1471871411,1471871422,11
1,1471871421,1471871423,2
1,1471871428,1471871431,3
4,1471871432,1471871434,2
4,1471871434,1471871437,3
4,1471871437,1471871444,7
10,1471871439,1471871444,5
4,1471871445,1471871447,2
4,1471871447,1471871449,2
4,1471871449,1471871453,4
4,1471871453,1471871455,2
4,1471871455,1471871461,6
1,1471871458,1471871460,2
4,1471871461,1471871575,114
1,1471871464,1471871465,1
1,1471871469,1471871477,8
1,1471871481,1471871485,4
14,1471871484,1471871492,8
1,1471871492,1471871495,3
1,1471871499,1471871506,7
1,1471871509,1471871521,12
1,1471871572,1471871574,2
4,1471871575,1471871578,3
4,1471871578,1471871581,3
4,1471871581,1471871584,3
10,1471871582,1471871584,2
4,1471871584,1471871586,2
4,1471871586,1471871588,2
4,1471871588,1471871591,3
10,1471871591,1471871594,3
4,1471871594,1471871597,3
4,1471871597,1471871599,2
4,1471871599,1471871603,4
1,1471871605,1471871606,1
4,1471871609,1471871614,5
4,1471871614,1471871622,8
4,1471871622,1471871625,3
4,1471871626,1471871629,3
4,1471871629,1471871631,2
10,1471871630,1471871631,1
4,1471871631,1471871636,5
4,1471871636,1471871639,3
10,1471871637,1471871639,2
4,1471871639,1471871644,5
4,1471871646,1471871650,4
4,1471871651,1471871654,3
4,1471871655,1471871659,4
10,1471871656,1471871659,3
4,1471871659,1471871662,3
4,1471871662,1471871664,2
10,1471871662,1471871664,2
4,1471871664,1471871674,10
1,1471871670,1471871674,4
4,1471871675,1471871683,8
10,1471871676,1471871677,1
1,1471871684,1471871687,3
4,1471871686,1471871689,3
4,1471871689,1471871696,7
1,1471871691,1471871695,4
4,1471871696,1471871700,4
4,1471871700,1471871703,3
4,1471871703,1471871705,2
4,1471871706,1471871708,2
4,1471871708,1471871711,3
1,1471871713,1471871717,4
4,1471871720,1471871722,2
4,1471871722,1471871724,2
4,1471871724,1471871727,3
10,1471871724,1471871726,2
1,1471871725,1471871729,4
4,1471871727,1471871729,2
4,1471871730,1471871735,5
10,1471871731,1471871733,2
1,1471871732,1471871736,4
4,1471871735,1471871737,2
4,1471871737,1471871744,7
10,1471871739,1471871740,1
1,1471871739,1471871763,24
4,1471871744,1471871746,2
4,1471871748,1471871751,3
4,1471871753,1471871756,3
4,1471871757,1471871764,7
4,1471871764,1471871775,11
10,1471871765,1471871766,1
1,1471871767,1471871790,23
4,1471871775,1471871777,2
4,1471871777,1471871781,4
4,1471871782,1471871787,5
4,1471871787,1471871790,3
1,1471871798,1471871805,7
14,1471871804,1471871814,10
1,1471871835,1471871842,7
4,1471871843,1471871847,4
1,1471871845,1471871881,36
10,1471871845,1471871847,2
4,1471871851,1471871860,9
4,1471871867,1471871881,14
4,1471871881,1471871883,2
4,1471871883,1471871893,10
10,1471871886,1471871893,7
4,1471871893,1471871899,6
1,1471871896,1471871900,4
1,1471871904,1471871938,34
14,1471871909,1471871917,8
14,1471871923,1471871926,3
4,1471871940,1471871943,3
1,1471871941,1471871945,4
4,1471871945,1471871949,4
10,1471871948,1471871949,1
4,1471871949,1471871953,4
4,1471871953,1471871957,4
1,1471871953,1471871955,2
4,1471871957,1471871960,3
4,1471871960,1471871962,2
4,1471871963,1471871971,8
4,1471871971,1471871976,5
1,1471871972,1471871978,6
4,1471871976,1471871979,3
4,1471871979,1471871981,2
4,1471871981,1471871987,6
4,1471871987,1471871993,6
1,1471871989,1471871992,3
4,1471871993,1471871999,6
1,1471871996,1471871999,3
4,1471871999,1471872001,2
4,1471872002,1471872004,2
4,1471872004,1471872006,2
4,1471872006,1471872011,5
1,1471872009,1471872019,10
4,1471872011,1471872015,4
4,1471872015,1471872019,4
4,1471872019,1471872029,10
1,1471872023,1471872028,5
4,1471872029,1471872032,3
4,1471872033,1471872035,2
4,1471872036,1471872038,2
4,1471872038,1471872040,2
4,1471872040,1471872043,3
4,1471872043,1471872048,5
1,1471872044,1471872047,3
4,1471872048,1471872050,2
4,1471872052,1471872084,32
1,1471872055,1471872060,5
14,1471872060,1471872068,8
1,1471872077,1471872084,7
4,1471872084,1471872165,81
10,1471872085,1471872089,4
1,1471872088,1471872098,10
14,1471872096,1471872103,7
1,1471872102,1471872104,2
1,1471872108,1471872115,7
1,1471872132,1471872133,1
1,1471872156,1471872164,8
4,1471872166,1471872168,2
10,1471872166,1471872168,2
4,1471872168,1471872171,3
4,1471872171,1471872174,3
4,1471872175,1471872179,4
4,1471872179,1471872184,5
1,1471872180,1471872184,4
4,1471872184,1471872186,2
4,1471872186,1471872189,3
4,1471872189,1471872191,2
1,1471872193,1471872212,19
14,1471872196,1471872204,8
1,1471872215,1471872223,8
4,1471872222,1471872224,2
4,1471872224,1471872227,3
1,1471872227,1471872234,7
14,1471872233,1471872240,7
1,1471872240,1471872258,18
1,1471872279,1471872284,5
4,1471872284,1471872287,3
4,1471872287,1471872291,4
4,1471872296,1471872300,4
1,1471872297,1471872299,2
4,1471872302,1471872325,23
1,1471872305,1471872310,5
1,1471872322,1471872325,3
4,1471872328,1471872335,7
1,1471872331,1471872337,6
4,1471872341,1471872348,7
1,1471872344,1471872361,17
4,1471872348,1471872353,5
4,1471872362,1471872364,2
1,1471872365,1471872375,10
4,1471872373,1471872375,2
4,1471872378,1471872389,11
1,1471872381,1471872385,4
4,1471872389,1471872397,8
1,1471872390,1471872400,10
4,1471872398,1471872401,3
4,1471872404,1471872421,17
1,1471872404,1471872410,6
14,1471872409,1471872416,7
1,1471872416,1471872420,4
1,1471872425,1471872429,4
1,1471872432,1471872435,3
1,1471872439,1471872444,5
14,1471872444,1471872453,9
1,1471872454,1471872473,19
1,1471872519,1471872521,2
1,1471872527,1471872536,9
4,1471872536,1471872539,3
4,1471872539,1471872543,4
10,1471872543,1471872544,1
1,1471872543,1471872549,6
4,1471872549,1471872552,3
4,1471872552,1471872556,4
4,1471872556,1471872571,15
1,1471872557,1471872565,8
4,1471872571,1471872575,4
10,1471872572,1471872573,1
10,1471872574,1471872575,1
4,1471872576,1471872578,2
4,1471872578,1471872583,5
1,1471872580,1471872582,2
4,1471872584,1471872587,3
4,1471872587,1471872590,3
1,1471872589,1471872590,1
1,1471872595,1471872608,13
1,1471872613,1471872618,5
4,1471872618,1471872621,3
4,1471872622,1471872624,2
4,1471872624,1471872628,4
10,1471872626,1471872628,2
4,1471872628,1471872632,4
4,1471872632,1471872639,7
10,1471872634,1471872635,1
1,1471872634,1471872636,2
10,1471872637,1471872639,2
1,1471872640,1471872653,13
4,1471872642,1471872659,17
1,1471872656,1471872661,5
4,1471872659,1471872662,3
4,1471872662,1471872681,19
10,1471872662,1471872679,17
1,1471872675,1471872680,5
4,1471872683,1471872685,2
10,1471872686,1471872687,1
4,1471872687,1471872689,2
4,1471872689,1471872692,3
4,1471872694,1471872697,3
1,1471872698,1471872708,10
10,1471872698,1471872700,2
4,1471872701,1471872703,2
10,1471872705,1471872707,2
1,1471872717,1471872719,2
4,1471872719,1471872727,8
1,1471872722,1471872727,5
4,1471872729,1471872734,5
1,1471872737,1471872743,6
1,1471872768,1471872769,1
4,1471872771,1471872775,4
4,1471872820,1471872831,11
10,1471872823,1471872831,8
4,1471872831,1471872834,3
4,1471872834,1471872838,4
4,1471872838,1471872872,34
1,1471872839,1471872861,22
1,1471872866,1471872886,20
4,1471872877,1471872894,17
1,1471872891,1471872892,1
4,1471872918,1471872921,3
10,1471872919,1471872920,1
10,1471872922,1471872923,1
4,1471872930,1471872957,27
10,1471872931,1471872957,26
4,1471872957,1471872967,10
4,1471872967,1471872971,4
10,1471872969,1471872971,2
4,1471872972,1471872977,5
4,1471872977,1471872983,6
4,1471872984,1471872986,2
4,1471872987,1471872990,3
10,1471872987,1471872988,1
4,1471872990,1471872993,3
4,1471872994,1471873017,23
1,1471873015,1471873017,2
4,1471873018,1471873021,3
1,1471873022,1471873023,1
4,1471873024,1471873038,14
4,1471873038,1471873086,48
10,1471873039,1471873041,2
1,1471873081,1471873083,2
4,1471873086,1471873094,8
1,1471873088,1471873091,3
4,1471873094,1471873103,9
1,1471873104,1471873107,3
4,1471873106,1471873108,2
4,1471873110,1471873130,20
1,1471873113,1471873118,5
1,1471873123,1471873129,6
4,1471873130,1471873133,3
4,1471873134,1471873136,2
4,1471873136,1471873139,3
4,1471873139,1471873150,11
4,1471873150,1471873160,10
1,1471873152,1471873159,7
4,1471873160,1471873162,2
4,1471873162,1471873166,4
4,1471873168,1471873170,2
4,1471873170,1471873182,12
4,1471873183,1471873185,2
4,1471873186,1471873189,3
4,1471873190,1471873192,2
10,1471873191,1471873192,1
4,1471873194,1471873196,2
4,1471873196,1471873199,3
4,1471873199,1471873202,3
4,1471873202,1471873210,8
10,1471873204,1471873209,5
1,1471873206,1471873209,3
4,1471873210,1471873213,3
4,1471873213,1471873216,3
4,1471873217,1471873227,10
1,1471873220,1471873226,6
4,1471873227,1471873231,4
4,1471873233,1471873238,5
4,1471873242,1471873244,2
4,1471873244,1471873249,5
1,1471873247,1471873248,1
4,1471873251,1471873254,3
4,1471873254,1471873265,11
1,1471873256,1471873262,6
4,1471873266,1471873268,2
10,1471873266,1471873268,2
4,1471873268,1471873272,4
10,1471873269,1471873271,2
4,1471873272,1471873274,2
1,1471873275,1471873288,13
4,1471873290,1471873298,8
4,1471873299,1471873303,4
1,1471873300,1471873302,2
4,1471873304,1471873311,7
4,1471873311,1471873313,2
4,1471873314,1471873316,2
4,1471873316,1471873324,8
1,1471873321,1471873327,6
4,1471873324,1471873328,4
4,1471873328,1471873341,13
1,1471873331,1471873335,4
4,1471873342,1471873345,3
4,1471873345,1471873347,2
1,1471873349,1471873361,12
4,1471873359,1471873362,3
4,1471873362,1471873374,12
10,1471873363,1471873364,1
1,1471873364,1471873368,4
4,1471873375,1471873378,3
4,1471873378,1471873384,6
4,1471873384,1471873391,7
1,1471873388,1471873389,1
4,1471873391,1471873394,3
4,1471873394,1471873398,4
1,1471873396,1471873407,11
4,1471873398,1471873402,4
4,1471873402,1471873407,5
10,1471873403,1471873405,2
4,1471873409,1471873413,4
1,1471873414,1471873419,5
1,1471873423,1471873424,1
4,1471873425,1471873431,6
10,1471873426,1471873431,5
4,1471873431,1471873433,2
4,1471873434,1471873549,115
1,1471873446,1471873450,4
4,1471873550,1471873553,3
10,1471873552,1471873553,1
4,1471873553,1471873558,5
4,1471873559,1471873562,3
4,1471873562,1471873564,2
4,1471873564,1471873566,2
10,1471873567,1471873569,2
4,1471873569,1471873580,11
4,1471873581,1471873583,2
4,1471873583,1471873586,3
10,1471873584,1471873586,2
4,1471873586,1471873589,3
4,1471873590,1471873604,14
1,1471873592,1471873596,4
1,1471873601,1471873605,4
4,1471873607,1471873614,7
1,1471873609,1471873629,20
4,1471873614,1471873626,12
10,1471873616,1471873617,1
4,1471873632,1471873634,2
4,1471873635,1471873637,2
4,1471873637,1471873644,7
1,1471873640,1471873645,5
1,1471873685,1471873688,3
4,1471873688,1471873692,4
4,1471873692,1471873694,2
4,1471873694,1471873698,4
10,1471873696,1471873698,2
4,1471873698,1471873703,5
10,1471873701,1471873703,2
4,1471873705,1471873709,4
1,1471873705,1471873709,4
4,1471873716,1471873719,3
4,1471873719,1471873735,16
10,1471873721,1471873723,2
4,1471873735,1471873738,3
4,1471873738,1471873740,2
4,1471873741,1471873743,2
10,1471873742,1471873743,1
4,1471873743,1471873747,4
4,1471873747,1471873749,2
10,1471873748,1471873749,1
4,1471873749,1471873752,3
10,1471873750,1471873751,1
4,1471873753,1471873766,13
4,1471873766,1471873772,6
1,1471873768,1471873772,4
4,1471873773,1471873775,2
4,1471873775,1471873778,3
1,1471873776,1471873777,1
4,1471873778,1471873784,6
4,1471873784,1471873787,3
4,1471873787,1471873789,2
4,1471873789,1471873797,8
1,1471873791,1471873797,6
4,1471873799,1471873801,2
1,1471873803,1471873805,2
1,1471873815,1471873817,2
4,1471873818,1471873821,3
4,1471873821,1471873824,3
4,1471873824,1471873828,4
4,1471873830,1471873832,2
4,1471873833,1471873848,15
10,1471873834,1471873836,2
4,1471873849,1471873851,2
4,1471873852,1471873870,18
1,1471873859,1471873871,12
4,1471873870,1471873872,2
4,1471873873,1471873876,3
4,1471873879,1471873913,34
1,1471873881,1471873892,11
1,1471873899,1471873912,13
4,1471873913,1471873915,2
4,1471873916,1471873934,18
1,1471873923,1471873930,7
4,1471873934,1471873936,2
4,1471873936,1471873940,4
1,1471873938,1471873940,2
4,1471873941,1471873955,14
10,1471873941,1471873950,9
4,1471873955,1471873961,6
4,1471873963,1471873979,16
1,1471873966,1471873982,16
4,1471873983,1471873989,6
4,1471873989,1471873996,7
1,1471873992,1471873994,2
4,1471873996,1471874089,93
1,1471874014,1471874017,3
1,1471874039,1471874044,5
1,1471874047,1471874060,13
1,1471874082,1471874088,6
1,1471874094,1471874101,7
1,1471874112,1471874117,5
14,1471874117,1471874128,11
11,1471874120,1471874128,8
4,1471874122,1471874125,3
4,1471874125,1471874128,3
5,1471874126,1471874128,2
1,1471877226,1471877239,13
1,1471877242,1471877272,30
14,1471877272,1471877345,73
11,1471877276,1471877282,6
4,1471877278,1471877280,2
4,1471877280,1471877283,3
11,1471877282,1471877299,17
1,1471877287,1471877288,1
1,1471877297,1471877300,3
11,1471877299,1471877300,1
4,1471877300,1471877345,45
11,1471877300,1471877304,4
11,1471877304,1471877345,41
1,1471877305,1471877318,13
1,1471877323,1471877325,2
1,1471877331,1471877348,17
14,1471877349,1471877402,53
11,1471877352,1471877356,4
1,1471877352,1471877367,15
4,1471877353,1471877357,4
11,1471877356,1471877362,6
11,1471877363,1471877402,39
4,1471877366,1471877403,37
1,1471877375,1471877379,4
1,1471877398,1471877417,19
5,1471877400,1471877402,2
4,1471877412,1471877438,26
1,1471877428,1471877448,20
4,1471877438,1471877445,7
4,1471877448,1471877451,3
4,1471877454,1471877457,3
1,1471877458,1471877459,1
1,1471877471,1471877475,4
14,1471877475,1471877540,65
11,1471877482,1471877487,5
4,1471877483,1471877486,3
1,1471877486,1471877502,16
11,1471877487,1471877493,6
4,1471877488,1471877498,10
11,1471877494,1471877495,1
11,1471877495,1471877540,45
1,1471877511,1471877513,2
1,1471877534,1471877543,9
5,1471877538,1471877540,2
4,1471877541,1471877544,3
11,1471877546,1471877551,5
1,1471877547,1471877564,17
4,1471877547,1471877552,5
11,1471877551,1471877561,10
4,1471877556,1471877601,45
11,1471877562,1471877613,51
1,1471877578,1471877580,2
1,1471877592,1471877603,11
4,1471877602,1471877604,2
4,1471877604,1471877607,3
4,1471877607,1471877613,6
1,1471877609,1471877621,12
5,1471877610,1471877613,3
10,1471877613,1471877618,5
1,1471877624,1471877626,2
4,1471877627,1471877630,3
4,1471877631,1471877633,2
4,1471877633,1471877636,3
4,1471877637,1471877639,2
4,1471877640,1471877643,3
4,1471877643,1471877645,2
1,1471877647,1471877653,6
4,1471877651,1471877653,2
4,1471877654,1471877659,5
10,1471877655,1471877657,2
4,1471877660,1471877662,2
4,1471877663,1471877665,2
4,1471877666,1471877668,2
4,1471877668,1471877671,3
4,1471877672,1471877674,2
4,1471877676,1471877679,3
10,1471877678,1471877679,1
4,1471877679,1471877681,2
4,1471877682,1471877684,2
4,1471877684,1471877694,10
10,1471877685,1471877690,5
1,1471877688,1471877700,12
4,1471877701,1471877703,2
1,1471877710,1471877714,4
14,1471877714,1471877722,8
1,1471877722,1471877733,11
14,1471877733,1471877912,179
11,1471877736,1471877740,4
4,1471877737,1471877741,4
11,1471877740,1471877912,172
1,1471877742,1471877758,16
4,1471877745,1471877799,54
1,1471877762,1471877771,9
1,1471877790,1471877798,8
4,1471877799,1471877802,3
4,1471877802,1471877804,2
4,1471877805,1471877808,3
10,1471877806,1471877808,2
4,1471877808,1471877815,7
1,1471877810,1471877818,8
4,1471877816,1471877819,3
1,1471877822,1471877826,4
4,1471877824,1471877827,3
1,1471877829,1471877833,4
4,1471877834,1471877836,2
4,1471877837,1471877839,2
4,1471877843,1471877855,12
1,1471877848,1471877853,5
4,1471877855,1471877860,5
4,1471877862,1471877864,2
10,1471877864,1471877865,1
10,1471877866,1471877867,1
4,1471877867,1471877872,5
1,1471877869,1471877873,4
4,1471877873,1471877875,2
4,1471877875,1471877880,5
1,1471877877,1471877883,6
4,1471877887,1471877892,5
1,1471877889,1471877890,1
4,1471877892,1471877897,5
10,1471877893,1471877895,2
1,1471877895,1471877899,4
4,1471877900,1471877913,13
1,1471877907,1471877915,8
5,1471877910,1471877912,2
14,1471877915,1471877923,8
1,1471877926,1471877935,9
14,1471877935,1471878139,204
11,1471877938,1471877942,4
4,1471877939,1471877943,4
11,1471877942,1471877948,6
1,1471877945,1471877976,31
11,1471877949,1471877955,6
4,1471877949,1471877951,2
4,1471877956,1471877968,12
11,1471877957,1471877967,10
11,1471877967,1471877986,19
1,1471877981,1471877990,9
11,1471877986,1471878139,153
1,1471877999,1471878001,2
4,1471878002,1471878010,8
4,1471878010,1471878013,3
4,1471878013,1471878015,2
4,1471878015,1471878018,3
4,1471878018,1471878021,3
4,1471878021,1471878023,2
4,1471878023,1471878026,3
4,1471878026,1471878028,2
4,1471878028,1471878030,2
4,1471878032,1471878036,4
4,1471878036,1471878046,10
4,1471878046,1471878049,3
4,1471878049,1471878053,4
4,1471878053,1471878055,2
4,1471878057,1471878062,5
4,1471878062,1471878064,2
4,1471878065,1471878070,5
4,1471878070,1471878074,4
10,1471878073,1471878074,1
4,1471878074,1471878077,3
4,1471878077,1471878081,4
4,1471878082,1471878087,5
1,1471878084,1471878086,2
4,1471878089,1471878093,4
1,1471878095,1471878096,1
4,1471878097,1471878099,2
4,1471878099,1471878103,4
1,1471878100,1471878108,8
4,1471878103,1471878105,2
4,1471878106,1471878109,3
4,1471878109,1471878111,2
1,1471878112,1471878117,5
4,1471878113,1471878118,5
4,1471878118,1471878120,2
4,1471878120,1471878140,20
1,1471878134,1471878144,10
5,1471878137,1471878139,2
4,1471878145,1471878163,18
1,1471878150,1471878154,4
14,1471878154,1471878225,71
11,1471878162,1471878167,5
4,1471878164,1471878166,2
11,1471878167,1471878187,20
4,1471878168,1471878175,7
1,1471878170,1471878196,26
11,1471878187,1471878225,38
4,1471878187,1471878205,18
1,1471878199,1471878216,17
4,1471878209,1471878212,3
4,1471878215,1471878226,11
1,1471878221,1471878222,1
5,1471878222,1471878225,3
1,1471878225,1471878231,6
4,1471878234,1471878236,2
4,1471878237,1471878239,2
4,1471878239,1471878241,2
4,1471878241,1471878244,3
10,1471878242,1471878244,2
4,1471878244,1471878247,3
4,1471878247,1471878249,2
4,1471878249,1471878253,4
4,1471878254,1471878256,2
4,1471878256,1471878263,7
1,1471878258,1471878261,3
4,1471878263,1471878266,3
4,1471878266,1471878269,3
4,1471878269,1471878271,2
4,1471878271,1471878274,3
4,1471878275,1471878279,4
4,1471878279,1471878282,3
4,1471878282,1471878285,3
4,1471878285,1471878296,11
1,1471878294,1471878296,2
4,1471878297,1471878300,3
10,1471878299,1471878300,1
4,1471878300,1471878307,7
4,1471878311,1471878318,7
1,1471878314,1471878317,3
4,1471878319,1471878325,6
4,1471878327,1471878330,3
4,1471878330,1471878332,2
4,1471878333,1471878335,2
4,1471878335,1471878337,2
4,1471878337,1471878342,5
4,1471878343,1471878353,10
1,1471878343,1471878347,4
1,1471878354,1471878358,4
4,1471878358,1471878361,3
1,1471878362,1471878366,4
4,1471878369,1471878373,4
1,1471878371,1471878372,1
4,1471878373,1471878376,3
4,1471878376,1471878379,3
4,1471878380,1471878383,3
1,1471878386,1471878394,8
4,1471878389,1471878393,4
4,1471878397,1471878399,2
1,1471878401,1471878405,4
4,1471878405,1471878408,3
4,1471878408,1471878411,3
4,1471878411,1471878418,7
10,1471878413,1471878418,5
4,1471878418,1471878421,3
4,1471878421,1471878427,6
4,1471878428,1471878435,7
1,1471878430,1471878435,5
10,1471878431,1471878433,2
4,1471878435,1471878437,2
1,1471878444,1471878451,7
4,1471878455,1471878458,3
4,1471878459,1471878462,3
1,1471878464,1471878467,3
4,1471878468,1471878475,7
1,1471878471,1471878473,2
4,1471878475,1471878478,3
4,1471878479,1471878481,2
4,1471878482,1471878487,5
1,1471878484,1471878487,3
4,1471878488,1471878492,4
1,1471878494,1471878502,8
1,1471878507,1471878509,2
1,1471878519,1471878522,3
4,1471878523,1471878525,2
1,1471878527,1471878528,1
4,1471878532,1471878535,3
1,1471878533,1471878535,2
4,1471878539,1471878563,24
1,1471878547,1471878548,1
1,1471878557,1471878560,3
10,1471878561,1471878563,2
4,1471878563,1471878568,5
1,1471878565,1471878566,1
4,1471878568,1471878571,3
4,1471878571,1471878618,47
1,1471878575,1471878578,3
1,1471878584,1471878587,3
14,1471878587,1471878594,7
1,1471878600,1471878603,3
1,1471878614,1471878618,4
4,1471878618,1471878624,6
10,1471878625,1471878626,1
4,1471878626,1471879636,1010
1,1471878632,1471878636,4
14,1471878636,1471878643,7
1,1471878644,1471878646,2
14,1471878646,1471878649,3
1,1471878653,1471878655,2
1,1471878659,1471878670,11
1,1471879586,1471879588,2
1,1471879593,1471879616,23
1,1471879620,1471879635,15
4,1471879636,1471879639,3
10,1471879637,1471879639,2
4,1471879639,1471879641,2
4,1471879641,1471879644,3
4,1471879645,1471879647,2
4,1471879647,1471879649,2
4,1471879649,1471879652,3
4,1471879653,1471879655,2
4,1471879655,1471879660,5
10,1471879655,1471879660,5
4,1471879660,1471879663,3
10,1471879660,1471879661,1
4,1471879665,1471879668,3
4,1471879668,1471879670,2
4,1471879670,1471879678,8
1,1471879676,1471879678,2
4,1471879679,1471879682,3
4,1471879682,1471879688,6
4,1471879689,1471879691,2
4,1471879692,1471879697,5
4,1471879697,1471879700,3
10,1471879698,1471879699,1
4,1471879700,1471879706,6
10,1471879701,1471879702,1
10,1471879703,1471879706,3
4,1471879706,1471879708,2
4,1471879708,1471879712,4
10,1471879713,1471879714,1
4,1471879714,1471879717,3
4,1471879717,1471879719,2
10,1471879718,1471879719,1
4,1471879719,1471879722,3
4,1471879722,1471879725,3
10,1471879723,1471879725,2
4,1471879725,1471879728,3
4,1471879728,1471879731,3
4,1471879732,1471879734,2
4,1471879734,1471879738,4
4,1471879739,1471879742,3
4,1471879742,1471879744,2
4,1471879744,1471879747,3
4,1471879747,1471879751,4
4,1471879751,1471879757,6
1,1471879754,1471879756,2
4,1471879757,1471879759,2
4,1471879759,1471879763,4
10,1471879763,1471879764,1
4,1471879764,1471879768,4
4,1471879768,1471879770,2
4,1471879770,1471879772,2
4,1471879773,1471879775,2
4,1471879775,1471879779,4
4,1471879780,1471879782,2
10,1471879782,1471879784,2
4,1471879785,1471879791,6
4,1471879791,1471879794,3
4,1471879797,1471879799,2
4,1471879800,1471879803,3
4,1471879803,1471879806,3
10,1471879804,1471879805,1
4,1471879807,1471879810,3
1,1471879809,1471879816,7
4,1471879813,1471879816,3
4,1471879817,1471879823,6
4,1471879827,1471879837,10
1,1471879835,1471879836,1
4,1471879837,1471879839,2
4,1471879840,1471879926,86
1,1471879853,1471879866,13
14,1471879859,1471879869,10
1,1471879918,1471879925,7
4,1471879926,1471879932,6
4,1471879932,1471879934,2
4,1471879934,1471879936,2
4,1471879936,1471879939,3
4,1471879940,1471879942,2
10,1471879942,1471879943,1
4,1471879944,1471879946,2
10,1471879944,1471879946,2
4,1471879947,1471879950,3
4,1471879950,1471879952,2
4,1471879953,1471879955,2
4,1471879955,1471879958,3
4,1471879958,1471879961,3
4,1471879962,1471879967,5
4,1471879967,1471879969,2
4,1471879969,1471879971,2
4,1471879971,1471879976,5
4,1471879976,1471879981,5
1,1471879976,1471879981,5
1,1471879985,1471879995,10
4,1471879989,1471879994,5
4,1471879994,1471879996,2
4,1471879996,1471879999,3
4,1471879999,1471880001,2
4,1471880001,1471880004,3
4,1471880004,1471880007,3
4,1471880008,1471880014,6
4,1471880024,1471880026,2
4,1471880026,1471880028,2
4,1471880028,1471880031,3
4,1471880031,1471880034,3
4,1471880039,1471880041,2
4,1471880041,1471880043,2
4,1471880043,1471880048,5
4,1471880048,1471880051,3
4,1471880052,1471880054,2
4,1471880054,1471880057,3
4,1471880057,1471880060,3
4,1471880060,1471880062,2
4,1471880063,1471880067,4
4,1471880068,1471880070,2
4,1471880070,1471880074,4
4,1471880074,1471880076,2
4,1471880078,1471880080,2
4,1471880080,1471880082,2
4,1471880082,1471880085,3
4,1471880085,1471880087,2
4,1471880087,1471880090,3
4,1471880090,1471880093,3
4,1471880093,1471880095,2
4,1471880095,1471880099,4
4,1471880099,1471880101,2
4,1471880101,1471880104,3
4,1471880104,1471880149,45
1,1471880117,1471880125,8
14,1471880124,1471880131,7
1,1471880134,1471880142,8
1,1471880146,1471880148,2
4,1471880149,1471880151,2
4,1471880152,1471880155,3
4,1471880156,1471880166,10
1,1471880162,1471880164,2
1,1471880172,1471880176,4
14,1471880176,1471880184,8
1,1471880204,1471880215,11
4,1471880213,1471880216,3
4,1471880216,1471880219,3
4,1471880219,1471880225,6
4,1471880225,1471880227,2
4,1471880227,1471880234,7
1,1471880230,1471880234,4
1,1471880242,1471880255,13
4,1471880246,1471880251,5
4,1471880253,1471880257,4
4,1471880259,1471880262,3
10,1471880259,1471880261,2
4,1471880262,1471880264,2
4,1471880265,1471880268,3
4,1471880269,1471880271,2
4,1471880271,1471880275,4
4,1471880275,1471880278,3
4,1471880280,1471880282,2
4,1471880283,1471880285,2
1,1471880286,1471880291,5
4,1471880289,1471880292,3
4,1471880292,1471880309,17
1,1471880297,1471880299,2
1,1471880304,1471880326,22
4,1471880318,1471880321,3
4,1471880322,1471880327,5
10,1471880327,1471880328,1
4,1471880328,1471880331,3
1,1471880333,1471880334,1
4,1471880335,1471880338,3
4,1471880338,1471880340,2
4,1471880340,1471880343,3
4,1471880343,1471880351,8
10,1471880350,1471880352,2
4,1471880352,1471880356,4
1,1471880354,1471880359,5
4,1471880357,1471880360,3
4,1471880360,1471880367,7
1,1471880363,1471880378,15
4,1471880370,1471880375,5
4,1471880375,1471880380,5
4,1471880380,1471880383,3
1,1471880384,1471880389,5
14,1471880389,1471880396,7
1,1471880408,1471880414,6
4,1471880414,1471880417,3
4,1471880417,1471880450,33
1,1471880418,1471880425,7
14,1471880422,1471880429,7
1,1471880431,1471880433,2
1,1471880442,1471880449,7
4,1471880450,1471880455,5
1,1471880452,1471880454,2
4,1471880457,1471880479,22
1,1471880461,1471880465,4
1,1471880471,1471880483,12
4,1471880480,1471880482,2
4,1471880483,1471880487,4
10,1471880485,1471880486,1
10,1471880487,1471880490,3
4,1471880490,1471880492,2
4,1471880495,1471880567,72
1,1471880496,1471880503,7
14,1471880501,1471880508,7
1,1471880510,1471880511,1
1,1471880557,1471880565,8
4,1471880567,1471880594,27
1,1471880572,1471880577,5
14,1471880577,1471880584,7
1,1471880591,1471880594,3
4,1471880595,1471880653,58
1,1471880598,1471880601,3
1,1471880605,1471880615,10
14,1471880609,1471880619,10
1,1471880621,1471880627,6
1,1471880651,1471880652,1
4,1471880653,1471880655,2
4,1471880655,1471880658,3
4,1471880661,1471880668,7
1,1471880661,1471880667,6
4,1471880668,1471880676,8
1,1471880671,1471880675,4
4,1471880676,1471880681,5
4,1471880681,1471880703,22
1,1471880681,1471880688,7
14,1471880687,1471880693,6
1,1471880697,1471880702,5
4,1471880703,1471880973,270
1,1471880707,1471880712,5
14,1471880712,1471880719,7
1,1471880720,1471880721,1
1,1471880725,1471880730,5
1,1471880900,1471880913,13
1,1471880940,1471880942,2
1,1471880959,1471880972,13
4,1471880973,1471880976,3
4,1471880977,1471880981,4
10,1471880981,1471880982,1
1,1471880982,1471880987,5
4,1471880985,1471880987,2
4,1471880989,1471880991,2
4,1471880996,1471881009,13
1,1471880998,1471881008,10
4,1471881009,1471881012,3
4,1471881013,1471881016,3
4,1471881017,1471881019,2
4,1471881022,1471881054,32
1,1471881027,1471881051,24
4,1471881055,1471881058,3
4,1471881058,1471881061,3
4,1471881063,1471881065,2
4,1471881065,1471881068,3
10,1471881066,1471881068,2
4,1471881068,1471881071,3
4,1471881073,1471881078,5
4,1471881078,1471881080,2
1,1471881079,1471881080,1
4,1471881080,1471881188,108
1,1471881089,1471881093,4
1,1471881097,1471881099,2
1,1471881103,1471881122,19
1,1471881151,1471881160,9
1,1471881175,1471881177,2
1,1471881185,1471881191,6
4,1471881190,1471881195,5
4,1471881195,1471881205,10
4,1471881205,1471881208,3
4,1471881208,1471881214,6
4,1471881214,1471881233,19
1,1471881217,1471881219,2
4,1471881233,1471881236,3
10,1471881234,1471881236,2
4,1471881238,1471881261,23
1,1471881239,1471881244,5
1,1471881248,1471881251,3
1,1471881258,1471881260,2
4,1471881262,1471881264,2
4,1471881264,1471881267,3
4,1471881267,1471881269,2
10,1471881267,1471881268,1
4,1471881269,1471881272,3
4,1471881274,1471881312,38
1,1471881277,1471881281,4
1,1471881301,1471881304,3
4,1471881313,1471881315,2
4,1471881317,1471881320,3
4,1471881320,1471881327,7
4,1471881328,1471881331,3
4,1471881331,1471881334,3
10,1471881331,1471881335,4
4,1471881335,1471881340,5
10,1471881335,1471881336,1
4,1471881340,1471881343,3
4,1471881346,1471881351,5
1,1471881353,1471881357,4
4,1471881358,1471881370,12
4,1471881370,1471881377,7
10,1471881371,1471881377,6
4,1471881377,1471881380,3
1,1471881377,1471881379,2
1,1471881421,1471881424,3
1,1471881484,1471881486,2
4,1471881487,1471881491,4
1,1471881506,1471881508,2
4,1471881511,1471881516,5
10,1471881513,1471881516,3
4,1471881516,1471881522,6
10,1471881519,1471881520,1
4,1471881523,1471881527,4
4,1471881527,1471881530,3
10,1471881528,1471881530,2
4,1471881530,1471881539,9
10,1471881532,1471881534,2
10,1471881534,1471881539,5
4,1471881539,1471881541,2
4,1471881541,1471881544,3
4,1471881544,1471881546,2
10,1471881544,1471881545,1
4,1471881546,1471881552,6
4,1471881552,1471881555,3
4,1471881555,1471881604,49
1,1471881558,1471881561,3
1,1471881594,1471881598,4
1,1471881602,1471881611,9
4,1471881607,1471881609,2
1,1471881614,1471881616,2
4,1471881615,1471881617,2
4,1471881620,1471881674,54
1,1471881621,1471881628,7
1,1471881633,1471881635,2
1,1471881651,1471881660,9
1,1471881667,1471881672,5
4,1471881675,1471881677,2
4,1471881677,1471881679,2
4,1471881679,1471881681,2
4,1471881682,1471881684,2
4,1471881684,1471881687,3
4,1471881688,1471881690,2
10,1471881688,1471881690,2
4,1471881690,1471881693,3
4,1471881708,1471881717,9
1,1471881712,1471881724,12
4,1471881719,1471881723,4
4,1471881726,1471881729,3
4,1471881729,1471881731,2
4,1471881732,1471881735,3
4,1471881735,1471881738,3
4,1471881739,1471881741,2
10,1471881740,1471881741,1
4,1471881741,1471881743,2
4,1471881743,1471881746,3
4,1471881746,1471881748,2
4,1471881750,1471881756,6
4,1471881757,1471881760,3
4,1471881761,1471881766,5
4,1471881766,1471881769,3
4,1471881769,1471881772,3
4,1471881772,1471881782,10
1,1471881774,1471881780,6
4,1471881782,1471881794,12
4,1471881800,1471881803,3
4,1471881803,1471881806,3
1,1471881804,1471881806,2
4,1471881812,1471881816,4
1,1471881814,1471881819,5
4,1471881816,1471881820,4
4,1471881820,1471881822,2
4,1471881823,1471881825,2
4,1471881825,1471881828,3
4,1471881830,1471881854,24
10,1471881831,1471881835,4
1,1471881836,1471881839,3
4,1471881854,1471881859,5
1,1471881855,1471881859,4
10,1471881860,1471881862,2
4,1471881862,1471881877,15
4,1471881877,1471881882,5
4,1471881883,1471881885,2
4,1471881886,1471881888,2
4,1471881888,1471881891,3
4,1471881891,1471881894,3
4,1471881894,1471881898,4
1,1471881895,1471881897,2
4,1471881898,1471881902,4
4,1471881903,1471881909,6
1,1471881907,1471881908,1
4,1471881909,1471881911,2
4,1471881911,1471881915,4
4,1471881915,1471881920,5
1,1471881920,1471881921,1
4,1471881920,1471881931,11
1,1471881928,1471881931,3
4,1471881931,1471881942,11
10,1471881933,1471881937,4
1,1471881935,1471881940,5
4,1471881942,1471881946,4
1,1471881944,1471881945,1
4,1471881947,1471881952,5
1,1471881950,1471881953,3
4,1471881953,1471881958,5
4,1471881958,1471882050,92
1,1471881963,1471881970,7
14,1471881969,1471881980,11
1,1471881977,1471881981,4
1,1471881987,1471881989,2
1,1471881997,1471882023,26
1,1471882026,1471882028,2
1,1471882041,1471882057,16
4,1471882055,1471882058,3
4,1471882058,1471882060,2
4,1471882060,1471882064,4
1,1471882062,1471882066,4
4,1471882067,1471882070,3
4,1471882070,1471882072,2
4,1471882072,1471882074,2
4,1471882076,1471882080,4
4,1471882081,1471882087,6
10,1471882083,1471882087,4
4,1471882087,1471882089,2
4,1471882089,1471882093,4
4,1471882093,1471882097,4
4,1471882098,1471882100,2
4,1471882100,1471882102,2
4,1471882103,1471882106,3
4,1471882106,1471882110,4
1,1471882108,1471882109,1
4,1471882111,1471882113,2
4,1471882114,1471882117,3
4,1471882117,1471882121,4
10,1471882119,1471882121,2
4,1471882121,1471882126,5
10,1471882123,1471882124,1
4,1471882126,1471882129,3
10,1471882126,1471882129,3
4,1471882129,1471882132,3
4,1471882132,1471882134,2
1,1471882133,1471882134,1
4,1471882134,1471882137,3
4,1471882137,1471882140,3
4,1471882142,1471882145,3
4,1471882148,1471882151,3
1,1471882150,1471882152,2
4,1471882153,1471882155,2
4,1471882156,1471882160,4
4,1471882160,1471882162,2
4,1471882162,1471882165,3
4,1471882165,1471882171,6
1,1471882167,1471882170,3
4,1471882171,1471882174,3
10,1471882172,1471882174,2
4,1471882174,1471882177,3
1,1471882183,1471882186,3
4,1471882183,1471882188,5
4,1471882188,1471882190,2
4,1471882190,1471882195,5
4,1471882195,1471882197,2
4,1471882197,1471882200,3
10,1471882198,1471882200,2
4,1471882200,1471882202,2
4,1471882203,1471882206,3
4,1471882206,1471882208,2
4,1471882211,1471882213,2
4,1471882214,1471882217,3
1,1471882215,1471882223,8
4,1471882217,1471882221,4
4,1471882221,1471882223,2
4,1471882223,1471882227,4
4,1471882227,1471882231,4
1,1471882235,1471882240,5
1,1471882244,1471882252,8
14,1471882252,1471882262,10
1,1471882264,1471882277,13
4,1471882266,1471882286,20
14,1471882275,1471882283,8
1,1471882284,1471882286,2
4,1471882287,1471882290,3
1,1471882290,1471882304,14
14,1471882302,1471882310,8
1,1471882315,1471882320,5
1,1471882323,1471882330,7
1,1471882367,1471882368,1
1,1471882372,1471882380,8
4,1471882380,1471882383,3
4,1471882383,1471882385,2
4,1471882385,1471882389,4
10,1471882387,1471882389,2
4,1471882389,1471882391,2
4,1471882391,1471882393,2
4,1471882393,1471882398,5
4,1471882398,1471882400,2
4,1471882401,1471882403,2
10,1471882401,1471882402,1
4,1471882408,1471882413,5
4,1471882413,1471882417,4
4,1471882417,1471882419,2
4,1471882419,1471882422,3
4,1471882422,1471882427,5
1,1471882423,1471882426,3
4,1471882428,1471882432,4
1,1471882430,1471882437,7
4,1471882432,1471882435,3
4,1471882435,1471882438,3
1,1471882441,1471882445,4
4,1471882458,1471882460,2
4,1471882460,1471882463,3
4,1471882463,1471882466,3
4,1471882466,1471882468,2
4,1471882468,1471882470,2
4,1471882470,1471882474,4
10,1471882471,1471882474,3
4,1471882474,1471882476,2
4,1471882478,1471882486,8
10,1471882480,1471882486,6
4,1471882486,1471882489,3
4,1471882489,1471882491,2
4,1471882491,1471882494,3
4,1471882494,1471882496,2
4,1471882497,1471882535,38
1,1471882502,1471882514,12
1,1471882518,1471882520,2
1,1471882527,1471882532,5
4,1471882536,1471882541,5
1,1471882536,1471882540,4
4,1471882542,1471882605,63
4,1471882605,1471882607,2
10,1471882606,1471882607,1
4,1471882607,1471882612,5
4,1471882612,1471882614,2
4,1471882615,1471882618,3
10,1471882615,1471882618,3
4,1471882618,1471882621,3
4,1471882621,1471882623,2
4,1471882623,1471882634,11
10,1471882624,1471882631,7
1,1471882630,1471882636,6
4,1471882634,1471882637,3
4,1471882637,1471882640,3
1,1471882639,1471882646,7
4,1471882643,1471882645,2
4,1471882647,1471882649,2
1,1471882650,1471882653,3
4,1471882654,1471882668,14
1,1471882659,1471882667,8
4,1471882669,1471882671,2
10,1471882669,1471882671,2
4,1471882671,1471882674,3
4,1471882674,1471882676,2
4,1471882677,1471882680,3
1,1471882678,1471882679,1
4,1471882680,1471882682,2
4,1471882682,1471882688,6
4,1471882688,1471882692,4
4,1471882692,1471882694,2
4,1471882694,1471882698,4
4,1471882698,1471882700,2
4,1471882700,1471882702,2
4,1471882702,1471882708,6
1,1471882707,1471882708,1
4,1471882709,1471882712,3
10,1471882710,1471882711,1
4,1471882713,1471882715,2
4,1471882716,1471882722,6
1,1471882728,1471882732,4
4,1471882730,1471882733,3
4,1471882733,1471882736,3
4,1471882736,1471882739,3
4,1471882739,1471882741,2
4,1471882742,1471882744,2
4,1471882748,1471882750,2
4,1471882750,1471882752,2
4,1471882753,1471882755,2
4,1471882755,1471882757,2
4,1471882757,1471882766,9
1,1471882762,1471882767,5
4,1471882766,1471882774,8
1,1471882773,1471882774,1
4,1471882775,1471882806,31
1,1471882784,1471882802,18
4,1471882806,1471882810,4
10,1471882806,1471882808,2
10,1471882808,1471882810,2
4,1471882810,1471882815,5
4,1471882817,1471882821,4
1,1471882823,1471882827,4
4,1471882828,1471882835,7
10,1471882831,1471882833,2
4,1471882835,1471882846,11
1,1471882837,1471882845,8
4,1471882846,1471882848,2
1,1471882849,1471882850,1
4,1471882851,1471882853,2
4,1471882853,1471882863,10
1,1471882857,1471882888,31
4,1471882863,1471882867,4
4,1471882868,1471882871,3
4,1471882871,1471883023,152
1,1471882891,1471882909,18
1,1471882913,1471882917,4
1,1471882933,1471882942,9
14,1471882942,1471882945,3
1,1471882966,1471882968,2
14,1471882968,1471882971,3
1,1471882973,1471882989,16
14,1471882989,1471882991,2
1,1471883005,1471883009,4
1,1471883015,1471883023,8
4,1471883027,1471883031,4
4,1471883031,1471883033,2
10,1471883032,1471883033,1
1,1471883034,1471883039,5
4,1471883035,1471883040,5
4,1471883040,1471883042,2
4,1471883042,1471883047,5
1,1471883044,1471883046,2
4,1471883047,1471883049,2
4,1471883049,1471883052,3
4,1471883052,1471883054,2
4,1471883057,1471883062,5
10,1471883059,1471883060,1
4,1471883063,1471883073,10
1,1471883069,1471883080,11
4,1471883073,1471883076,3
4,1471883076,1471883080,4
4,1471883081,1471883086,5
4,1471883086,1471883107,21
1,1471883104,1471883106,2
4,1471883107,1471883109,2
4,1471883109,1471883114,5
1,1471883112,1471883118,6
1,1471883124,1471883127,3
14,1471883127,1471883135,8
1,1471883137,1471883139,2
1,1471883154,1471883157,3
4,1471883158,1471883191,33
1,1471883162,1471883169,7
14,1471883166,1471883174,8
1,1471883172,1471883180,8
1,1471883187,1471883190,3
4,1471883191,1471883227,36
1,1471883201,1471883209,8
14,1471883206,1471883213,7
1,1471883213,1471883215,2
1,1471883220,1471883231,11
4,1471883227,1471883231,4
1,1471883236,1471883239,3
1,1471883246,1471883250,4
4,1471883248,1471883250,2
4,1471883251,1471883254,3
4,1471883254,1471883259,5
1,1471883255,1471883265,10
4,1471883259,1471883262,3
4,1471883265,1471883267,2
4,1471883267,1471883269,2
4,1471883272,1471883275,3
4,1471883275,1471883279,4
1,1471883276,1471883278,2
4,1471883279,1471883282,3
4,1471883282,1471883285,3
4,1471883286,1471883289,3
4,1471883290,1471883292,2
4,1471883292,1471883296,4
4,1471883296,1471883339,43
1,1471883303,1471883306,3
14,1471883306,1471883316,10
1,1471883321,1471883322,1
1,1471883336,1471883338,2
1,1471883345,1471883352,7
14,1471883349,1471883356,7
1,1471883363,1471883366,3
1,1471883377,1471883380,3
1,1471883390,1471883394,4
1,1471883398,1471883401,3
1,1471883406,1471883429,23
1,1471883456,1471883470,14
1,1471883485,1471883494,9
4,1471883503,1471883531,28
1,1471883505,1471883506,1
1,1471883510,1471883515,5
1,1471883518,1471883523,5
4,1471883531,1471883542,11
4,1471883542,1471883569,27
1,1471883549,1471883563,14
4,1471883569,1471883602,33
1,1471883579,1471883581,2
1,1471883585,1471883595,10
4,1471883602,1471884224,622
1,1471883613,1471883623,10
1,1471883837,1471883843,6
1,1471883848,1471883873,25
1,1471883877,1471883888,11
1,1471883901,1471883903,2
1,1471883916,1471883919,3
1,1471883927,1471883933,6
1,1471884187,1471884188,1
1,1471884220,1471884223,3
4,1471884224,1471884230,6
4,1471884230,1471884233,3
4,1471884233,1471884236,3
4,1471884236,1471884240,4
4,1471884242,1471884251,9
1,1471884248,1471884250,2
4,1471884251,1471884254,3
4,1471884255,1471884257,2
4,1471884257,1471884260,3
4,1471884261,1471884263,2
4,1471884263,1471884267,4
4,1471884267,1471884270,3
4,1471884270,1471884280,10
4,1471884286,1471884290,4
10,1471884287,1471884290,3
4,1471884290,1471884293,3
4,1471884296,1471884300,4
10,1471884297,1471884298,1
10,1471884299,1471884300,1
4,1471884301,1471884303,2
10,1471884302,1471884303,1
4,1471884303,1471884318,15
4,1471884319,1471884323,4
10,1471884321,1471884323,2
4,1471884323,1471884325,2
4,1471884325,1471884329,4
4,1471884329,1471884333,4
4,1471884334,1471884336,2
4,1471884339,1471884341,2
4,1471884341,1471884344,3
4,1471884344,1471884346,2
10,1471884346,1471884347,1
4,1471884347,1471884349,2
4,1471884349,1471884360,11
1,1471884352,1471884357,5
10,1471884354,1471884358,4
10,1471884359,1471884360,1
4,1471884360,1471884368,8
10,1471884362,1471884366,4
4,1471884370,1471884375,5
1,1471884373,1471884378,5
4,1471884375,1471884379,4
10,1471884376,1471884377,1
4,1471884379,1471884382,3
10,1471884380,1471884382,2
4,1471884382,1471884385,3
4,1471884385,1471884393,8
4,1471884394,1471884401,7
1,1471884398,1471884400,2
4,1471884401,1471884406,5
4,1471884406,1471884467,61
1,1471884431,1471884438,7
1,1471884457,1471884466,9
4,1471884467,1471884480,13
4,1471884480,1471884482,2
4,1471884482,1471884485,3
4,1471884486,1471884489,3
4,1471884489,1471884491,2
4,1471884491,1471884494,3
4,1471884494,1471884500,6
4,1471884500,1471884528,28
1,1471884514,1471884535,21
4,1471884530,1471884558,28
1,1471884555,1471884557,2
4,1471884558,1471884562,4
4,1471884562,1471884564,2
4,1471884564,1471884567,3
4,1471884567,1471884569,2
4,1471884569,1471884592,23
1,1471884585,1471884601,16
4,1471884601,1471884606,5
10,1471884602,1471884606,4
4,1471884610,1471884619,9
1,1471884612,1471884614,2
4,1471884619,1471884625,6
1,1471884654,1471884657,3
4,1471884663,1471884675,12
1,1471884664,1471884666,2
4,1471884675,1471884677,2
4,1471884677,1471884680,3
4,1471884681,1471884688,7
1,1471884686,1471884688,2
4,1471884689,1471884691,2
4,1471884691,1471884697,6
1,1471884694,1471884702,8
4,1471884699,1471884710,11
4,1471884710,1471884720,10
1,1471884712,1471884719,7
4,1471884720,1471884734,14
4,1471884734,1471884741,7
1,1471884735,1471884736,1
4,1471884741,1471884747,6
1,1471884742,1471884749,7
4,1471884748,1471884898,150
1,1471884824,1471884825,1
1,1471884829,1471884840,11
1,1471884873,1471884878,5
1,1471884881,1471884883,2
1,1471884892,1471884897,5
4,1471884898,1471884901,3
10,1471884899,1471884901,2
4,1471884901,1471884903,2
4,1471884903,1471884910,7
10,1471884904,1471884905,1
1,1471884906,1471884909,3
4,1471884910,1471884913,3
4,1471884913,1471884916,3
4,1471884916,1471884923,7
1,1471884917,1471884924,7
4,1471884925,1471884947,22
1,1471884928,1471884934,6
1,1471884938,1471884950,12
10,1471884948,1471884949,1
4,1471884950,1471884961,11
10,1471884951,1471884952,1
1,1471884956,1471884960,4
4,1471884961,1471884963,2
4,1471884963,1471884968,5
4,1471884969,1471884971,2
4,1471884971,1471884973,2
4,1471884973,1471884976,3
4,1471884976,1471884979,3
4,1471884979,1471884990,11
1,1471884984,1471884986,2
4,1471884990,1471885007,17
1,1471884992,1471885023,31
4,1471885009,1471885029,20
1,1471885027,1471885031,4
4,1471885029,1471885032,3
4,1471885032,1471885035,3
1,1471885038,1471885044,6
4,1471885045,1471885047,2
10,1471885046,1471885047,1
4,1471885048,1471885055,7
1,1471885051,1471885054,3
10,1471885056,1471885059,3
1,1471885060,1471885064,4
4,1471885065,1471885067,2
4,1471885067,1471885070,3
4,1471885072,1471885074,2
4,1471885075,1471885081,6
1,1471885077,1471885092,15
4,1471885081,1471885092,11
10,1471885082,1471885083,1
4,1471885093,1471885104,11
1,1471885098,1471885114,16
10,1471885105,1471885106,1
4,1471885108,1471885115,7
4,1471885115,1471885118,3
4,1471885118,1471885120,2
4,1471885120,1471885123,3
4,1471885123,1471885125,2
4,1471885125,1471885131,6
1,1471885126,1471885130,4
4,1471885131,1471885138,7
1,1471885133,1471885150,17
10,1471885133,1471885134,1
4,1471885149,1471885155,6
1,1471885159,1471885168,9
1,1471885174,1471885177,3
1,1471885181,1471885184,3
1,1471885188,1471885191,3
1,1471885194,1471885197,3
4,1471885199,1471885215,16
1,1471885203,1471885240,37
10,1471885216,1471885217,1
4,1471885219,1471885222,3
4,1471885231,1471885233,2
4,1471885241,1471885244,3
4,1471885244,1471885254,10
1,1471885247,1471885250,3
4,1471885254,1471885261,7
1,1471885256,1471885282,26
4,1471885264,1471885270,6
4,1471885272,1471885276,4
10,1471885273,1471885274,1
1,1471885289,1471885298,9
1,1471885304,1471885311,7
4,1471885308,1471885312,4
10,1471885309,1471885310,1
4,1471885314,1471885316,2
4,1471885316,1471885318,2
10,1471885320,1471885322,2
1,1471885329,1471885332,3
1,1471885339,1471885343,4
1,1471885348,1471885352,4
1,1471885358,1471885360,2
1,1471885383,1471885387,4
1,1471885400,1471885407,7
1,1471885456,1471885458,2
4,1471885459,1471885461,2
4,1471885461,1471885463,2
10,1471885462,1471885463,1
4,1471885464,1471885470,6
4,1471885470,1471885472,2
4,1471885472,1471885474,2
4,1471885475,1471885484,9
1,1471885477,1471885481,4
4,1471885484,1471885492,8
10,1471885484,1471885485,1
10,1471885485,1471885492,7
4,1471885492,1471885499,7
4,1471885513,1471885515,2
4,1471885515,1471885518,3
1,1471885515,1471885519,4
4,1471885519,1471885521,2
1,1471885522,1471885525,3
4,1471885524,1471885526,2
4,1471885526,1471885528,2
4,1471885528,1471885531,3
4,1471885531,1471885536,5
4,1471885537,1471885539,2
4,1471885539,1471885569,30
10,1471885540,1471885569,29
4,1471885569,1471885573,4
4,1471885574,1471885576,2
4,1471885576,1471885583,7
4,1471885584,1471885590,6
1,1471885586,1471885589,3
4,1471885590,1471885595,5
10,1471885590,1471885595,5
4,1471885595,1471885598,3
4,1471885599,1471885601,2
4,1471885602,1471885605,3
4,1471885605,1471885607,2
1,1471885608,1471885609,1
4,1471885610,1471885612,2
4,1471885613,1471885616,3
10,1471885614,1471885616,2
4,1471885616,1471885629,13
10,1471885618,1471885620,2
1,1471885620,1471885628,8
4,1471885629,1471885632,3
10,1471885630,1471885632,2
4,1471885632,1471885644,12
10,1471885634,1471885636,2
1,1471885636,1471885643,7
10,1471885645,1471885657,12
4,1471885657,1471885660,3
4,1471885660,1471885669,9
1,1471885663,1471885668,5
4,1471885670,1471885680,10
1,1471885671,1471885677,6
4,1471885680,1471885683,3
4,1471885683,1471885686,3
1,1471885684,1471885685,1
4,1471885686,1471885701,15
4,1471885702,1471885705,3
4,1471885705,1471885708,3
4,1471885708,1471885712,4
4,1471885712,1471885715,3
4,1471885715,1471885717,2
4,1471885719,1471885723,4
10,1471885721,1471885723,2
4,1471885723,1471885735,12
4,1471885735,1471885739,4
4,1471885739,1471885747,8
4,1471885747,1471885751,4
4,1471885752,1471885812,60
4,1471885813,1471885816,3
4,1471885816,1471885818,2
4,1471885818,1471885822,4
4,1471885822,1471885826,4
1,1471885822,1471885826,4
4,1471885826,1471885832,6
1,1471885830,1471885832,2
4,1471885832,1471885835,3
4,1471885835,1471885838,3
1,1471885836,1471885838,2
4,1471885839,1471885858,19
10,1471885841,1471885858,17
4,1471885858,1471885871,13
1,1471885863,1471885875,12
4,1471885871,1471885875,4
4,1471885875,1471885898,23
1,1471885895,1471885897,2
4,1471885898,1471885900,2
4,1471885900,1471885902,2
4,1471885902,1471885905,3
4,1471885905,1471885907,2
4,1471885907,1471885913,6
10,1471885908,1471885909,1
1,1471885909,1471885912,3
4,1471885913,1471885915,2
4,1471885916,1471885919,3
4,1471885921,1471885996,75
1,1471885990,1471886002,12
4,1471885996,1471885999,3
4,1471886002,1471886005,3
4,1471886005,1471886032,27
1,1471886030,1471886031,1
4,1471886033,1471886039,6
10,1471886036,1471886038,2
4,1471886039,1471886159,120
10,1471886041,1471886053,12
1,1471886052,1471886059,7
1,1471886067,1471886083,16
1,1471886153,1471886164,11
4,1471886159,1471886162,3
1,1471886180,1471886186,6
1,1471886226,1471886236,10
4,1471886238,1471886257,19
4,1471886260,1471886262,2
4,1471886263,1471886265,2
4,1471886265,1471886268,3
4,1471886269,1471886273,4
1,1471886273,1471886275,2
4,1471886273,1471886277,4
4,1471886277,1471886300,23
1,1471886297,1471886299,2
4,1471886303,1471886305,2
4,1471886305,1471886307,2
4,1471886310,1471886314,4
10,1471886311,1471886314,3
4,1471886314,1471886316,2
10,1471886317,1471886320,3
4,1471886319,1471886322,3
4,1471886322,1471886325,3
10,1471886324,1471886325,1
4,1471886326,1471886329,3
4,1471886332,1471886337,5
10,1471886334,1471886337,3
4,1471886337,1471886346,9
4,1471886346,1471886348,2
4,1471886348,1471886352,4
10,1471886352,1471886355,3
4,1471886355,1471886358,3
10,1471886356,1471886358,2
4,1471886358,1471886376,18
1,1471886368,1471886374,6
4,1471886377,1471886379,2
4,1471886379,1471886382,3
4,1471886384,1471886386,2
10,1471886384,1471886386,2
4,1471886387,1471886389,2
4,1471886389,1471886399,10
1,1471886395,1471886398,3
4,1471886399,1471886421,22
10,1471886402,1471886407,5
1,1471886407,1471886420,13
4,1471886422,1471886441,19
10,1471886423,1471886438,15
4,1471886441,1471886450,9
1,1471886445,1471886448,3
10,1471886449,1471886450,1
4,1471886450,1471886452,2
1,1471886455,1471886462,7
1,1471886544,1471886547,3
4,1471886548,1471886555,7
1,1471886553,1471886555,2
10,1471886556,1471886558,2
4,1471886558,1471886568,10
1,1471886566,1471886567,1
4,1471886568,1471886570,2
4,1471886570,1471886578,8
10,1471886570,1471886572,2
1,1471886574,1471886577,3
4,1471886578,1471886580,2
4,1471886580,1471886587,7
1,1471886601,1471886603,2
4,1471886604,1471886612,8
1,1471886608,1471886611,3
1,1471886617,1471886620,3
4,1471886621,1471886623,2
4,1471886623,1471886626,3
4,1471886626,1471886629,3
1,1471886630,1471886632,2
4,1471886636,1471886638,2
10,1471886636,1471886638,2
4,1471886638,1471886644,6
1,1471886641,1471886647,6
4,1471886644,1471886647,3
4,1471886648,1471886656,8
1,1471886651,1471886654,3
4,1471886658,1471886665,7
10,1471886660,1471886662,2
1,1471886661,1471886670,9
4,1471886665,1471886671,6
4,1471886671,1471886674,3
4,1471886674,1471886676,2
4,1471886676,1471886678,2
10,1471886677,1471886678,1
4,1471886679,1471886681,2
4,1471886683,1471886687,4
1,1471886684,1471886686,2
4,1471886687,1471886689,2
4,1471886689,1471886693,4
4,1471886693,1471886696,3
4,1471886696,1471886698,2
4,1471886698,1471886702,4
4,1471886702,1471886705,3
1,1471886703,1471886704,1
1,1471886708,1471886715,7
4,1471886708,1471886712,4
4,1471886713,1471886715,2
4,1471886716,1471886729,13
4,1471886739,1471886744,5
4,1471886745,1471886747,2
4,1471886747,1471886752,5
4,1471886753,1471886757,4
1,1471886754,1471886755,1
4,1471886757,1471886759,2
4,1471886760,1471886765,5
10,1471886762,1471886765,3
4,1471886766,1471886771,5
4,1471886772,1471886775,3
4,1471886775,1471886778,3
1,1471886780,1471886785,5
4,1471886783,1471886786,3
4,1471886786,1471886796,10
1,1471886791,1471886802,11
4,1471886798,1471886806,8
4,1471886806,1471886810,4
4,1471886810,1471886814,4
10,1471886812,1471886814,2
4,1471886815,1471886818,3
1,1471886819,1471886821,2
4,1471886823,1471886828,5
4,1471886828,1471886832,4
1,1471886830,1471886831,1
4,1471886832,1471886845,13
1,1471886842,1471886850,8
4,1471886848,1471886872,24
1,1471886861,1471886871,10
4,1471886877,1471886882,5
1,1471886879,1471886885,6
4,1471886882,1471886891,9
4,1471886892,1471886905,13
1,1471886903,1471886904,1
4,1471886906,1471886908,2
4,1471886908,1471886910,2
4,1471886910,1471886913,3
4,1471886914,1471886916,2
4,1471886916,1471886918,2
4,1471886918,1471886920,2
4,1471886921,1471886923,2
4,1471886923,1471886925,2
4,1471886926,1471886928,2
4,1471886928,1471886930,2
4,1471886930,1471886933,3
4,1471886933,1471886935,2
4,1471886935,1471886939,4
4,1471886939,1471886941,2
4,1471886942,1471886944,2
4,1471886944,1471886946,2
4,1471886946,1471886951,5
1,1471886949,1471886952,3
1,1471886956,1471886958,2
4,1471886960,1471886965,5
1,1471886962,1471886964,2
4,1471886966,1471886974,8
1,1471886970,1471886976,6
4,1471886976,1471887010,34
1,1471886991,1471886994,3
1,1471887003,1471887011,8
4,1471887016,1471887037,21
4,1471887037,1471887054,17
1,1471887046,1471887053,7
4,1471887054,1471887057,3
4,1471887058,1471887060,2
4,1471887060,1471887065,5
4,1471887067,1471887079,12
1,1471887075,1471887080,5
4,1471887079,1471887081,2
4,1471887082,1471887087,5
4,1471887087,1471887090,3
4,1471887090,1471887094,4
1,1471887124,1471887127,3
4,1471887130,1471887167,37
1,1471887137,1471887139,2
1,1471887155,1471887158,3
1,1471887163,1471887165,2
4,1471887167,1471887221,54
10,1471887168,1471887169,1
1,1471887185,1471887189,4
1,1471887212,1471887221,9
4,1471887222,1471887224,2
4,1471887224,1471887226,2
4,1471887230,1471887233,3
1,1471887230,1471887238,8
4,1471887236,1471887239,3
4,1471887243,1471887246,3
1,1471887243,1471887245,2
1,1471887248,1471887251,3
1,1471887270,1471887287,17
4,1471887276,1471887284,8
4,1471887285,1471887289,4
4,1471887289,1471887291,2
4,1471887292,1471887297,5
10,1471887292,1471887293,1
1,1471887294,1471887300,6
10,1471887294,1471887296,2
1,1471887305,1471887307,2
10,1471887308,1471887309,1
4,1471887309,1471887312,3
4,1471887312,1471887314,2
4,1471887314,1471887319,5
10,1471887315,1471887318,3
4,1471887319,1471887327,8
1,1471887321,1471887332,11
4,1471887333,1471887336,3
4,1471887337,1471887341,4
4,1471887343,1471887345,2
4,1471887345,1471887349,4
4,1471887349,1471887351,2
4,1471887351,1471887353,2
4,1471887353,1471887357,4
4,1471887357,1471887359,2
4,1471887359,1471887383,24
1,1471887379,1471887384,5
4,1471887386,1471887389,3
4,1471887389,1471887394,5
10,1471887390,1471887391,1
1,1471887390,1471887393,3
4,1471887395,1471887398,3
1,1471887396,1471887401,5
4,1471887398,1471887401,3
10,1471887398,1471887400,2
4,1471887401,1471887428,27
1,1471887405,1471887407,2
1,1471887418,1471887427,9
4,1471887428,1471887435,7
4,1471887437,1471887442,5
1,1471887439,1471887442,3
4,1471887445,1471887448,3
4,1471887448,1471887454,6
4,1471887454,1471887460,6
1,1471887457,1471887466,9
4,1471887460,1471887463,3
4,1471887466,1471887470,4
4,1471887470,1471887472,2
4,1471887473,1471887475,2
1,1471887479,1471887483,4
4,1471887484,1471887486,2
1,1471887487,1471887497,10
4,1471887494,1471887509,15
1,1471887504,1471887506,2
4,1471887509,1471887512,3
4,1471887512,1471887531,19
1,1471887520,1471887529,9
4,1471887531,1471887533,2
4,1471887533,1471887538,5
4,1471887540,1471887545,5
1,1471887541,1471887548,7
4,1471887548,1471887556,8
4,1471887556,1471887558,2
4,1471887559,1471887562,3
1,1471887568,1471887574,6
4,1471887570,1471887575,5
4,1471887575,1471887579,4
10,1471887576,1471887579,3
4,1471887579,1471887581,2
1,1471887592,1471887598,6
4,1471887595,1471887599,4
4,1471887599,1471887601,2
4,1471887602,1471887605,3
4,1471887608,1471887613,5
1,1471887609,1471887613,4
4,1471887617,1471887619,2
4,1471887621,1471887637,16
1,1471887622,1471887629,7
1,1471887633,1471887636,3
4,1471887637,1471887640,3
4,1471887641,1471887643,2
1,1471887651,1471887655,4
4,1471887658,1471887661,3
4,1471887661,1471887663,2
4,1471887663,1471887666,3
4,1471887667,1471887670,3
4,1471887670,1471887675,5
10,1471887672,1471887675,3
4,1471887675,1471887693,18
4,1471887694,1471887696,2
10,1471887695,1471887696,1
4,1471887696,1471887718,22
1,1471887701,1471887718,17
1,1471887727,1471887728,1
4,1471887729,1471887732,3
10,1471887731,1471887732,1
4,1471887732,1471887780,48
1,1471887733,1471887739,6
1,1471887743,1471887746,3
1,1471887752,1471887754,2
1,1471887775,1471887776,1
4,1471887780,1471887782,2
4,1471887783,1471887788,5
1,1471887785,1471887786,1
4,1471887788,1471887825,37
1,1471887822,1471887825,3
4,1471887825,1471887828,3
1,1471887829,1471887831,2
1,1471887840,1471887844,4
4,1471887844,1471887847,3
4,1471887847,1471887849,2
1,1471887848,1471887849,1
4,1471887853,1471887855,2
10,1471887856,1471887857,1
1,1471887857,1471887863,6
4,1471887864,1471887867,3
4,1471887867,1471887869,2
4,1471887869,1471887880,11
1,1471887873,1471887888,15
4,1471887881,1471887884,3
4,1471887884,1471887898,14
1,1471887893,1471887897,4
4,1471887898,1471887900,2
4,1471887900,1471887908,8
1,1471887904,1471887908,4
4,1471887909,1471887914,5
4,1471887914,1471887941,27
1,1471887917,1471887924,7
10,1471887924,1471887934,10
1,1471887934,1471887940,6
10,1471887938,1471887939,1
4,1471887941,1471887945,4
10,1471887942,1471887944,2
4,1471887945,1471887963,18
1,1471887953,1471887961,8
4,1471887963,1471887966,3
10,1471887965,1471887966,1
4,1471887966,1471887972,6
10,1471887968,1471887969,1
1,1471887970,1471887971,1
4,1471887973,1471887976,3
1,1471887975,1471887985,10
4,1471887976,1471888064,88
1,1471888056,1471888063,7
4,1471888064,1471888070,6
10,1471888066,1471888070,4
4,1471888070,1471888085,15
1,1471888076,1471888090,14
4,1471888085,1471888091,6
4,1471888091,1471888098,7
1,1471888094,1471888096,2
10,1471888097,1471888098,1
4,1471888098,1471888139,41
1,1471888111,1471888113,2
1,1471888124,1471888128,4
1,1471888133,1471888142,9
4,1471888142,1471888158,16
1,1471888145,1471888149,4
1,1471888154,1471888157,3
4,1471888159,1471888162,3
10,1471888160,1471888162,2
4,1471888162,1471888165,3
10,1471888164,1471888165,1
4,1471888165,1471888167,2
4,1471888167,1471888169,2
4,1471888170,1471888174,4
10,1471888172,1471888174,2
4,1471888174,1471888177,3
4,1471888177,1471888179,2
4,1471888180,1471888183,3
4,1471888183,1471888185,2
4,1471888185,1471888187,2
4,1471888188,1471888200,12
10,1471888189,1471888190,1
1,1471888191,1471888204,13
4,1471888205,1471888207,2
4,1471888207,1471888211,4
10,1471888210,1471888211,1
4,1471888212,1471888218,6
1,1471888213,1471888227,14
4,1471888220,1471888228,8
4,1471888228,1471888231,3
4,1471888231,1471888234,3
4,1471888234,1471888237,3
4,1471888239,1471888241,2
4,1471888241,1471888245,4
1,1471888242,1471888247,5
4,1471888249,1471888253,4
10,1471888251,1471888253,2
4,1471888253,1471888257,4
10,1471888255,1471888257,2
4,1471888257,1471888260,3
1,1471888265,1471888266,1
1,1471888282,1471888284,2
4,1471888286,1471888292,6
10,1471888293,1471888295,2
1,1471888296,1471888301,5
4,1471888302,1471888304,2
4,1471888305,1471888314,9
1,1471888308,1471888310,2
4,1471888314,1471888318,4
10,1471888316,1471888318,2
4,1471888318,1471888349,31
1,1471888320,1471888321,1
1,1471888329,1471888351,22
4,1471888349,1471888352,3
1,1471888354,1471888358,4
1,1471888363,1471888365,2
4,1471888366,1471888375,9
1,1471888369,1471888374,5
4,1471888375,1471888406,31
10,1471888377,1471888380,3
1,1471888386,1471888389,3
1,1471888399,1471888402,3
4,1471888406,1471888408,2
10,1471888406,1471888407,1
4,1471888408,1471888411,3
4,1471888412,1471888415,3
4,1471888415,1471888417,2
4,1471888420,1471888422,2
4,1471888422,1471888425,3
4,1471888425,1471888427,2
4,1471888428,1471888443,15
10,1471888430,1471888443,13
4,1471888443,1471890114,1671
1,1471888451,1471888454,3
1,1471890085,1471890087,2
1,1471890104,1471890109,5
4,1471890114,1471890117,3
4,1471890117,1471890132,15
10,1471890120,1471890121,1
1,1471890121,1471890132,11
10,1471890126,1471890129,3
1,1471890150,1471890155,5
1,1471890169,1471890172,3
1,1471890182,1471890195,13
1,1471890203,1471890207,4
4,1471890209,1471890219,10
1,1471890212,1471890218,6
4,1471890219,1471890222,3
4,1471890222,1471890229,7
10,1471890223,1471890226,3
1,1471890226,1471890230,4
4,1471890236,1471890238,2
4,1471890238,1471890241,3
1,1471890249,1471890250,1
4,1471890251,1471890271,20
1,1471890256,1471890270,14
4,1471890271,1471890273,2
4,1471890273,1471890276,3
10,1471890274,1471890276,2
4,1471890276,1471890282,6
4,1471890283,1471890322,39
10,1471890285,1471890286,1
1,1471890298,1471890311,13
1,1471890315,1471890321,6
4,1471890322,1471890325,3
4,1471890325,1471890328,3
4,1471890329,1471890331,2
4,1471890332,1471890334,2
4,1471890334,1471890337,3
4,1471890338,1471890341,3
10,1471890340,1471890341,1
4,1471890341,1471890343,2
4,1471890344,1471890346,2
4,1471890346,1471890350,4
10,1471890348,1471890350,2
4,1471890351,1471890354,3
10,1471890353,1471890354,1
1,1471890360,1471890361,1
10,1471890362,1471890363,1
4,1471890364,1471890369,5
10,1471890368,1471890369,1
4,1471890369,1471890421,52
1,1471890379,1471890408,29
1,1471890417,1471890420,3
4,1471890422,1471890426,4
10,1471890426,1471890428,2
4,1471890428,1471890631,203
1,1471890438,1471890439,1
1,1471890497,1471890503,6
1,1471890510,1471890531,21
1,1471890535,1471890539,4
1,1471890544,1471890547,3
1,1471890550,1471890553,3
1,1471890556,1471890559,3
1,1471890563,1471890573,10
1,1471890577,1471890581,4
1,1471890595,1471890605,10
14,1471890605,1471890617,12
1,1471890617,1471890630,13
4,1471890631,1471890684,53
1,1471890639,1471890659,20
14,1471890659,1471890667,8
1,1471890669,1471890675,6
1,1471890680,1471890683,3
4,1471890685,1471890687,2
4,1471890687,1471890689,2
10,1471890688,1471890689,1
4,1471890689,1471890691,2
4,1471890691,1471890694,3
4,1471890695,1471890697,2
4,1471890697,1471890701,4
4,1471890701,1471890703,2
10,1471890704,1471890706,2
4,1471890706,1471890708,2
4,1471890708,1471890711,3
10,1471890709,1471890711,2
10,1471890711,1471890712,1
4,1471890713,1471890716,3
4,1471890716,1471890720,4
4,1471890720,1471890723,3
4,1471890723,1471890727,4
10,1471890725,1471890727,2
4,1471890727,1471890729,2
4,1471890730,1471890732,2
4,1471890733,1471890735,2
10,1471890733,1471890734,1
4,1471890735,1471890738,3
4,1471890739,1471890741,2
4,1471890741,1471890757,16
10,1471890746,1471890747,1
1,1471890750,1471890766,16
4,1471890761,1471890764,3
10,1471890767,1471890768,1
4,1471890768,1471890790,22
1,1471890783,1471890787,4
4,1471890790,1471890792,2
4,1471890792,1471890794,2
4,1471890795,1471890797,2
4,1471890797,1471890799,2
4,1471890800,1471890804,4
4,1471890804,1471890809,5
10,1471890806,1471890809,3
4,1471890809,1471890817,8
4,1471890817,1471890819,2
4,1471890819,1471890828,9
4,1471890828,1471890831,3
10,1471890830,1471890831,1
4,1471890831,1471890833,2
4,1471890833,1471890837,4
4,1471890837,1471890840,3
4,1471890840,1471890844,4
4,1471890845,1471890851,6
4,1471890851,1471890854,3
4,1471890854,1471890857,3
4,1471890857,1471890896,39
1,1471890868,1471890878,10
14,1471890876,1471890885,9
1,1471890883,1471890895,12
4,1471890896,1471890898,2
4,1471890899,1471891030,131
1,1471890903,1471890908,5
14,1471890907,1471890915,8
1,1471890914,1471890928,14
1,1471890936,1471890938,2
1,1471890942,1471890956,14
1,1471890961,1471890974,13
1,1471890980,1471890994,14
1,1471891006,1471891008,2
1,1471891014,1471891026,12
4,1471891030,1471891058,28
10,1471891030,1471891032,2
1,1471891039,1471891054,15
14,1471891048,1471891099,51
11,1471891057,1471891062,5
4,1471891059,1471891063,4
11,1471891062,1471891088,26
1,1471891064,1471891074,10
4,1471891066,1471891089,23
1,1471891081,1471891100,19
11,1471891089,1471891099,10
4,1471891089,1471891100,11
5,1471891096,1471891099,3
1,1471891103,1471891111,8
1,1471891118,1471891147,29
14,1471891147,1471891157,10
11,1471891150,1471891157,7
4,1471891152,1471891154,2
1,1471891152,1471891154,2
4,1471891155,1471891157,2
5,1471891155,1471891157,2
1,1471891170,1471891174,4
4,1471891175,1471891182,7
10,1471891176,1471891181,5
4,1471891182,1471891190,8
1,1471891184,1471891191,7
1,1471891200,1471891227,27
14,1471891204,1471891213,9
1,1471891237,1471891242,5
4,1471891243,1471891246,3
4,1471891246,1471891252,6
1,1471891250,1471891271,21
4,1471891253,1471891255,2
4,1471891255,1471891259,4
4,1471891260,1471891268,8
4,1471891270,1471891272,2
4,1471891274,1471891276,2
4,1471891276,1471891278,2
4,1471891278,1471891281,3
4,1471891281,1471891283,2
4,1471891283,1471891285,2
4,1471891285,1471891288,3
4,1471891288,1471891293,5
1,1471891291,1471891297,6
4,1471891294,1471891298,4
4,1471891299,1471891301,2
4,1471891301,1471891305,4
4,1471891305,1471891308,3
10,1471891306,1471891308,2
4,1471891308,1471891311,3
4,1471891311,1471891319,8
1,1471891313,1471891318,5
4,1471891319,1471891322,3
4,1471891322,1471891324,2
4,1471891324,1471891327,3
1,1471891337,1471891346,9
4,1471891343,1471891346,3
4,1471891347,1471891355,8
10,1471891349,1471891351,2
1,1471891351,1471891354,3
4,1471891355,1471891357,2
4,1471891357,1471891361,4
1,1471891359,1471891368,9
1,1471891372,1471891379,7
4,1471891380,1471891382,2
4,1471891385,1471891387,2
4,1471891387,1471891390,3
4,1471891390,1471891393,3
4,1471891393,1471891396,3
4,1471891396,1471891398,2
4,1471891398,1471891401,3
10,1471891399,1471891401,2
4,1471891401,1471891404,3
4,1471891409,1471891412,3
10,1471891411,1471891412,1
4,1471891412,1471891415,3
1,1471891425,1471891433,8
4,1471891440,1471891444,4
4,1471891444,1471891448,4
1,1471891446,1471891466,20
4,1471891448,1471891455,7
4,1471891455,1471891458,3
4,1471891459,1471891463,4
10,1471891460,1471891461,1
4,1471891467,1471891469,2
1,1471891470,1471891479,9
4,1471891480,1471891483,3
10,1471891481,1471891483,2
4,1471891483,1471891485,2
4,1471891485,1471891488,3
10,1471891486,1471891488,2
4,1471891488,1471891491,3
4,1471891491,1471891494,3
4,1471891494,1471891497,3
4,1471891498,1471891512,14
1,1471891499,1471891505,6
4,1471891513,1471891516,3
4,1471891516,1471891519,3
4,1471891519,1471891521,2
4,1471891521,1471891528,7
1,1471891524,1471891526,2
4,1471891528,1471891541,13
1,1471891531,1471891552,21
4,1471891541,1471891545,4
4,1471891545,1471891549,4
4,1471891549,1471891557,8
4,1471891557,1471891560,3
4,1471891560,1471891562,2
4,1471891562,1471891569,7
1,1471891565,1471891579,14
4,1471891581,1471891592,11
10,1471891583,1471891585,2
1,1471891586,1471891593,7
4,1471891596,1471891606,10
1,1471891597,1471891605,8
4,1471891606,1471891610,4
10,1471891608,1471891610,2
4,1471891610,1471891613,3
4,1471891613,1471891618,5
10,1471891617,1471891618,1
4,1471891618,1471891622,4
4,1471891622,1471891662,40
1,1471891623,1471891633,10
1,1471891649,1471891655,6
4,1471891662,1471891667,5
1,1471891663,1471891666,3
4,1471891668,1471891670,2
4,1471891670,1471891680,10
10,1471891675,1471891678,3
1,1471891676,1471891683,7
4,1471891683,1471891695,12
1,1471891687,1471891695,8
4,1471891697,1471891704,7
1,1471891698,1471891703,5
4,1471891704,1471891708,4
10,1471891706,1471891708,2
1,1471891712,1471891714,2
10,1471891715,1471891716,1
4,1471891716,1471891718,2
10,1471891717,1471891718,1
4,1471891718,1471891728,10
1,1471891723,1471891726,3
4,1471891729,1471891731,2
4,1471891731,1471891735,4
4,1471891735,1471891737,2
4,1471891737,1471891740,3
10,1471891741,1471891744,3
4,1471891744,1471891750,6
4,1471891750,1471891755,5
10,1471891751,1471891755,4
4,1471891755,1471891760,5
10,1471891757,1471891758,1
4,1471891760,1471891763,3
4,1471891763,1471891769,6
10,1471891764,1471891769,5
4,1471891769,1471891771,2
4,1471891772,1471891776,4
10,1471891773,1471891776,3
4,1471891776,1471891814,38
1,1471891781,1471891783,2
1,1471891787,1471891797,10
1,1471891801,1471891804,3
1,1471891812,1471891816,4
4,1471891825,1471891853,28
1,1471891840,1471891841,1
1,1471891845,1471891856,11
4,1471891853,1471891856,3
4,1471891857,1471891869,12
5,1471891858,1471891859,1
4,1471891869,1471891885,16
1,1471891872,1471891876,4
4,1471891885,1471891892,7
1,1471891888,1471891901,13
4,1471891901,1471891904,3
4,1471891906,1471891912,6
10,1471891908,1471891912,4
4,1471891912,1471891922,10
1,1471891915,1471891923,8
1,1471891927,1471891951,24
4,1471891943,1471891950,7
4,1471891952,1471891957,5
10,1471891954,1471891957,3
4,1471891957,1471891961,4
1,1471891958,1471891963,5
4,1471891967,1471892013,46
1,1471891972,1471891975,3
1,1471892018,1471892024,6
14,1471892023,1471892033,10
1,1471892034,1471892036,2
1,1471892044,1471892059,15
4,1471892053,1471892058,5
1,1471892063,1471892067,4
14,1471892067,1471892075,8
1,1471892077,1471892082,5
1,1471892087,1471892101,14
4,1471892104,1471892108,4
10,1471892106,1471892108,2
4,1471892108,1471892118,10
1,1471892109,1471892115,6
4,1471892118,1471892120,2
4,1471892120,1471892126,6
1,1471892121,1471892123,2
4,1471892126,1471892128,2
10,1471892127,1471892129,2
4,1471892128,1471892156,28
1,1471892130,1471892133,3
1,1471892137,1471892142,5
1,1471892146,1471892147,1
1,1471892151,1471892152,1
4,1471892156,1471892158,2
10,1471892157,1471892158,1
4,1471892158,1471892176,18
1,1471892161,1471892167,6
14,1471892167,1471892287,120
11,1471892175,1471892180,5
4,1471892177,1471892181,4
11,1471892180,1471892287,107
1,1471892183,1471892222,39
4,1471892192,1471892288,96
1,1471892258,1471892274,16
1,1471892282,1471892287,5
5,1471892285,1471892287,2
1,1471892294,1471892301,7
1,1471892313,1471892323,10
14,1471892322,1471892325,3
1,1471892330,1471892336,6
1,1471892339,1471892372,33
4,1471892353,1471892355,2
4,1471892361,1471892363,2
4,1471892366,1471892406,40
14,1471892372,1471892380,8
1,1471892390,1471892391,1
1,1471892400,1471892410,10
4,1471892409,1471892411,2
4,1471892412,1471892418,6
1,1471892413,1471892440,27
4,1471892418,1471892455,37
14,1471892439,1471892447,8
1,1471892449,1471892454,5
4,1471892455,1471892458,3
4,1471892458,1471892461,3
4,1471892461,1471892463,2
4,1471892463,1471892465,2
4,1471892465,1471892469,4
10,1471892468,1471892469,1
4,1471892469,1471892474,5
4,1471892474,1471892479,5
4,1471892480,1471892616,136
1,1471892482,1471892488,6
14,1471892486,1471892494,8
1,1471892494,1471892496,2
1,1471892501,1471892504,3
14,1471892503,1471892507,4
1,1471892523,1471892526,3
14,1471892525,1471892529,4
1,1471892538,1471892543,5
1,1471892553,1471892556,3
1,1471892565,1471892573,8
14,1471892570,1471892575,5
1,1471892580,1471892585,5
1,1471892592,1471892611,19
4,1471892622,1471892624,2
4,1471892626,1471892628,2
4,1471892629,1471892631,2
4,1471892632,1471892634,2
4,1471892634,1471892637,3
1,1471892635,1471892653,18
4,1471892637,1471892659,22
4,1471892660,1471892662,2
4,1471892663,1471892665,2
4,1471892666,1471892669,3
4,1471892669,1471892680,11
1,1471892675,1471892682,7
4,1471892683,1471892688,5
1,1471892685,1471892694,9
4,1471892690,1471892695,5
4,1471892698,1471893428,730
1,1471892705,1471892711,6
14,1471892710,1471892718,8
1,1471892715,1471892727,12
14,1471892727,1471892731,4
1,1471893404,1471893408,4
14,1471893407,1471893411,4
1,1471893411,1471893416,5
1,1471893419,1471893430,11
4,1471893430,1471893465,35
1,1471893434,1471893441,7
1,1471893445,1471893452,7
14,1471893450,1471893458,8
1,1471893460,1471893474,14
4,1471893465,1471893473,8
1,1471893492,1471893499,7
14,1471893497,1471893507,10
1,1471893519,1471893534,15
1,1471893538,1471893546,8
1,1471893560,1471893576,16
1,1471893584,1471893601,17
1,1471893605,1471893608,3
1,1471893619,1471893651,32
1,1471893654,1471893669,15
4,1471893664,1471893735,71
1,1471893677,1471893678,1
1,1471893695,1471893698,3
1,1471893703,1471893734,31
4,1471893736,1471893739,3
10,1471893736,1471893739,3
4,1471893740,1471893742,2
10,1471893741,1471893742,1
4,1471893749,1471893786,37
1,1471893752,1471893777,25
14,1471893777,1471893889,112
11,1471893785,1471893791,6
4,1471893787,1471893791,4
1,1471893789,1471893796,7
11,1471893791,1471893805,14
1,1471893803,1471893861,58
11,1471893806,1471893827,21
4,1471893813,1471893828,15
11,1471893828,1471893889,61
4,1471893863,1471893865,2
4,1471893869,1471893884,15
1,1471893877,1471893897,20
5,1471893882,1471893889,7
5,1471893882,1471893889,7
5,1471893887,1471893889,2
4,1471893890,1471893917,27
1,1471893902,1471893907,5
14,1471893905,1471893909,4
1,1471893911,1471893918,7
4,1471893917,1471893969,52
1,1471893927,1471893933,6
14,1471893933,1471893941,8
1,1471893946,1471893948,2
1,1471893952,1471893956,4
1,1471893960,1471893963,3
4,1471893969,1471894034,65
1,1471893970,1471893971,1
1,1471893980,1471893988,8
1,1471894026,1471894028,2
5,1471894028,1471894034,6
4,1471894034,1471894095,61
1,1471894046,1471894053,7
1,1471894085,1471894087,2
4,1471894095,1471894111,16
1,1471894103,1471894111,8
1,1471894114,1471894126,12
14,1471894124,1471894129,5
1,1471894131,1471894145,14
1,1471894165,1471894184,19
1,1471897399,1471897419,20
1,1471897431,1471897435,4
4,1471897436,1471897439,3
4,1471897440,1471897442,2
4,1471897445,1471897457,12
1,1471897451,1471897453,2
4,1471897458,1471897461,3
10,1471897460,1471897461,1
4,1471897461,1471897463,2
10,1471897462,1471897463,1
4,1471897464,1471897467,3
4,1471897467,1471897470,3
10,1471897469,1471897470,1
4,1471897471,1471897473,2
4,1471897479,1471897505,26
1,1471897486,1471897490,4
1,1471897496,1471897502,6
4,1471897505,1471897509,4
4,1471897509,1471897511,2
4,1471897512,1471897515,3
10,1471897513,1471897514,1
4,1471897515,1471897521,6
4,1471897521,1471897533,12
4,1471897534,1471897536,2
4,1471897537,1471897551,14
1,1471897543,1471897564,21
4,1471897551,1471897555,4
4,1471897556,1471897565,9
10,1471897556,1471897558,2
4,1471897566,1471897568,2
10,1471897567,1471897568,1
4,1471897568,1471897570,2
10,1471897569,1471897570,1
4,1471897571,1471897575,4
4,1471897576,1471897579,3
1,1471897592,1471897597,5
4,1471897595,1471897597,2
4,1471897598,1471897600,2
1,1471897601,1471897602,1
4,1471897605,1471897610,5
1,1471897607,1471897612,5
4,1471897610,1471897613,3
4,1471897613,1471897629,16
10,1471897615,1471897617,2
1,1471897616,1471897618,2
1,1471897624,1471897626,2
4,1471897629,1471897640,11
1,1471897630,1471897638,8
4,1471897641,1471897648,7
1,1471897642,1471897646,4
4,1471897648,1471897659,11
1,1471897650,1471897678,28
4,1471897659,1471897666,7
4,1471897666,1471897671,5
4,1471897671,1471897678,7
4,1471897678,1471897697,19
10,1471897680,1471897695,15
1,1471897694,1471897696,2
4,1471897697,1471897699,2
4,1471897700,1471897750,50
1,1471897742,1471897770,28
4,1471897750,1471897758,8
4,1471897758,1471897765,7
4,1471897766,1471897771,5
4,1471897771,1471897783,12
4,1471897783,1471897788,5
1,1471897784,1471897787,3
4,1471897790,1471897797,7
10,1471897792,1471897793,1
1,1471897793,1471897797,4
4,1471897797,1471897799,2
4,1471897800,1471897808,8
1,1471897801,1471897811,10
1,1471897817,1471897824,7
4,1471897820,1471897824,4
4,1471897825,1471897838,13
10,1471897826,1471897827,1
4,1471897838,1471897841,3
4,1471897848,1471897850,2
4,1471897855,1471897873,18
1,1471897870,1471897871,1
4,1471897874,1471897881,7
1,1471897875,1471897886,11
4,1471897882,1471897888,6
4,1471897889,1471897905,16
1,1471897890,1471897894,4
1,1471897897,1471897904,7
4,1471897907,1471897915,8
1,1471897909,1471897912,3
4,1471897916,1471897923,7
1,1471897916,1471897921,5
4,1471897924,1471897932,8
1,1471897925,1471897929,4
4,1471897933,1471897938,5
1,1471897933,1471897936,3
4,1471897939,1471897949,10
1,1471897941,1471897943,2
1,1471897947,1471897973,26
4,1471897954,1471897957,3
4,1471897958,1471897961,3
4,1471897964,1471897966,2
4,1471897967,1471897970,3
4,1471897972,1471897975,3
4,1471897975,1471898054,79
1,1471897977,1471897980,3
1,1471897989,1471897993,4
1,1471898005,1471898011,6
1,1471898037,1471898040,3
1,1471898044,1471898047,3
1,1471898050,1471898059,9
4,1471898057,1471898060,3
4,1471898060,1471898064,4
4,1471898064,1471898070,6
10,1471898065,1471898070,5
4,1471898070,1471898072,2
4,1471898073,1471898082,9
10,1471898074,1471898076,2
1,1471898084,1471898091,7
4,1471898091,1471898102,11
10,1471898093,1471898094,1
1,1471898094,1471898107,13
4,1471898103,1471898109,6
1,1471898111,1471898115,4
4,1471898116,1471898123,7
1,1471898125,1471898137,12
1,1471898144,1471898152,8
4,1471898153,1471898156,3
4,1471898156,1471898158,2
4,1471898158,1471898161,3
4,1471898161,1471898179,18
10,1471898161,1471898162,1
1,1471898176,1471898189,13
4,1471898180,1471898183,3
4,1471898190,1471898196,6
10,1471898191,1471898192,1
4,1471898196,1471898203,7
1,1471898199,1471898203,4
10,1471898199,1471898200,1
4,1471898204,1471898207,3
4,1471898207,1471898209,2
4,1471898209,1471898211,2
4,1471898211,1471898213,2
4,1471898213,1471898217,4
4,1471898217,1471898219,2
4,1471898220,1471898222,2
10,1471898220,1471898221,1
4,1471898222,1471898224,2
4,1471898224,1471898228,4
4,1471898228,1471898231,3
4,1471898241,1471898246,5
1,1471898243,1471898246,3
4,1471898247,1471898253,6
1,1471898249,1471898252,3
4,1471898253,1471898264,11
1,1471898260,1471898261,1
1,1471898264,1471898298,34
4,1471898265,1471898270,5
4,1471898272,1471898276,4
4,1471898277,1471898281,4
4,1471898281,1471898285,4
4,1471898285,1471898288,3
4,1471898288,1471898291,3
4,1471898291,1471898300,9
4,1471898300,1471898307,7
1,1471898301,1471898305,4
4,1471898308,1471898314,6
1,1471898308,1471898312,4
1,1471898315,1471898321,6
4,1471898316,1471898323,7
1,1471898324,1471898325,1
4,1471898326,1471898330,4
4,1471898330,1471898332,2
4,1471898332,1471898343,11
1,1471898340,1471898351,11
4,1471898346,1471898348,2
4,1471898355,1471898361,6
4,1471898361,1471898372,11
1,1471898363,1471898397,34
4,1471898379,1471898388,9
4,1471898391,1471898421,30
1,1471898414,1471898446,32
4,1471898424,1471898426,2
4,1471898429,1471898434,5
4,1471898435,1471898437,2
4,1471898437,1471898441,4
4,1471898442,1471898444,2
4,1471898447,1471898472,25
1,1471898460,1471898466,6
1,1471898470,1471898474,4
4,1471898477,1471898511,34
1,1471898478,1471898481,3
1,1471898490,1471898509,19
4,1471898511,1471898513,2
4,1471898515,1471898517,2
4,1471898517,1471898519,2
4,1471898519,1471898522,3
4,1471898522,1471898524,2
4,1471898524,1471898527,3
1,1471898532,1471898546,14
4,1471898550,1471898552,2
4,1471898552,1471898554,2
4,1471898554,1471898558,4
4,1471898558,1471898560,2
4,1471898560,1471898563,3
4,1471898564,1471898574,10
10,1471898568,1471898569,1
4,1471898575,1471898579,4
10,1471898577,1471898579,2
1,1471898580,1471898587,7
4,1471898581,1471898601,20
1,1471898591,1471898600,9
4,1471898602,1471898605,3
4,1471898605,1471898611,6
10,1471898608,1471898611,3
4,1471898611,1471898614,3
4,1471898617,1471898624,7
1,1471898620,1471898630,10
4,1471898624,1471898631,7
4,1471898631,1471898634,3
4,1471898634,1471898638,4
4,1471898638,1471898640,2
1,1471898641,1471898646,5
4,1471898647,1471898650,3
10,1471898649,1471898650,1
4,1471898650,1471898652,2
10,1471898650,1471898652,2
4,1471898653,1471898656,3
10,1471898654,1471898656,2
4,1471898657,1471898659,2
10,1471898657,1471898658,1
4,1471898659,1471898663,4
10,1471898660,1471898661,1
1,1471898660,1471898669,9
4,1471898663,1471898670,7
4,1471898671,1471898674,3
4,1471898674,1471898677,3
10,1471898675,1471898677,2
4,1471898677,1471898688,11
4,1471898690,1471898692,2
4,1471898693,1471898696,3
4,1471898697,1471898699,2
4,1471898699,1471898702,3
4,1471898702,1471898705,3
10,1471898703,1471898704,1
4,1471898706,1471898709,3
1,1471898708,1471898721,13
4,1471898710,1471898715,5
10,1471898711,1471898712,1
4,1471898720,1471898727,7
1,1471898725,1471898726,1
4,1471898730,1471898733,3
1,1471898731,1471898732,1
4,1471898733,1471898738,5
10,1471898735,1471898738,3
4,1471898738,1471898743,5
1,1471898741,1471898745,4
4,1471898745,1471898748,3
4,1471898748,1471898750,2
4,1471898752,1471898758,6
1,1471898755,1471898761,6
4,1471898758,1471898771,13
4,1471898771,1471898777,6
4,1471898777,1471898780,3
4,1471898781,1471898784,3
4,1471898784,1471898786,2
4,1471898786,1471898792,6
10,1471898787,1471898788,1
1,1471898790,1471898791,1
4,1471898797,1471898803,6
10,1471898798,1471898800,2
4,1471898803,1471898835,32
1,1471898809,1471898810,1
1,1471898824,1471898839,15
4,1471898840,1471898842,2
4,1471898842,1471898857,15
1,1471898843,1471898865,22
4,1471898861,1471898866,5
10,1471898867,1471898868,1
4,1471898868,1471898889,21
1,1471898886,1471898893,7
4,1471898889,1471898893,4
4,1471898894,1471898896,2
4,1471898896,1471898901,5
10,1471898897,1471898899,2
1,1471898898,1471898900,2
4,1471898903,1471898921,18
10,1471898905,1471898921,16
4,1471898921,1471898958,37
1,1471898922,1471898935,13
1,1471898943,1471898957,14
4,1471898958,1471898960,2
4,1471898960,1471898962,2
4,1471898962,1471898971,9
1,1471898965,1471898992,27
4,1471898979,1471898993,14
4,1471898993,1471899027,34
10,1471898995,1471899011,16
1,1471899009,1471899018,9
1,1471899022,1471899039,17
4,1471899028,1471899036,8
4,1471899036,1471899040,4
4,1471899041,1471899054,13
10,1471899044,1471899045,1
1,1471899045,1471899058,13
4,1471899055,1471899059,4
1,1471899064,1471899104,40
4,1471899075,1471899079,4
4,1471899084,1471899087,3
4,1471899087,1471899091,4
4,1471899092,1471899095,3
4,1471899095,1471899098,3
4,1471899101,1471899105,4
4,1471899109,1471899111,2
1,1471899109,1471899111,2
1,1471899116,1471899126,10
4,1471899122,1471899127,5
4,1471899127,1471899131,4
10,1471899129,1471899131,2
1,1471899132,1471899145,13
4,1471899139,1471899141,2
1,1471899152,1471899154,2
4,1471899154,1471899162,8
10,1471899156,1471899162,6
4,1471899162,1471899167,5
4,1471899173,1471899177,4
1,1471899175,1471899184,9
4,1471899182,1471899238,56
1,1471899187,1471899200,13
14,1471899197,1471899206,9
1,1471899207,1471899212,5
1,1471899223,1471899238,15
4,1471899238,1471899240,2
4,1471899241,1471899249,8
1,1471899242,1471899251,9
4,1471899249,1471899251,2
4,1471899251,1471899255,4
4,1471899255,1471899264,9
1,1471899261,1471899263,2
4,1471899265,1471899267,2
10,1471899266,1471899267,1
4,1471899267,1471899270,3
1,1471899274,1471899277,3
4,1471899277,1471899280,3
4,1471899280,1471899287,7
1,1471899283,1471899287,4
4,1471899288,1471899314,26
1,1471899294,1471899298,4
14,1471899297,1471899306,9
1,1471899308,1471899325,17
4,1471899316,1471899319,3
4,1471899321,1471899323,2
4,1471899325,1471899367,42
1,1471899331,1471899333,2
1,1471899337,1471899344,7
14,1471899344,1471899350,6
1,1471899353,1471899367,14
4,1471899368,1471899371,3
10,1471899369,1471899371,2
4,1471899371,1471899374,3
1,1471899391,1471899403,12
4,1471899406,1471899413,7
1,1471899407,1471899417,10
4,1471899413,1471899415,2
4,1471899417,1471899431,14
10,1471899418,1471899419,1
1,1471899424,1471899430,6
1,1471899434,1471899437,3
1,1471899443,1471899444,1
10,1471899445,1471899447,2
10,1471899450,1471899455,5
1,1471899459,1471899463,4
4,1471899463,1471899466,3
4,1471899466,1471899551,85
10,1471899468,1471899469,1
1,1471899472,1471899477,5
14,1471899477,1471899483,6
1,1471899485,1471899486,1
1,1471899509,1471899514,5
1,1471899528,1471899532,4
1,1471899536,1471899541,5
1,1471899544,1471899552,8
4,1471899553,1471899556,3
4,1471899556,1471899560,4
4,1471899560,1471899602,42
1,1471899565,1471899568,3
1,1471899572,1471899574,2
14,1471899573,1471899580,7
1,1471899581,1471899583,2
1,1471899586,1471899588,2
1,1471899592,1471899619,27
4,1471899602,1471899605,3
4,1471899606,1471899610,4
4,1471899610,1471899613,3
4,1471899614,1471899656,42
14,1471899619,1471899625,6
1,1471899647,1471899660,13
4,1471899661,1471899668,7
1,1471899667,1471899671,4
14,1471899671,1471899678,7
1,1471899682,1471899689,7
4,1471899690,1471899708,18
1,1471899694,1471899697,3
14,1471899697,1471899703,6
1,1471899705,1471899707,2
4,1471899708,1471899741,33
1,1471899711,1471899717,6
14,1471899716,1471899722,6
1,1471899726,1471899739,13
4,1471899741,1471899743,2
4,1471899743,1471899746,3
4,1471899746,1471899749,3
10,1471899748,1471899750,2
4,1471899749,1471899754,5
4,1471899754,1471899811,57
1,1471899754,1471899756,2
1,1471899760,1471899763,3
14,1471899763,1471899770,7
1,1471899772,1471899777,5
1,1471899781,1471899792,11
1,1471899799,1471899807,8
14,1471899807,1471899835,28
11,1471899809,1471899815,6
1,1471899810,1471899826,16
4,1471899812,1471899815,3
11,1471899815,1471899818,3
11,1471899819,1471899821,2
11,1471899821,1471899824,3
11,1471899824,1471899825,1
11,1471899826,1471899835,9
1,1471899830,1471899836,6
5,1471899833,1471899835,2
4,1471899836,1471899850,14
1,1471899840,1471899850,10
1,1471899870,1471899878,8
14,1471899876,1471899883,7
1,1471899885,1471899889,4
4,1471899890,1471899896,6
10,1471899891,1471899893,2
1,1471899898,1471899899,1
4,1471899901,1471899906,5
10,1471899903,1471899904,1
1,1471899903,1471899907,4
10,1471899907,1471899914,7
1,1471899914,1471899919,5
14,1471899918,1471899924,6
1,1471899925,1471899928,3
14,1471899928,1471899930,2
1,1471899935,1471899940,5
1,1471899944,1471899949,5
1,1471899952,1471899957,5
1,1471900004,1471900031,27
5,1471900012,1471900013,1
5,1471900033,1471900035,2
1,1471900035,1471900053,18
4,1471900046,1471900055,9
4,1471900055,1471900078,23
1,1471900057,1471900069,12
1,1471900073,1471900078,5
4,1471900079,1471900082,3
4,1471900082,1471900084,2
4,1471900085,1471900089,4
4,1471900089,1471900091,2
4,1471900092,1471900094,2
4,1471900095,1471900101,6
10,1471900096,1471900101,5
4,1471900101,1471900106,5
4,1471900106,1471900108,2
4,1471900112,1471900121,9
1,1471900113,1471900120,7
4,1471900121,1471900127,6
10,1471900122,1471900125,3
4,1471900128,1471900130,2
4,1471900131,1471900133,2
4,1471900133,1471900163,30
1,1471900134,1471900152,18
4,1471900163,1471900174,11
1,1471900164,1471900165,1
4,1471900174,1471900182,8
1,1471900175,1471900176,1
4,1471900182,1471900194,12
1,1471900183,1471900186,3
4,1471900194,1471900209,15
1,1471900195,1471900200,5
4,1471900209,1471900214,5
1,1471900210,1471900223,13
4,1471900215,1471900218,3
4,1471900219,1471900224,5
4,1471900226,1471900229,3
1,1471900227,1471900229,2
4,1471900230,1471900232,2
4,1471900232,1471900235,3
4,1471900235,1471900238,3
1,1471900236,1471900237,1
4,1471900238,1471900241,3
4,1471900242,1471900244,2
4,1471900245,1471900250,5
1,1471900245,1471900247,2
4,1471900250,1471900252,2
4,1471900252,1471900255,3
4,1471900255,1471900258,3
1,1471900255,1471900260,5
4,1471900260,1471900264,4
1,1471900264,1471900272,8
4,1471900265,1471900272,7
4,1471900272,1471900276,4
4,1471900276,1471900280,4
4,1471900280,1471900283,3
4,1471900283,1471900285,2
4,1471900286,1471900291,5
10,1471900288,1471900290,2
4,1471900291,1471900294,3
4,1471900294,1471900298,4
4,1471900298,1471900300,2
4,1471900303,1471900306,3
4,1471900308,1471900311,3
4,1471900311,1471900314,3
4,1471900318,1471900321,3
4,1471900321,1471900328,7
10,1471900323,1471900328,5
4,1471900328,1471900331,3
4,1471900335,1471900337,2
4,1471900337,1471900345,8
1,1471900342,1471900351,9
4,1471900352,1471900355,3
4,1471900355,1471900360,5
4,1471900361,1471900366,5
1,1471900363,1471900365,2
10,1471900367,1471900371,4
4,1471900371,1471900376,5
1,1471900372,1471900380,8
4,1471900380,1471900383,3
4,1471900383,1471900388,5
1,1471900384,1471900398,14
1,1471900402,1471900408,6
4,1471900409,1471900416,7
10,1471900412,1471900414,2
1,1471900414,1471900416,2
4,1471900417,1471900424,7
10,1471900419,1471900420,1
1,1471900420,1471900429,9
4,1471900427,1471900430,3
4,1471900430,1471900453,23
10,1471900433,1471900434,1
1,1471900445,1471900448,3
10,1471900450,1471900453,3
4,1471900453,1471900457,4
4,1471900457,1471900461,4
10,1471900460,1471900462,2
4,1471900461,1471900465,4
1,1471900463,1471900464,1
4,1471900467,1471900470,3
4,1471900470,1471900473,3
4,1471900475,1471900479,4
1,1471900477,1471900479,2
10,1471900481,1471900484,3
4,1471900484,1471900487,3
4,1471900487,1471900491,4
10,1471900489,1471900491,2
4,1471900491,1471900497,6
4,1471900497,1471900503,6
1,1471900499,1471900503,4
10,1471900500,1471900502,2
4,1471900505,1471900507,2
4,1471900507,1471900515,8
1,1471900509,1471900517,8
4,1471900515,1471900530,15
1,1471900523,1471900531,8
1,1471900535,1471900555,20
4,1471900544,1471900566,22
10,1471900549,1471900566,17
1,1471900563,1471900566,3
4,1471900566,1471900570,4
4,1471900571,1471900574,3
4,1471900574,1471900579,5
1,1471900575,1471900579,4
4,1471900582,1471900598,16
4,1471900606,1471900609,3
1,1471900607,1471900615,8
10,1471900611,1471900635,24
1,1471900622,1471900635,13
4,1471900635,1471900661,26
1,1471900652,1471900663,11
4,1471900661,1471900665,4
4,1471900665,1471900668,3
1,1471900666,1471900671,5
4,1471900672,1471900675,3
4,1471900675,1471900682,7
4,1471900682,1471900685,3
4,1471900688,1471900693,5
1,1471900690,1471900692,2
10,1471900695,1471900705,10
1,1471900695,1471900699,4
1,1471900702,1471900716,14
4,1471900705,1471900713,8
4,1471900713,1471900717,4
10,1471900719,1471900720,1
4,1471900720,1471900729,9
1,1471900723,1471900726,3
4,1471900729,1471900735,6
1,1471900732,1471900737,5
4,1471900735,1471900737,2
10,1471900739,1471900743,4
1,1471900740,1471900743,3
4,1471900743,1471900756,13
1,1471900751,1471900766,15
4,1471900758,1471900765,7
1,1471900770,1471900771,1
4,1471900773,1471900777,4
4,1471900777,1471900814,37
1,1471900779,1471900792,13
10,1471900779,1471900811,32
1,1471900797,1471900802,5
1,1471900806,1471900813,7
1,1471900819,1471900831,12
14,1471900826,1471900836,10
1,1471900837,1471900850,13
4,1471900852,1471900854,2
4,1471900854,1471901061,207
1,1471900858,1471900863,5
14,1471900862,1471900871,9
1,1471900871,1471900878,7
1,1471900889,1471900902,13
1,1471900920,1471900926,6
1,1471900932,1471900952,20
1,1471900963,1471900974,11
1,1471900993,1471900995,2
1,1471901011,1471901015,4
1,1471901057,1471901059,2
4,1471901061,1471901063,2
4,1471901064,1471901066,2
10,1471901066,1471901068,2
1,1471901070,1471901071,1
4,1471901072,1471901075,3
4,1471901076,1471901078,2
4,1471901078,1471901081,3
10,1471901080,1471901081,1
4,1471901081,1471901084,3
4,1471901084,1471901086,2
4,1471901086,1471901092,6
1,1471901089,1471901097,8
14,1471901097,1471901107,10
1,1471901110,1471901117,7
4,1471901115,1471901118,3
4,1471901118,1471901120,2
4,1471901123,1471901167,44
1,1471901130,1471901136,6
14,1471901135,1471901144,9
1,1471901151,1471901176,25
4,1471901169,1471901171,2
4,1471901172,1471901195,23
14,1471901176,1471901183,7
1,1471901179,1471901194,15
4,1471901195,1471901199,4
4,1471901199,1471901201,2
4,1471901201,1471901205,4
4,1471901205,1471901209,4
1,1471901209,1471901215,6
4,1471901209,1471901249,40
14,1471901214,1471901220,6
1,1471901221,1471901227,6
1,1471901237,1471901250,13
4,1471901251,1471901256,5
10,1471901254,1471901256,2
4,1471901256,1471901260,4
4,1471901260,1471901262,2
4,1471901262,1471901266,4
1,1471901263,1471901276,13
4,1471901267,1471901269,2
4,1471901273,1471901278,5
4,1471901278,1471901304,26
1,1471901282,1471901288,6
14,1471901287,1471901294,7
1,1471901295,1471901303,8
4,1471901306,1471901309,3
1,1471901310,1471901311,1
1,1471901315,1471901318,3
1,1471901321,1471901340,19
14,1471901335,1471901348,13
1,1471901351,1471901356,5
1,1471901385,1471901403,18
1,1471901417,1471901420,3
1,1471901439,1471901449,10
4,1471901450,1471901453,3
4,1471901454,1471944341,42887
1,1471901458,1471901467,9
14,1471901467,1471901480,13
1,1471901470,1471901474,4
1,1471901483,1471901492,9
1,1471901546,1471901549,3
1,1471944336,1471944343,7
4,1471944341,1471944344,3
4,1471944344,1471944346,2
10,1471944345,1471944346,1
4,1471944346,1471944348,2
4,1471944348,1471944352,4
10,1471944350,1471944352,2
4,1471944352,1471944355,3
4,1471944355,1471944357,2
4,1471944357,1471944363,6
1,1471944359,1471944360,1
4,1471944366,1471944368,2
10,1471944369,1471944370,1
4,1471944370,1471944372,2
4,1471944372,1471944374,2
4,1471944374,1471944377,3
4,1471944382,1471944386,4
1,1471944384,1471944385,1
4,1471944386,1471944388,2
4,1471944388,1471944391,3
10,1471944389,1471944391,2
4,1471944391,1471944394,3
4,1471944394,1471944399,5
1,1471944395,1471944400,5
4,1471944401,1471944403,2
4,1471944403,1471944405,2
4,1471944405,1471944410,5
4,1471944410,1471944412,2
10,1471944411,1471944412,1
4,1471944412,1471944415,3
1,1471944413,1471944415,2
4,1471944416,1471944422,6
1,1471944429,1471944430,1
4,1471944431,1471944433,2
4,1471944434,1471944438,4
10,1471944436,1471944438,2
4,1471944438,1471944441,3
4,1471944441,1471944445,4
1,1471944444,1471944445,1
4,1471944446,1471944450,4
4,1471944450,1471944523,73
10,1471944450,1471944455,5
1,1471944454,1471944461,7
10,1471944456,1471944491,35
1,1471944468,1471944471,3
1,1471944484,1471944501,17
1,1471944507,1471944510,3
1,1471944516,1471944521,5
4,1471944524,1471944526,2
4,1471944527,1471944531,4
4,1471944531,1471944536,5
4,1471944545,1471944549,4
10,1471944546,1471944547,1
4,1471944550,1471944552,2
4,1471944552,1471944557,5
10,1471944555,1471944557,2
4,1471944557,1471944562,5
10,1471944559,1471944562,3
4,1471944562,1471944568,6
1,1471944566,1471944572,6
4,1471944568,1471944573,5
10,1471944574,1471944577,3
1,1471944575,1471944580,5
4,1471944577,1471944581,4
4,1471944581,1471944589,8
10,1471944583,1471944584,1
1,1471944585,1471944587,2
4,1471944589,1471944594,5
1,1471944591,1471944596,5
4,1471944597,1471944607,10
1,1471944602,1471944604,2
1,1471944607,1471944610,3
4,1471944610,1471944614,4
4,1471944614,1471944619,5
1,1471944616,1471944618,2
4,1471944619,1471944621,2
4,1471944621,1471944624,3
1,1471944622,1471944630,8
4,1471944624,1471944627,3
4,1471944627,1471944630,3
4,1471944630,1471944645,15
1,1471944634,1471944645,11
4,1471944645,1471944647,2
4,1471944647,1471944660,13
1,1471944656,1471944663,7
4,1471944660,1471944679,19
1,1471944667,1471944677,10
4,1471944679,1471944685,6
1,1471944680,1471944684,4
4,1471944687,1471944692,5
4,1471944693,1471944697,4
10,1471944695,1471944697,2
4,1471944697,1471944700,3
4,1471944701,1471944703,2
4,1471944703,1471944706,3
4,1471944706,1471944756,50
10,1471944709,1471944733,24
1,1471944714,1471944720,6
1,1471944727,1471944753,26
4,1471944756,1471944758,2
4,1471944758,1471944771,13
10,1471944760,1471944770,10
1,1471944765,1471944779,14
4,1471944780,1471944782,2
4,1471944783,1471944789,6
4,1471944792,1471944796,4
1,1471944794,1471944803,9
4,1471944797,1471944800,3
4,1471944800,1471944805,5
4,1471944805,1471944810,5
1,1471944810,1471944817,7
4,1471944810,1471944829,19
1,1471944824,1471944838,14
4,1471944831,1471944846,15
1,1471944845,1471944849,4
1,1471944861,1471944872,11
1,1471944880,1471944885,5
1,1471944918,1471944926,8
1,1471944937,1471944948,11
1,1471944967,1471944978,11
4,1471944977,1471944997,20
1,1471944982,1471944995,13
4,1471944998,1471945006,8
1,1471945001,1471945005,4
4,1471945007,1471945020,13
1,1471945010,1471945023,13
4,1471945020,1471945024,4
4,1471945024,1471945026,2
4,1471945027,1471945032,5
10,1471945030,1471945032,2
4,1471945032,1471945036,4
1,1471945034,1471945041,7
4,1471945042,1471945044,2
4,1471945044,1471945049,5
4,1471945051,1471945053,2
4,1471945053,1471945056,3
4,1471945063,1471945069,6
1,1471945066,1471945071,5
4,1471945069,1471945074,5
4,1471945074,1471945077,3
1,1471945075,1471945076,1
4,1471945077,1471945082,5
1,1471945082,1471945087,5
4,1471945087,1471945092,5
1,1471945095,1471945101,6
4,1471945105,1471945108,3
4,1471945108,1471945111,3
1,1471945109,1471945110,1
4,1471945111,1471945116,5
10,1471945114,1471945116,2
4,1471945117,1471945120,3
1,1471945118,1471945124,6
4,1471945121,1471945124,3
4,1471945125,1471945127,2
4,1471945128,1471945130,2
4,1471945130,1471945133,3
4,1471945133,1471945141,8
1,1471945135,1471945143,8
4,1471945141,1471945144,3
4,1471945144,1471945147,3
4,1471945149,1471945155,6
1,1471945152,1471945154,2
4,1471945156,1471945158,2
4,1471945160,1471945165,5
1,1471945162,1471945165,3
4,1471945165,1471945168,3
4,1471945168,1471945229,61
1,1471945188,1471945197,9
1,1471945202,1471945205,3
1,1471945218,1471945228,10
4,1471945230,1471945232,2
4,1471945232,1471945236,4
4,1471945238,1471945240,2
4,1471945240,1471945246,6
1,1471945243,1471945253,10
4,1471945246,1471945249,3
4,1471945250,1471945253,3
4,1471945253,1471945257,4
1,1471945256,1471945271,15
4,1471945259,1471945261,2
4,1471945263,1471945291,28
1,1471945278,1471945290,12
4,1471945292,1471945318,26
1,1471945296,1471945301,5
14,1471945301,1471945307,6
1,1471945311,1471945316,5
4,1471945318,1471945321,3
1,1471945319,1471945321,2
4,1471945324,1471945361,37
1,1471945327,1471945330,3
14,1471945330,1471945337,7
1,1471945356,1471945367,11
14,1471945367,1471945375,8
1,1471945381,1471945387,6
1,1471945391,1471945398,7
1,1471945402,1471945404,2
4,1471945406,1471945409,3
4,1471945409,1471945413,4
1,1471945410,1471945413,3
4,1471945414,1471945431,17
1,1471945420,1471945425,5
4,1471945431,1471945439,8
1,1471945431,1471945433,2
4,1471945439,1471945487,48
1,1471945439,1471945442,3
1,1471945446,1471945459,13
1,1471945462,1471945465,3
1,1471945469,1471945471,2
1,1471945475,1471945478,3
1,1471945481,1471945496,15
1,1471945500,1471945508,8
14,1471945508,1471945521,13
1,1471945583,1471945584,1
4,1471945586,1471945589,3
10,1471945587,1471945589,2
4,1471945589,1471945594,5
10,1471945590,1471945594,4
4,1471945594,1471945597,3
4,1471945597,1471945600,3
4,1471945601,1471945603,2
10,1471945603,1471945605,2
4,1471945605,1471945608,3
4,1471945608,1471945613,5
4,1471945614,1471945619,5
10,1471945615,1471945619,4
4,1471945619,1471945621,2
4,1471945621,1471945624,3
4,1471945625,1471945628,3
10,1471945626,1471945628,2
10,1471945628,1471945631,3
4,1471945631,1471945633,2
4,1471945634,1471945637,3
4,1471945638,1471945647,9
10,1471945639,1471945646,7
4,1471945648,1471945657,9
10,1471945649,1471945651,2
10,1471945652,1471945654,2
4,1471945658,1471945660,2
4,1471945660,1471945664,4
10,1471945662,1471945664,2
4,1471945664,1471945671,7
4,1471945671,1471945678,7
4,1471945678,1471945683,5
4,1471945683,1471945687,4
4,1471945689,1471945701,12
10,1471945690,1471945693,3
10,1471945694,1471945701,7
4,1471945701,1471945703,2
4,1471945703,1471945706,3
1,1471945705,1471945710,5
4,1471945708,1471945713,5
4,1471945713,1471945716,3
1,1471945713,1471945719,6
4,1471945716,1471945720,4
10,1471945717,1471945718,1
4,1471945720,1471945722,2
4,1471945722,1471945725,3
4,1471945726,1471945729,3
4,1471945729,1471945733,4
4,1471945733,1471945735,2
4,1471945735,1471945739,4
4,1471945740,1471945743,3
1,1471945794,1471945796,2
1,1471945840,1471945844,4
4,1471945848,1471945856,8
1,1471945850,1471945851,1
4,1471945856,1471945864,8
1,1471945860,1471945863,3
4,1471945864,1471945872,8
10,1471945873,1471945875,2
4,1471945875,1471945883,8
10,1471945877,1471945879,2
1,1471945879,1471945889,10
4,1471945887,1471945940,53
1,1471945933,1471945940,7
10,1471945935,1471945940,5
4,1471945940,1471945946,6
4,1471945947,1471945951,4
4,1471945953,1471945956,3
1,1471945954,1471945957,3
4,1471945958,1471945960,2
4,1471945961,1471945964,3
1,1471945962,1471945965,3
4,1471945966,1471945970,4
4,1471945970,1471945984,14
1,1471945971,1471945987,16
4,1471945984,1471945988,4
4,1471945988,1471945993,5
10,1471945989,1471945993,4
4,1471945993,1471945997,4
1,1471945994,1471945998,4
4,1471945999,1471946004,5
1,1471946002,1471946003,1
10,1471946005,1471946014,9
4,1471946014,1471946020,6
1,1471946017,1471946026,9
4,1471946021,1471946100,79
1,1471946093,1471946098,5
4,1471946100,1471946116,16
10,1471946101,1471946110,9
1,1471946103,1471946117,14
4,1471946116,1471946131,15
4,1471946132,1471946138,6
10,1471946133,1471946138,5
4,1471946138,1471946166,28
1,1471946161,1471946165,4
4,1471946166,1471946171,5
10,1471946168,1471946169,1
1,1471946169,1471946171,2
4,1471946172,1471946176,4
10,1471946173,1471946176,3
4,1471946176,1471946186,10
1,1471946188,1471946197,9
4,1471946190,1471946195,5
4,1471946198,1471946201,3
4,1471946202,1471946204,2
4,1471946204,1471946271,67
4,1471946272,1471946292,20
10,1471946273,1471946278,5
10,1471946279,1471946290,11
1,1471946281,1471946289,8
4,1471946296,1471946330,34
1,1471946297,1471946329,32
14,1471946307,1471946314,7
4,1471946330,1471946332,2
4,1471946332,1471946334,2
4,1471946335,1471946337,2
4,1471946337,1471946341,4
4,1471946341,1471946344,3
4,1471946347,1471946349,2
4,1471946351,1471946353,2
4,1471946353,1471946356,3
4,1471946356,1471946358,2
4,1471946361,1471946391,30
1,1471946363,1471946370,7
14,1471946367,1471946375,8
1,1471946385,1471946390,5
4,1471946391,1471946395,4
4,1471946395,1471946397,2
4,1471946397,1471946399,2
4,1471946399,1471946673,274
1,1471946664,1471946667,3
4,1471946675,1471946678,3
4,1471946680,1471946685,5
4,1471946685,1471946687,2
4,1471946688,1471946690,2
4,1471946690,1471946693,3
4,1471946693,1471946697,4
4,1471946697,1471946700,3
4,1471946700,1471946702,2
4,1471946704,1471946707,3
1,1471946709,1471946717,8
4,1471946715,1471946718,3
4,1471946718,1471946723,5
4,1471946723,1471946727,4
1,1471946725,1471946727,2
4,1471946728,1471946730,2
10,1471946729,1471946730,1
4,1471946733,1471946736,3
4,1471946736,1471946739,3
10,1471946738,1471946739,1
4,1471946741,1471946744,3
10,1471946743,1471946744,1
1,1471946749,1471946754,5
14,1471946754,1471946761,7
1,1471946774,1471946776,2
4,1471946777,1471946781,4
1,1471946799,1471946802,3
1,1471946857,1471946865,8
4,1471946866,1471946870,4
4,1471946870,1471946873,3
4,1471946876,1471946878,2
4,1471946880,1471946883,3
4,1471946884,1471946886,2
4,1471946887,1471946894,7
1,1471946888,1471946970,82
4,1471946894,1471946897,3
4,1471946897,1471946900,3
4,1471946900,1471946903,3
4,1471946903,1471946906,3
4,1471946906,1471946908,2
4,1471946908,1471946915,7
4,1471946920,1471946927,7
4,1471946930,1471946933,3
4,1471946937,1471946941,4
4,1471946944,1471946951,7
4,1471946955,1471946958,3
4,1471946962,1471946967,5
4,1471946969,1471947015,46
1,1471946976,1471946981,5
14,1471946980,1471946987,7
1,1471946987,1471946992,5
1,1471946997,1471946999,2
1,1471947005,1471947012,7
4,1471947015,1471947017,2
1,1471947019,1471947022,3
4,1471947022,1471947025,3
4,1471947025,1471947028,3
4,1471947028,1471947031,3
4,1471947031,1471947034,3
4,1471947034,1471947037,3
1,1471947035,1471947037,2
4,1471947038,1471947042,4
4,1471947043,1471947046,3
4,1471947046,1471947048,2
4,1471947048,1471947050,2
4,1471947051,1471947054,3
10,1471947052,1471947054,2
4,1471947055,1471947059,4
1,1471947060,1471947092,32
4,1471947068,1471947074,6
4,1471947074,1471947080,6
4,1471947080,1471947084,4
4,1471947084,1471947089,5
4,1471947089,1471947187,98
1,1471947095,1471947101,6
14,1471947101,1471947107,6
1,1471947116,1471947130,14
1,1471947180,1471947186,6
4,1471947187,1471947189,2
4,1471947189,1471947192,3
1,1471947190,1471947192,2
4,1471947192,1471947195,3
4,1471947195,1471947200,5
1,1471947197,1471947212,15
4,1471947200,1471947204,4
4,1471947209,1471947212,3
4,1471947212,1471947215,3
4,1471947216,1471947218,2
4,1471947218,1471947220,2
4,1471947220,1471947230,10
1,1471947221,1471947240,19
4,1471947232,1471947236,4
4,1471947236,1471947240,4
10,1471947238,1471947239,1
4,1471947240,1471947271,31
1,1471947243,1471947249,6
10,1471947243,1471947246,3
14,1471947247,1471947254,7
1,1471947264,1471947273,9
4,1471947271,1471947274,3
4,1471947274,1471947277,3
4,1471947277,1471947279,2
4,1471947280,1471947288,8
4,1471947288,1471947291,3
4,1471947291,1471947296,5
1,1471947293,1471947296,3
4,1471947296,1471947301,5
4,1471947301,1471947337,36
10,1471947304,1471947305,1
1,1471947306,1471947311,5
14,1471947311,1471947319,8
1,1471947331,1471947341,10
1,1471947344,1471947348,4
4,1471947349,1471947351,2
1,1471947353,1471947366,13
4,1471947360,1471947370,10
4,1471947370,1471947376,6
4,1471947376,1471947379,3
4,1471947379,1471947383,4
4,1471947383,1471947386,3
1,1471947384,1471947386,2
4,1471947386,1471947414,28
1,1471947389,1471947395,6
14,1471947394,1471947402,8
1,1471947408,1471947413,5
4,1471947414,1471947416,2
4,1471947419,1471947422,3
4,1471947423,1471947453,30
1,1471947427,1471947433,6
14,1471947431,1471947438,7
1,1471947446,1471947461,15
4,1471947454,1471947456,2
4,1471947457,1471947463,6
1,1471947464,1471947472,8
14,1471947471,1471947477,6
1,1471947483,1471947489,6
1,1471947492,1471947526,34
4,1471947500,1471947504,4
4,1471947504,1471947513,9
4,1471947513,1471947519,6
4,1471947519,1471947568,49
14,1471947526,1471947533,7
1,1471947534,1471947546,12
1,1471947551,1471947554,3
1,1471947559,1471947570,11
4,1471947568,1471947570,2
4,1471947571,1471947574,3
4,1471947574,1471947582,8
1,1471947577,1471947581,4
4,1471947582,1471947585,3
4,1471947585,1471947588,3
4,1471947589,1471947592,3
4,1471947593,1471947599,6
1,1471947595,1471947601,6
1,1471947606,1471947627,21
4,1471947624,1471947628,4
4,1471947628,1471947680,52
1,1471947636,1471947653,17
14,1471947640,1471947647,7
1,1471947670,1471947673,3
4,1471947680,1471947682,2
4,1471947682,1471947686,4
10,1471947685,1471947686,1
10,1471947686,1471947690,4
4,1471947690,1471947692,2
10,1471947690,1471947692,2
1,1471947693,1471947694,1
4,1471947695,1471947701,6
4,1471947701,1471947704,3
1,1471947704,1471947705,1
4,1471947706,1471947709,3
10,1471947708,1471947709,1
4,1471947709,1471947711,2
4,1471947711,1471947717,6
1,1471947714,1471947716,2
4,1471947718,1471947720,2
4,1471947720,1471947722,2
4,1471947722,1471947734,12
1,1471947730,1471947734,4
4,1471947735,1471947741,6
1,1471947737,1471947740,3
4,1471947741,1471947744,3
4,1471947744,1471947747,3
4,1471947747,1471947752,5
1,1471947750,1471947757,7
4,1471947758,1471947762,4
4,1471947765,1471947768,3
4,1471947769,1471947771,2
10,1471947770,1471947771,1
4,1471947771,1471947775,4
10,1471947773,1471947774,1
4,1471947776,1471947779,3
4,1471947780,1471947818,38
10,1471947782,1471947783,1
1,1471947787,1471947794,7
14,1471947791,1471947798,7
1,1471947801,1471947802,1
1,1471947815,1471947820,5
4,1471947818,1471947821,3
4,1471947822,1471947826,4
4,1471947827,1471947829,2
1,1471947830,1471947835,5
1,1471947843,1471947865,22
4,1471947848,1471947850,2
4,1471947850,1471947852,2
4,1471947852,1471947855,3
4,1471947855,1471947860,5
4,1471947860,1471947862,2
4,1471947862,1471947868,6
4,1471947868,1471947910,42
1,1471947870,1471947875,5
14,1471947873,1471947880,7
1,1471947885,1471947888,3
1,1471947903,1471947908,5
1,1471947917,1471947919,2
4,1471947925,1471947929,4
10,1471947927,1471947929,2
4,1471947929,1471947934,5
4,1471947934,1471947936,2
4,1471947937,1471947940,3
4,1471947940,1471947949,9
1,1471947946,1471947949,3
4,1471947949,1471947954,5
4,1471947954,1471948006,52
1,1471947955,1471947962,7
14,1471947960,1471947967,7
1,1471947969,1471947987,18
1,1471947996,1471948005,9
4,1471948006,1471948047,41
10,1471948008,1471948010,2
1,1471948009,1471948016,7
14,1471948016,1471948023,7
1,1471948022,1471948026,4
1,1471948031,1471948040,9
1,1471948043,1471948047,4
4,1471948050,1471948057,7
1,1471948054,1471948057,3
4,1471948057,1471948063,6
1,1471948061,1471948063,2
4,1471948064,1471948108,44
1,1471948067,1471948072,5
14,1471948070,1471948078,8
1,1471948079,1471948082,3
1,1471948092,1471948150,58
4,1471948108,1471948112,4
4,1471948113,1471948118,5
10,1471948114,1471948115,1
4,1471948118,1471948126,8
10,1471948120,1471948122,2
4,1471948126,1471948132,6
4,1471948135,1471948144,9
4,1471948146,1471948151,5
4,1471948151,1471948154,3
4,1471948154,1471948159,5
10,1471948155,1471948157,2
10,1471948158,1471948159,1
4,1471948160,1471948165,5
4,1471948165,1471948175,10
1,1471948166,1471948175,9
4,1471948176,1471948178,2
4,1471948178,1471948181,3
4,1471948181,1471948183,2
4,1471948184,1471948188,4
4,1471948188,1471948193,5
1,1471948189,1471948192,3
4,1471948193,1471948198,5
10,1471948196,1471948198,2
4,1471948199,1471948202,3
10,1471948199,1471948200,1
4,1471948202,1471948206,4
10,1471948203,1471948206,3
4,1471948208,1471948211,3
1,1471948212,1471948214,2
1,1471948218,1471948225,7
14,1471948224,1471948231,7
1,1471948232,1471948238,6
1,1471948245,1471948262,17
4,1471948259,1471948263,4
4,1471948263,1471948266,3
10,1471948264,1471948266,2
4,1471948266,1471948269,3
1,1471948267,1471948271,4
4,1471948269,1471948272,3
4,1471948272,1471948280,8
1,1471948274,1471948286,12
4,1471948280,1471948282,2
4,1471948283,1471948286,3
4,1471948287,1471948290,3
10,1471948288,1471948290,2
4,1471948290,1471948292,2
10,1471948293,1471948294,1
4,1471948294,1471948304,10
1,1471948299,1471948317,18
4,1471948305,1471948307,2
4,1471948307,1471948309,2
4,1471948313,1471948367,54
1,1471948343,1471948344,1
1,1471948352,1471948366,14
4,1471948367,1471948373,6
1,1471948370,1471948371,1
4,1471948373,1471948375,2
4,1471948376,1471948382,6
1,1471948379,1471948383,4
4,1471948385,1471948388,3
4,1471948388,1471948390,2
4,1471948390,1471948392,2
10,1471948391,1471948392,1
4,1471948393,1471948398,5
4,1471948398,1471948401,3
10,1471948398,1471948401,3
4,1471948402,1471948406,4
10,1471948404,1471948406,2
4,1471948406,1471948420,14
1,1471948407,1471948432,25
4,1471948420,1471948425,5
4,1471948429,1471948434,5
4,1471948434,1471948444,10
1,1471948438,1471948441,3
4,1471948444,1471948453,9
1,1471948447,1471948452,5
4,1471948454,1471948460,6
1,1471948456,1471948468,12
4,1471948461,1471948465,4
4,1471948469,1471948552,83
1,1471948483,1471948487,4
14,1471948487,1471948494,7
1,1471948491,1471948504,13
1,1471948518,1471948521,3
1,1471948540,1471948549,9
4,1471948552,1471948585,33
1,1471948553,1471948562,9
14,1471948557,1471948564,7
1,1471948569,1471948571,2
1,1471948575,1471948590,15
14,1471948590,1471948597,7
1,1471948612,1471948613,1
1,1471948618,1471948632,14
4,1471948629,1471948634,5
4,1471948634,1471948640,6
1,1471948639,1471948650,11
14,1471948647,1471948654,7
1,1471948654,1471948663,9
1,1471948777,1471948789,12
1,1471948792,1471948796,4
4,1471948796,1471948799,3
4,1471948799,1471948802,3
4,1471948802,1471948804,2
10,1471948803,1471948804,1
1,1471948810,1471948815,5
4,1471948816,1471948818,2
4,1471948819,1471948821,2
4,1471948822,1471948930,108
1,1471948824,1471948828,4
10,1471948824,1471948826,2
1,1471948831,1471948836,5
14,1471948836,1471948843,7
1,1471948855,1471948863,8
1,1471948900,1471948908,8
1,1471948925,1471948929,4
4,1471948930,1471948933,3
4,1471948934,1471948938,4
1,1471948940,1471948949,9
4,1471948950,1471948954,4
10,1471948951,1471948952,1
1,1471948952,1471948953,1
4,1471948956,1471948977,21
1,1471948957,1471948967,10
14,1471948963,1471948971,8
1,1471948974,1471948976,2
1,1471948980,1471948987,7
14,1471948984,1471948991,7
1,1471948993,1471949005,12
4,1471949003,1471949005,2
4,1471949005,1471949010,5
10,1471949007,1471949010,3
4,1471949010,1471949012,2
4,1471949012,1471949016,4
1,1471949015,1471949018,3
1,1471949027,1471949028,1
1,1471949031,1471949039,8
4,1471949041,1471949043,2
4,1471949044,1471949046,2
4,1471949046,1471949048,2
4,1471949048,1471949053,5
10,1471949050,1471949052,2
1,1471949051,1471949053,2
10,1471949052,1471949053,1
4,1471949053,1471949056,3
4,1471949056,1471949060,4
4,1471949061,1471949067,6
10,1471949062,1471949063,1
4,1471949067,1471949069,2
4,1471949069,1471949071,2
4,1471949071,1471949078,7
10,1471949073,1471949077,4
4,1471949078,1471949080,2
4,1471949080,1471949083,3
4,1471949083,1471949085,2
4,1471949085,1471949087,2
4,1471949087,1471949089,2
4,1471949089,1471949092,3
4,1471949092,1471949094,2
4,1471949094,1471949099,5
4,1471949101,1471949103,2
4,1471949104,1471949107,3
1,1471949104,1471949111,7
4,1471949110,1471949112,2
4,1471949113,1471949141,28
1,1471949116,1471949119,3
1,1471949127,1471949130,3
1,1471949137,1471949144,7
4,1471949143,1471949145,2
10,1471949144,1471949145,1
4,1471949145,1471949147,2
4,1471949147,1471949150,3
4,1471949150,1471949152,2
4,1471949152,1471949155,3
4,1471949155,1471949158,3
1,1471949155,1471949167,12
4,1471949162,1471949169,7
4,1471949169,1471949172,3
1,1471949172,1471949179,7
4,1471949176,1471949178,2
4,1471949178,1471949180,2
4,1471949180,1471949183,3
10,1471949182,1471949183,1
4,1471949183,1471949185,2
4,1471949186,1471949191,5
4,1471949191,1471949216,25
1,1471949192,1471949205,13
10,1471949206,1471949208,2
1,1471949209,1471949212,3
1,1471949217,1471949221,4
4,1471949222,1471949224,2
4,1471949227,1471949234,7
1,1471949229,1471949235,6
1,1471949238,1471949251,13
4,1471949252,1471949255,3
4,1471949255,1471949258,3
4,1471949258,1471949266,8
1,1471949263,1471949270,7
4,1471949267,1471949269,2
4,1471949272,1471949304,32
1,1471949274,1471949280,6
1,1471949293,1471949298,5
4,1471949304,1471949315,11
1,1471949308,1471949309,1
4,1471949315,1471949399,84
1,1471949326,1471949328,2
1,1471949332,1471949339,7
1,1471949352,1471949374,22
1,1471949378,1471949404,26
4,1471949399,1471949403,4
4,1471949405,1471949408,3
4,1471949408,1471949410,2
4,1471949411,1471949450,39
1,1471949412,1471949413,1
10,1471949414,1471949448,34
1,1471949446,1471949449,3
4,1471949451,1471949453,2
1,1471949454,1471949474,20
4,1471949470,1471949474,4
4,1471949479,1471949482,3
1,1471949480,1471949492,12
4,1471949492,1471949494,2
4,1471949494,1471949511,17
4,1471949511,1471949513,2
4,1471949513,1471949516,3
4,1471949517,1471949520,3
4,1471949520,1471949524,4
10,1471949526,1471949533,7
4,1471949535,1471949538,3
4,1471949538,1471949540,2
4,1471949542,1471949545,3
4,1471949545,1471949548,3
4,1471949549,1471949551,2
4,1471949551,1471949555,4
4,1471949557,1471949560,3
4,1471949561,1471949566,5
10,1471949564,1471949566,2
4,1471949566,1471949571,5
1,1471949567,1471949571,4
4,1471949572,1471949575,3
4,1471949577,1471949580,3
4,1471949580,1471949583,3
4,1471949584,1471949586,2
4,1471949586,1471949590,4
1,1471949587,1471949589,2
4,1471949592,1471949606,14
1,1471949596,1471949598,2
1,1471949602,1471949605,3
4,1471949607,1471949610,3
5,1471949610,1471949611,1
4,1471949611,1471949616,5
10,1471949613,1471949614,1
4,1471949616,1471949623,7
10,1471949620,1471949622,2
1,1471949621,1471949623,2
10,1471949622,1471949623,1
4,1471949623,1471949625,2
4,1471949626,1471949635,9
1,1471949628,1471949632,4
4,1471949636,1471949642,6
1,1471949637,1471949639,2
4,1471949643,1471949646,3
4,1471949646,1471949648,2
4,1471949648,1471949650,2
4,1471949650,1471949652,2
4,1471949652,1471949659,7
4,1471949659,1471949669,10
1,1471949660,1471949664,4
4,1471949670,1471949674,4
1,1471949671,1471949673,2
4,1471949674,1471949676,2
4,1471949676,1471949678,2
4,1471949678,1471949681,3
4,1471949681,1471949683,2
4,1471949683,1471949686,3
4,1471949686,1471949691,5
1,1471949688,1471949690,2
4,1471949691,1471949693,2
4,1471949693,1471949695,2
4,1471949695,1471949697,2
4,1471949697,1471949700,3
4,1471949700,1471949707,7
4,1471949711,1471949731,20
1,1471949712,1471949716,4
1,1471949727,1471949743,16
4,1471949739,1471949745,6
10,1471949744,1471949745,1
4,1471949745,1471949750,5
4,1471949750,1471949755,5
1,1471949750,1471949754,4
1,1471949757,1471949759,2
4,1471949759,1471949764,5
1,1471949763,1471949771,8
1,1471949775,1471949785,10
4,1471949779,1471949786,7
4,1471949786,1471949800,14
1,1471949794,1471949798,4
10,1471949802,1471949804,2
4,1471949804,1471949808,4
4,1471949809,1471949811,2
4,1471949813,1471949819,6
1,1471949816,1471949827,11
4,1471949819,1471949840,21
10,1471949823,1471949826,3
4,1471949840,1471949843,3
4,1471949843,1471949846,3
4,1471949846,1471949852,6
1,1471949854,1471949860,6
14,1471949858,1471949869,11
1,1471949869,1471949872,3
1,1471949877,1471949879,2
4,1471949881,1471949885,4
4,1471949885,1471949888,3
4,1471949888,1471949892,4
4,1471949893,1471949895,2
4,1471949896,1471949898,2
4,1471949898,1471949900,2
4,1471949900,1471949904,4
4,1471949905,1471949907,2
4,1471949907,1471949909,2
4,1471949909,1471949912,3
4,1471949912,1471949917,5
1,1471949913,1471949932,19
4,1471949925,1471949932,7
4,1471949933,1471949935,2
4,1471949935,1471949937,2
4,1471949937,1471949939,2
4,1471949940,1471949946,6
1,1471949942,1471949944,2
4,1471949946,1471949950,4
1,1471949948,1471949949,1
4,1471949950,1471949965,15
1,1471949953,1471949962,9
4,1471949965,1471949967,2
4,1471949967,1471949970,3
4,1471949970,1471949978,8
10,1471949975,1471949976,1
1,1471949975,1471949978,3
4,1471949978,1471949987,9
1,1471949982,1471949985,3
4,1471949987,1471950041,54
1,1471949993,1471950002,9
14,1471950000,1471950008,8
1,1471950024,1471950027,3
1,1471950030,1471950036,6
4,1471950041,1471950046,5
4,1471950046,1471950049,3
4,1471950050,1471950052,2
4,1471950053,1471950057,4
10,1471950056,1471950057,1
4,1471950057,1471950121,64
1,1471950065,1471950071,6
14,1471950070,1471950077,7
1,1471950075,1471950106,31
1,1471950112,1471950120,8
4,1471950122,1471950125,3
4,1471950128,1471950130,2
4,1471950130,1471950132,2
4,1471950132,1471950135,3
4,1471950135,1471950137,2
4,1471950138,1471950140,2
4,1471950140,1471950178,38
1,1471950147,1471950152,5
14,1471950150,1471950158,8
1,1471950160,1471950161,1
1,1471950165,1471950178,13
1,1471950181,1471950183,2
4,1471950184,1471950186,2
4,1471950187,1471950228,41
1,1471950192,1471950199,7
14,1471950197,1471950205,8
1,1471950209,1471950215,6
1,1471950219,1471950260,41
4,1471950229,1471950236,7
4,1471950236,1471950241,5
4,1471950241,1471950255,14
4,1471950256,1471950261,5
4,1471950263,1471950269,6
1,1471950265,1471950268,3
4,1471950269,1471950278,9
4,1471950279,1471950281,2
1,1471950283,1471950290,7
10,1471950283,1471950285,2
4,1471950287,1471950291,4
4,1471950291,1471950294,3
10,1471950292,1471950294,2
4,1471950294,1471950297,3
1,1471950294,1471950312,18
4,1471950297,1471950303,6
4,1471950310,1471950318,8
1,1471950315,1471950343,28
4,1471950323,1471950333,10
4,1471950333,1471950335,2
4,1471950341,1471950344,3
1,1471950349,1471950389,40
4,1471950350,1471950383,33
4,1471950387,1471950429,42
1,1471950392,1471950395,3
14,1471950395,1471950409,14
1,1471950408,1471950440,32
4,1471950432,1471950436,4
4,1471950442,1471950444,2
4,1471950444,1471950447,3
4,1471950448,1471950453,5
1,1471950449,1471950453,4
10,1471950451,1471950452,1
4,1471950453,1471950455,2
4,1471950456,1471950462,6
1,1471950461,1471950464,3
10,1471950466,1471950467,1
4,1471950467,1471950472,5
1,1471950471,1471950474,3
4,1471950472,1471950509,37
1,1471950479,1471950484,5
14,1471950482,1471950496,14
1,1471950493,1471950509,16
4,1471950510,1471950513,3
1,1471950515,1471950517,2
4,1471950517,1471950521,4
4,1471950521,1471950524,3
4,1471950524,1471950601,77
1,1471950532,1471950538,6
14,1471950537,1471950550,13
1,1471950554,1471950562,8
1,1471950578,1471950586,8
1,1471950591,1471950596,5
4,1471950602,1471950605,3
4,1471950605,1471950607,2
4,1471950608,1471950610,2
4,1471950610,1471950613,3
10,1471950611,1471950613,2
4,1471950613,1471950615,2
4,1471950615,1471950617,2
4,1471950625,1471950628,3
1,1471950626,1471950627,1
4,1471950629,1471950631,2
4,1471950631,1471950633,2
4,1471950633,1471950637,4
4,1471950637,1471950639,2
4,1471950639,1471950644,5
4,1471950654,1471950656,2
4,1471950656,1471950661,5
4,1471950661,1471950664,3
4,1471950667,1471950669,2
4,1471950669,1471950672,3
1,1471950671,1471950674,3
4,1471950673,1471950681,8
10,1471950678,1471950681,3
4,1471950684,1471950687,3
4,1471950687,1471950691,4
4,1471950691,1471950735,44
1,1471950697,1471950706,9
14,1471950704,1471950713,9
1,1471950709,1471950715,6
1,1471950719,1471950720,1
1,1471950732,1471950735,3
4,1471950736,1471950739,3
10,1471950738,1471950739,1
4,1471950739,1471950746,7
10,1471950740,1471950742,2
1,1471950748,1471950753,5
4,1471950753,1471950767,14
10,1471950755,1471950756,1
10,1471950757,1471950767,10
4,1471950767,1471950769,2
4,1471950769,1471950771,2
4,1471950772,1471950774,2
4,1471950774,1471950778,4
1,1471950776,1471950786,10
14,1471950785,1471950794,9
1,1471950795,1471950798,3
1,1471950815,1471950831,16
4,1471950832,1471950834,2
1,1471950835,1471950845,10
4,1471950838,1471950845,7
4,1471950845,1471950852,7
4,1471950852,1471950861,9
4,1471950861,1471950880,19
10,1471950863,1471950865,2
1,1471950874,1471950879,5
4,1471950880,1471950897,17
1,1471950884,1471950896,12
10,1471950884,1471950888,4
4,1471950898,1471950924,26
10,1471950898,1471950900,2
1,1471950901,1471950923,22
4,1471950924,1471950933,9
1,1471950926,1471950936,10
4,1471950935,1471950955,20
1,1471950939,1471950954,15
4,1471950955,1471950961,6
4,1471950961,1471950966,5
4,1471950967,1471950974,7
4,1471950974,1471951024,50
1,1471950977,1471950984,7
1,1471951009,1471951022,13
4,1471951025,1471951027,2
4,1471951028,1471951031,3
4,1471951031,1471951035,4
10,1471951033,1471951034,1
1,1471951033,1471951034,1
4,1471951035,1471951043,8
1,1471951039,1471951045,6
4,1471951045,1471951048,3
4,1471951048,1471951102,54
1,1471951054,1471951058,4
14,1471951058,1471951064,6
1,1471951067,1471951068,1
1,1471951072,1471951079,7
1,1471951084,1471951101,17
4,1471951102,1471951111,9
1,1471951106,1471951141,35
4,1471951111,1471951114,3
4,1471951114,1471951121,7
4,1471951121,1471951124,3
4,1471951124,1471951127,3
4,1471951127,1471951130,3
4,1471951132,1471951146,14
4,1471951148,1471951150,2
4,1471951150,1471951154,4
4,1471951156,1471951161,5
4,1471951164,1471951168,4
4,1471951168,1471951171,3
1,1471951169,1471951171,2
4,1471951172,1471951176,4
1,1471951178,1471951181,3
4,1471951182,1471951186,4
4,1471951186,1471951190,4
1,1471951188,1471951208,20
4,1471951190,1471951209,19
4,1471951209,1471951212,3
4,1471951212,1471951214,2
4,1471951215,1471951217,2
4,1471951217,1471951219,2
4,1471951220,1471951222,2
4,1471951224,1471951228,4
4,1471951230,1471951233,3
4,1471951233,1471951238,5
1,1471951236,1471951238,2
1,1471951243,1471951245,2
1,1471951251,1471951258,7
4,1471951259,1471951261,2
1,1471951267,1471951284,17
4,1471951271,1471951285,14
4,1471951285,1471951290,5
4,1471951290,1471951295,5
4,1471951295,1471951357,62
1,1471951296,1471951299,3
1,1471951307,1471951311,4
1,1471951330,1471951341,11
1,1471951354,1471951356,2
4,1471951357,1471951359,2
4,1471951359,1471951363,4
4,1471951363,1471951367,4
1,1471951364,1471951370,6
4,1471951371,1471951436,65
1,1471951377,1471951406,29
14,1471951384,1471951393,9
1,1471951431,1471951435,4
4,1471951437,1471951439,2
4,1471951439,1471951443,4
4,1471951443,1471951446,3
1,1471951444,1471951456,12
4,1471951446,1471951452,6
4,1471951462,1471951469,7
1,1471951464,1471951468,4
4,1471951469,1471951471,2
4,1471951474,1471951477,3
4,1471951477,1471951489,12
1,1471951482,1471951488,6
4,1471951490,1471951493,3
1,1471951494,1471951499,5
14,1471951498,1471951504,6
1,1471951524,1471951540,16
14,1471951539,1471952248,709
11,1471951543,1471951548,5
4,1471951545,1471951548,3
11,1471951548,1471952248,700
1,1471951892,1471951896,4
4,1471951894,1471951954,60
1,1471951905,1471951926,21
1,1471951944,1471951947,3
4,1471951954,1471951960,6
1,1471952029,1471952037,8
1,1471952046,1471952051,5
1,1471952054,1471952060,6
1,1471952064,1471952071,7
4,1471952131,1471952134,3
4,1471952134,1471952137,3
10,1471952135,1471952137,2
4,1471952137,1471952144,7
10,1471952139,1471952140,1
4,1471952144,1471952146,2
4,1471952146,1471952149,3
10,1471952147,1471952149,2
4,1471952149,1471952152,3
4,1471952153,1471952156,3
1,1471952154,1471952156,2
4,1471952157,1471952159,2
4,1471952159,1471952161,2
4,1471952161,1471952165,4
1,1471952163,1471952167,4
4,1471952167,1471952171,4
4,1471952171,1471952176,5
4,1471952179,1471952181,2
4,1471952181,1471952192,11
1,1471952184,1471952189,5
10,1471952189,1471952192,3
4,1471952193,1471952203,10
4,1471952204,1471952206,2
4,1471952207,1471952210,3
4,1471952210,1471952218,8
4,1471952218,1471952221,3
4,1471952223,1471952227,4
4,1471952227,1471952231,4
1,1471952228,1471952230,2
4,1471952231,1471952236,5
1,1471952242,1471952253,11
4,1471952249,1471952270,21
14,1471952253,1471952260,7
1,1471952262,1471952275,13
4,1471952270,1471952289,19
1,1471952281,1471952285,4
10,1471952287,1471952288,1
4,1471952289,1471952328,39
1,1471952290,1471952296,6
14,1471952296,1471952303,7
1,1471952303,1471952306,3
1,1471952318,1471952332,14
4,1471952328,1471952333,5
4,1471952333,1471952336,3
4,1471952336,1471952341,5
1,1471952337,1471952340,3
4,1471952342,1471952345,3
4,1471952346,1471952348,2
10,1471952349,1471952352,3
4,1471952352,1471952396,44
1,1471952354,1471952362,8
14,1471952362,1471952369,7
1,1471952378,1471952406,28
4,1471952399,1471952403,4
4,1471952407,1471952414,7
1,1471952409,1471952412,3
4,1471952415,1471952418,3
4,1471952418,1471952420,2
4,1471952420,1471952423,3
1,1471952421,1471952423,2
4,1471952424,1471952426,2
4,1471952426,1471952432,6
1,1471952428,1471952430,2
4,1471952433,1471952435,2
4,1471952435,1471952453,18
1,1471952440,1471952452,12
4,1471952453,1471952459,6
1,1471952455,1471952459,4
1,1471952464,1471952471,7
4,1471952472,1471952475,3
1,1471952475,1471952479,4
14,1471952479,1471952485,6
1,1471952487,1471952492,5
1,1471952496,1471952503,7
14,1471952503,1471952523,20
11,1471952506,1471952511,5
4,1471952507,1471952511,4
11,1471952511,1471952523,12
1,1471952511,1471952527,16
4,1471952513,1471952524,11
5,1471952521,1471952523,2
4,1471952527,1471952582,55
1,1471952533,1471952535,2
1,1471952542,1471952546,4
14,1471952546,1471952552,6
1,1471952572,1471952576,4
1,1471952579,1471952581,2
4,1471952582,1471952584,2
4,1471952584,1471952588,4
10,1471952585,1471952586,1
1,1471952589,1471952622,33
4,1471952593,1471952596,3
4,1471952598,1471952601,3
4,1471952603,1471952606,3
4,1471952623,1471952626,3
4,1471952626,1471952628,2
1,1471952629,1471952631,2
4,1471952632,1471952635,3
4,1471952635,1471952638,3
1,1471952636,1471952637,1
4,1471952638,1471952641,3
4,1471952641,1471952644,3
10,1471952642,1471952644,2
4,1471952644,1471952646,2
4,1471952646,1471952719,73
10,1471952648,1471952652,4
1,1471952651,1471952657,6
14,1471952657,1471952664,7
1,1471952667,1471952679,12
14,1471952678,1471952683,5
1,1471952685,1471952691,6
1,1471952699,1471952703,4
1,1471952712,1471952726,14
4,1471952723,1471952727,4
4,1471952727,1471952730,3
4,1471952731,1471952735,4
5,1471952736,1471952737,1
1,1471952737,1471952744,7
4,1471952742,1471952744,2
1,1471952750,1471952756,6
14,1471952754,1471952768,14
1,1471952769,1471952772,3
1,1471952775,1471952779,4
1,1471952785,1471952797,12
1,1471952849,1471952857,8
4,1471952858,1471952860,2
4,1471952861,1471952863,2
4,1471952863,1471952865,2
4,1471952865,1471952868,3
4,1471952872,1471952874,2
4,1471952874,1471952876,2
1,1471952877,1471952881,4
4,1471952882,1471952885,3
4,1471952885,1471952894,9
1,1471952887,1471952969,82
4,1471952895,1471952900,5
4,1471952902,1471952904,2
4,1471952907,1471952909,2
4,1471952911,1471952916,5
4,1471952918,1471952921,3
4,1471952923,1471952927,4
4,1471952929,1471952933,4
4,1471952933,1471952937,4
4,1471952937,1471952940,3
4,1471952942,1471952944,2
4,1471952947,1471952949,2
4,1471952951,1471952955,4
4,1471952957,1471952960,3
4,1471952961,1471952964,3
4,1471952966,1471952969,3
1,1471952976,1471952981,5
1,1471952987,1471953000,13
1,1471953027,1471953049,22
14,1471953046,1471953055,9
1,1471953055,1471953066,11
1,1471953151,1471953170,19
4,1471953173,1471953178,5
4,1471953179,1471953182,3
4,1471953183,1471953185,2
4,1471953185,1471953188,3
4,1471953188,1471953191,3
4,1471953191,1471953194,3
1,1471953192,1471953194,2
4,1471953195,1471953197,2
4,1471953197,1471953201,4
1,1471953197,1471953234,37
4,1471953211,1471953215,4
4,1471953215,1471953219,4
4,1471953219,1471953229,10
10,1471953220,1471953221,1
4,1471953231,1471953235,4
4,1471953236,1471953241,5
1,1471953238,1471953240,2
4,1471953241,1471953244,3
4,1471953244,1471953246,2
4,1471953246,1471953248,2
1,1471953249,1471953260,11
4,1471953253,1471953256,3
4,1471953261,1471953264,3
1,1471953265,1471953266,1
4,1471953267,1471953269,2
4,1471953269,1471953274,5
1,1471953274,1471953276,2
4,1471953274,1471953277,3
1,1471953281,1471953286,5
1,1471953300,1471953303,3
4,1471953303,1471953306,3
10,1471953306,1471953307,1
4,1471953307,1471953312,5
4,1471953312,1471953314,2
4,1471953314,1471953317,3
4,1471953317,1471953323,6
1,1471953319,1471953338,19
4,1471953323,1471953338,15
1,1471953364,1471953378,14
4,1471953381,1471953386,5
1,1471953383,1471953384,1
4,1471953386,1471953390,4
4,1471953390,1471953408,18
1,1471953395,1471953401,6
1,1471953405,1471953407,2
4,1471953409,1471953419,10
1,1471953412,1471953423,11
4,1471953419,1471953422,3
4,1471953426,1471953508,82
1,1471953431,1471953433,2
1,1471953503,1471953508,5
4,1471953511,1471953513,2
4,1471953513,1471953515,2
4,1471953515,1471953518,3
4,1471953518,1471953520,2
4,1471953520,1471953522,2
4,1471953522,1471953524,2
4,1471953525,1471953527,2
4,1471953527,1471953532,5
1,1471953530,1471953531,1
4,1471953533,1471953535,2
4,1471953535,1471953552,17
1,1471953541,1471953544,3
1,1471953549,1471953555,6
4,1471953556,1471953561,5
1,1471953565,1471953569,4
1,1471953573,1471953575,2
1,1471953593,1471953595,2
1,1471953608,1471953615,7
1,1471953619,1471953621,2
1,1471953625,1471953639,14
4,1471953640,1471953648,8
1,1471953644,1471953647,3
4,1471953648,1471953788,140
1,1471953657,1471953664,7
1,1471953772,1471953784,12
4,1471953789,1471953792,3
11,1471953790,1471953791,1
11,1471953791,1471953824,33
1,1471953791,1471953793,2
4,1471953795,1471953825,30
1,1471953799,1471953806,7
1,1471953824,1471953836,12
11,1471953824,1471953826,2
11,1471953826,1471953827,1
11,1471953832,1471953833,1
11,1471953834,1471953848,14
1,1471953842,1471953859,17
11,1471953851,1471953884,33
4,1471953853,1471953884,31
1,1471953882,1471953916,34
5,1471953882,1471953884,2
4,1471953900,1471953910,10
4,1471953911,1471953921,10
10,1471953912,1471953914,2
4,1471953921,1471953923,2
4,1471953923,1471953925,2
4,1471953925,1471953931,6
1,1471953927,1471953929,2
4,1471953931,1471953937,6
1,1471953933,1471953936,3
4,1471953937,1471953939,2
4,1471953939,1471953950,11
1,1471953943,1471953948,5
1,1471953954,1471953961,7
1,1471953979,1471953987,8
4,1471953991,1471954109,118
1,1471954014,1471954018,4
1,1471954077,1471954092,15
1,1471954096,1471954099,3
1,1471954104,1471954108,4
11,1471954109,1471954111,2
11,1471954111,1471954115,4
4,1471954112,1471954121,9
1,1471954113,1471954116,3
11,1471954115,1471954120,5
11,1471954120,1471954128,8
1,1471954121,1471954132,11
4,1471954129,1471954134,5
11,1471954134,1471954137,3
11,1471954137,1471954151,14
1,1471954137,1471954143,6
4,1471954137,1471954203,66
1,1471954147,1471954165,18
11,1471954151,1471954154,3
11,1471954154,1471954202,48
1,1471954172,1471954182,10
1,1471954187,1471954221,34
1,1471954224,1471954229,5
1,1471954234,1471954236,2
1,1471954264,1471954266,2
4,1471954267,1471954272,5
10,1471954270,1471954272,2
4,1471954272,1471954274,2
4,1471954275,1471954278,3
4,1471954278,1471954284,6
10,1471954280,1471954284,4
4,1471954284,1471954301,17
10,1471954287,1471954289,2
1,1471954289,1471954300,11
4,1471954302,1471954304,2
4,1471954305,1471954308,3
4,1471954308,1471954313,5
4,1471954319,1471954350,31
1,1471954322,1471954328,6
14,1471954327,1471954336,9
1,1471954335,1471954349,14
4,1471954351,1471954356,5
10,1471954353,1471954356,3
4,1471954356,1471954400,44
1,1471954365,1471954371,6
14,1471954368,1471954380,12
1,1471954377,1471954396,19
14,1471954396,1471954480,84
11,1471954398,1471954403,5
4,1471954401,1471954404,3
11,1471954403,1471954409,6
1,1471954406,1471954482,76
11,1471954409,1471954414,5
11,1471954414,1471954419,5
4,1471954420,1471954428,8
11,1471954420,1471954427,7
11,1471954428,1471954459,31
4,1471954451,1471954459,8
11,1471954459,1471954469,10
4,1471954461,1471954463,2
4,1471954464,1471954466,2
4,1471954466,1471954469,3
11,1471954469,1471954480,11
5,1471954478,1471954480,2
4,1471954481,1471954486,5
10,1471954484,1471954486,2
4,1471954486,1471954495,9
1,1471954488,1471954492,4
4,1471954495,1471954497,2
4,1471954497,1471954522,25
1,1471954506,1471954514,8
14,1471954514,1471954612,98
11,1471954521,1471954526,5
4,1471954523,1471954527,4
11,1471954526,1471954547,21
1,1471954529,1471954537,8
1,1471954543,1471954547,4
11,1471954548,1471954552,4
1,1471954551,1471954585,34
11,1471954552,1471954557,5
11,1471954558,1471954612,54
4,1471954558,1471954613,55
1,1471954588,1471954601,13
1,1471954607,1471954627,20
5,1471954610,1471954612,2
4,1471954629,1471954632,3
4,1471954632,1471954636,4
1,1471954632,1471954635,3
4,1471954636,1471954639,3
4,1471954639,1471954642,3
1,1471954639,1471954642,3
4,1471954642,1471954645,3
4,1471954645,1471954648,3
4,1471954648,1471954653,5
1,1471954650,1471954656,6
4,1471954654,1471954657,3
4,1471954657,1471954659,2
4,1471954659,1471954665,6
1,1471954661,1471954669,8
4,1471954665,1471954667,2
4,1471954667,1471954673,6
4,1471954673,1471954698,25
1,1471954674,1471954679,5
14,1471954679,1471954686,7
1,1471954689,1471954694,5
14,1471954694,1471954758,64
11,1471954696,1471954701,5
4,1471954699,1471954702,3
11,1471954701,1471954707,6
1,1471954705,1471954743,38
11,1471954707,1471954712,5
11,1471954713,1471954717,4
11,1471954717,1471954721,4
4,1471954718,1471954722,4
11,1471954722,1471954731,9
11,1471954732,1471954740,8
11,1471954741,1471954753,12
4,1471954741,1471954759,18
1,1471954749,1471954773,24
11,1471954753,1471954758,5
5,1471954756,1471954758,2
1,1471954784,1471954792,8
1,1471954806,1471954812,6
1,1471954819,1471954823,4
1,1471954873,1471954875,2
4,1471954877,1471954881,4
4,1471954882,1471954885,3
4,1471954885,1471954887,2
4,1471954887,1471954889,2
4,1471954890,1471954897,7
1,1471954895,1471954897,2
1,1471954901,1471954908,7
14,1471954908,1471954915,7
1,1471954920,1471954921,1
14,1471954921,1471955056,135
11,1471954923,1471954928,5
1,1471954924,1471954926,2
4,1471954925,1471954928,3
11,1471954928,1471954935,7
4,1471954929,1471954949,20
1,1471954930,1471954949,19
11,1471954935,1471954940,5
11,1471954941,1471954966,25
1,1471954956,1471954981,25
11,1471954967,1471954971,4
11,1471954972,1471954995,23
1,1471954985,1471955003,18
11,1471954995,1471955001,6
11,1471955001,1471955003,2
11,1471955003,1471955006,3
11,1471955006,1471955056,50
1,1471955007,1471955014,7
1,1471955029,1471955037,8
1,1471955041,1471955044,3
1,1471955052,1471955065,13
5,1471955054,1471955056,2
4,1471955057,1471955063,6
4,1471955067,1471955069,2
1,1471955073,1471955077,4
4,1471955074,1471955078,4
1,1471955081,1471955085,4
14,1471955085,1471955092,7
1,1471955098,1471955100,2
1,1471955190,1471955196,6
1,1471955202,1471955204,2
1,1471955209,1471955251,42
4,1471955246,1471955249,3
4,1471955249,1471955252,3
4,1471955252,1471955310,58
1,1471955255,1471955265,10
1,1471955270,1471955284,14
1,1471955289,1471955301,12
1,1471955304,1471955306,2
1,1471955309,1471955314,5
4,1471955310,1471955363,53
14,1471955314,1471955324,10
1,1471955325,1471955333,8
1,1471955337,1471955353,16
1,1471955359,1471955377,18
4,1471955366,1471955373,7
4,1471955378,1471955415,37
1,1471955382,1471955387,5
14,1471955387,1471955396,9
1,1471955397,1471955399,2
1,1471955403,1471955412,9
14,1471955412,1471956114,702
11,1471955413,1471955419,6
4,1471955416,1471955420,4
11,1471955419,1471956114,695
1,1471955976,1471955998,22
4,1471955987,1471956114,127
1,1471956009,1471956021,12
1,1471956035,1471956038,3
1,1471956041,1471956043,2
1,1471956051,1471956076,25
1,1471956089,1471956105,16
1,1471956112,1471956115,3
5,1471956112,1471956114,2
4,1471956116,1471956118,2
4,1471956119,1471956144,25
5,1471956120,1471956121,1
5,1471956126,1471956127,1
10,1471956132,1471956141,9
1,1471956139,1471956146,7
1,1471956149,1471956153,4
4,1471956154,1471956206,52
1,1471956167,1471956172,5
1,1471956176,1471956178,2
1,1471956184,1471956191,7
1,1471956202,1471956204,2
4,1471956206,1471956210,4
4,1471956210,1471956214,4
4,1471956214,1471956216,2
4,1471956216,1471956218,2
4,1471956218,1471956221,3
4,1471956221,1471956227,6
4,1471956228,1471956294,66
1,1471956233,1471956252,19
14,1471956250,1471956260,10
1,1471956267,1471956279,12
14,1471956270,1471956275,5
1,1471956289,1471956300,11
4,1471956295,1471956297,2
4,1471956298,1471956301,3
4,1471956301,1471956307,6
1,1471956305,1471956315,10
14,1471956311,1471956318,7
1,1471956328,1471956345,17
4,1471956338,1471956341,3
14,1471956345,1471956355,10
1,1471956357,1471956369,12
14,1471956359,1471956368,9
1,1471956372,1471956376,4
1,1471956379,1471956383,4
1,1471956386,1471956389,3
1,1471956392,1471956398,6
1,1471956402,1471956409,7
1,1471956418,1471956419,1
1,1471956481,1471956506,25
14,1471956487,1471956498,11
4,1471956511,1471956610,99
1,1471956602,1471956609,7
4,1471956611,1471956616,5
10,1471956613,1471956616,3
4,1471956617,1471956620,3
4,1471956620,1471956626,6
1,1471956623,1471956628,5
4,1471956626,1471956644,18
1,1471956634,1471956639,5
4,1471956644,1471956647,3
4,1471956647,1471956655,8
1,1471956648,1471956651,3
4,1471956655,1471956657,2
4,1471956658,1471956663,5
1,1471956659,1471956662,3
4,1471956663,1471956665,2
4,1471956665,1471956668,3
4,1471956668,1471956671,3
1,1471956669,1471956671,2
4,1471956671,1471956675,4
4,1471956675,1471956685,10
1,1471956679,1471956684,5
4,1471956687,1471956691,4
1,1471956689,1471956690,1
4,1471956692,1471956696,4
1,1471956696,1471956701,5
4,1471956696,1471956699,3
4,1471956700,1471956742,42
1,1471956724,1471956727,3
1,1471956733,1471956741,8
1,1471956811,1471956830,19
4,1471956831,1471956962,131
1,1471956835,1471956837,2
1,1471956852,1471956855,3
1,1471956859,1471956860,1
1,1471956953,1471956966,13
4,1471956963,1471956965,2
4,1471956965,1471957047,82
1,1471956972,1471956977,5
1,1471956982,1471956984,2
1,1471956987,1471956989,2
1,1471956993,1471956996,3
1,1471957038,1471957041,3
1,1471957292,1471957303,11
4,1471957304,1471957306,2
10,1471957304,1471957306,2
10,1471957306,1471957308,2
1,1471957310,1471957319,9
1,1471957323,1471957327,4
4,1471957328,1471957333,5
1,1471957345,1471957348,3
4,1471957349,1471957526,177
1,1471957521,1471957533,12
1,1471957537,1471957541,4
4,1471957546,1471957734,188
1,1471957732,1471957745,13
1,1471957795,1471957798,3
4,1471957799,1471957804,5
1,1471958002,1471958006,4
4,1471958006,1471960661,2655
1,1471958014,1471958026,12
1,1471960619,1471960625,6
1,1471960659,1471960660,1
4,1471960662,1471960664,2
4,1471960665,1471960675,10
4,1471960676,1471960688,12
1,1471960683,1471960693,10
4,1471960693,1471960696,3
4,1471960696,1471960699,3
4,1471960699,1471960702,3
4,1471960702,1471960707,5
1,1471960703,1471960712,9
4,1471960707,1471960711,4
4,1471960713,1471960718,5
1,1471960719,1471960721,2
1,1471960915,1471960949,34
1,1471960953,1471960955,2
1,1471960964,1471960966,2
1,1471961002,1471961011,9
1,1471962640,1471962644,4
4,1471963200,1471963360,160
1,1471963207,1471963210,3
1,1471963268,1471963270,2
1,1471963329,1471963332,3
1,1471963356,1471963358,2
4,1471963361,1471963364,3
1,1471963361,1471963366,5
4,1471963364,1471963367,3
4,1471963367,1471963370,3
4,1471963370,1471963495,125
1,1471963372,1471963379,7
1,1471963476,1471963494,18
4,1471963495,1471963498,3
10,1471963496,1471963498,2
4,1471963498,1471963507,9
1,1471963501,1471963505,4
4,1471963507,1471963509,2
4,1471963510,1471963655,145
1,1471963515,1471963521,6
1,1471963646,1471963660,14
4,1471963655,1471963658,3
4,1471963658,1471963672,14
1,1471963664,1471963670,6
4,1471963673,1471963678,5
1,1471963674,1471963679,5
4,1471963678,1471963680,2
4,1471963681,1471963683,2
4,1471963683,1471963692,9
1,1471963687,1471963691,4
4,1471963692,1471963696,4
4,1471963697,1471963702,5
4,1471963703,1471963705,2
1,1471963704,1471963707,3
4,1471963705,1471963711,6
1,1471963715,1471963727,12
1,1471963740,1471963752,12
4,1471963753,1471963907,154
1,1471963761,1471963766,5
1,1471963772,1471963777,5
1,1471963783,1471963794,11
1,1471963885,1471963890,5
1,1471963894,1471963902,8
1,1471963930,1471963935,5
1,1471963938,1471963950,12
4,1471963951,1471963953,2
4,1471963953,1471963958,5
10,1471963954,1471963956,2
10,1471963956,1471963958,2
4,1471963958,1471963960,2
4,1471963960,1471963963,3
4,1471963963,1471963983,20
10,1471963964,1471963969,5
1,1471963969,1471963980,11
1,1471964027,1471964038,11
1,1471964041,1471964084,43
1,1471964097,1471964105,8
4,1471964106,1471964109,3
4,1471964109,1471964111,2
4,1471964112,1471964114,2
4,1471964114,1471964120,6
4,1471964120,1471964122,2
4,1471964123,1471964125,2
10,1471964125,1471964126,1
4,1471964126,1471964128,2
4,1471964128,1471964131,3
4,1471964131,1471964133,2
4,1471964134,1471964137,3
4,1471964137,1471964140,3
4,1471964141,1471964143,2
4,1471964144,1471964146,2
4,1471964147,1471964149,2
4,1471964152,1471964154,2
4,1471964154,1471964156,2
4,1471964157,1471964165,8
10,1471964157,1471964158,1
10,1471964163,1471964165,2
4,1471964166,1471964170,4
10,1471964168,1471964170,2
4,1471964170,1471964172,2
4,1471964172,1471964175,3
1,1471964176,1471964177,1
4,1471964178,1471964184,6
10,1471964182,1471964184,2
4,1471964187,1471964198,11
1,1471964194,1471964196,2
4,1471964198,1471964201,3
4,1471964201,1471964204,3
4,1471964205,1471964207,2
10,1471964206,1471964207,1
4,1471964208,1471964211,3
4,1471964211,1471964215,4
4,1471964215,1471964218,3
4,1471964219,1471964221,2
4,1471964221,1471964223,2
4,1471964223,1471964227,4
1,1471964225,1471964226,1
4,1471964228,1471964231,3
4,1471964232,1471964236,4
4,1471964236,1471964245,9
1,1471964239,1471964245,6
4,1471964245,1471964251,6
4,1471964254,1471964257,3
4,1471964260,1471964268,8
1,1471964266,1471964273,7
14,1471964273,1471964289,16
1,1471964350,1471964357,7
4,1471964358,1471964361,3
10,1471964359,1471964361,2
4,1471964361,1471964407,46
1,1471964363,1471964369,6
14,1471964369,1471964382,13
1,1471964385,1471964387,2
1,1471964390,1471964403,13
10,1471964406,1471964407,1
4,1471964407,1471964411,4
1,1471964413,1471964415,2
4,1471964415,1471964418,3
4,1471964418,1471964422,4
4,1471964422,1471964429,7
1,1471964424,1471964429,5
10,1471964424,1471964425,1
4,1471964431,1471964440,9
1,1471964435,1471964438,3
4,1471964442,1471964446,4
1,1471964448,1471964451,3
4,1471964452,1471964454,2
4,1471964454,1471964463,9
1,1471964462,1471964472,10
4,1471964463,1471964491,28
14,1471964469,1471964483,14
1,1471964475,1471964479,4
1,1471964487,1471964490,3
4,1471964492,1471964494,2
4,1471964494,1471964499,5
1,1471964496,1471964498,2
4,1471964499,1471964501,2
4,1471964501,1471964504,3
4,1471964504,1471964507,3
10,1471964507,1471964508,1
4,1471964509,1471964511,2
4,1471964511,1471964516,5
1,1471964513,1471964521,8
4,1471964516,1471964522,6
10,1471964518,1471964519,1
4,1471964523,1471964525,2
4,1471964526,1471964528,2
4,1471964530,1471964532,2
4,1471964532,1471964537,5
1,1471964534,1471964558,24
4,1471964537,1471964541,4
4,1471964543,1471964546,3
4,1471964546,1471964551,5
4,1471964560,1471964568,8
1,1471964565,1471964596,31
4,1471964568,1471964610,42
10,1471964577,1471964578,1
1,1471964604,1471964613,9
1,1471964618,1471964626,8
4,1471964627,1471964631,4
10,1471964629,1471964631,2
1,1471964632,1471964642,10
10,1471964633,1471964634,1
4,1471964634,1471964642,8
4,1471964644,1471964649,5
1,1471964646,1471964653,7
4,1471964651,1471964654,3
4,1471964654,1471964657,3
4,1471964657,1471964659,2
4,1471964659,1471964662,3
4,1471964662,1471964672,10
1,1471964664,1471964675,11
4,1471964673,1471964679,6
4,1471964679,1471964684,5
1,1471964679,1471964680,1
4,1471964684,1471964829,145
1,1471964694,1471964701,7
14,1471964699,1471964714,15
1,1471964818,1471964833,15
4,1471964830,1471964833,3
1,1471964840,1471964848,8
4,1471964849,1471964854,5
10,1471964852,1471964854,2
4,1471964854,1471964856,2
4,1471964858,1471964860,2
4,1471964860,1471964863,3
4,1471964863,1471964865,2
4,1471964865,1471964874,9
1,1471964868,1471964874,6
4,1471964876,1471964879,3
1,1471964877,1471964881,4
4,1471964882,1471964884,2
4,1471964884,1471964889,5
1,1471964887,1471964889,2
4,1471964890,1471964896,6
4,1471964897,1471964900,3
4,1471964900,1471964903,3
4,1471964903,1471964906,3
4,1471964906,1471964917,11
10,1471964909,1471964917,8
1,1471964911,1471964914,3
4,1471964917,1471964921,4
4,1471964925,1471964934,9
10,1471964927,1471964929,2
1,1471964928,1471964937,9
4,1471964938,1471964948,10
1,1471964946,1471964955,9
4,1471964953,1471964956,3
4,1471964958,1471964972,14
1,1471964960,1471964972,12
4,1471964974,1471964979,5
10,1471964976,1471964979,3
4,1471964979,1471964986,7
1,1471964987,1471964989,2
4,1471964990,1471964993,3
4,1471964993,1471964997,4
1,1471964996,1471964997,1
4,1471964997,1471965001,4
4,1471965001,1471965005,4
10,1471965004,1471965005,1
4,1471965005,1471965007,2
4,1471965007,1471965018,11
1,1471965015,1471965018,3
4,1471965018,1471965025,7
4,1471965027,1471965030,3
4,1471965030,1471965032,2
4,1471965033,1471965036,3
1,1471965034,1471965035,1
4,1471965037,1471965039,2
4,1471965039,1471965042,3
4,1471965042,1471965050,8
4,1471965050,1471965052,2
10,1471965050,1471965051,1
4,1471965052,1471965057,5
1,1471965054,1471965055,1
4,1471965057,1471965059,2
4,1471965059,1471965062,3
4,1471965062,1471965079,17
1,1471965068,1471965071,3
1,1471965075,1471965096,21
4,1471965090,1471965095,5
4,1471965103,1471965164,61
1,1471965106,1471965119,13
14,1471965115,1471965133,18
1,1471965130,1471965146,16
1,1471965153,1471965163,10
1,1471965170,1471965188,18
4,1471965173,1471965178,5
14,1471965186,1471965205,19
1,1471965192,1471965202,10
4,1471965198,1471965203,5
1,1471965212,1471965217,5
4,1471965212,1471965250,38
14,1471965217,1471965228,11
1,1471965220,1471965225,5
1,1471965232,1471965234,2
1,1471965239,1471965244,5
1,1471965249,1471965273,24
4,1471965250,1471965284,34
1,1471965278,1471965287,9
4,1471965284,1471965288,4
4,1471965288,1471965291,3
4,1471965292,1471965302,10
10,1471965293,1471965297,4
1,1471965293,1471965301,8
4,1471965302,1471965304,2
4,1471965305,1471965307,2
4,1471965309,1471965313,4
4,1471965314,1471965318,4
4,1471965318,1471965322,4
4,1471965322,1471965325,3
10,1471965323,1471965325,2
1,1471965333,1471965354,21
4,1471965355,1471965357,2
4,1471965358,1471965360,2
4,1471965360,1471965362,2
4,1471965364,1471965383,19
1,1471965365,1471965391,26
4,1471965390,1471965397,7
1,1471965398,1471965410,12
14,1471965404,1471965424,20
1,1471965415,1471965444,29
4,1471965433,1471965436,3
4,1471965436,1471965443,7
4,1471965445,1471965448,3
4,1471965448,1471965450,2
10,1471965448,1471965450,2
4,1471965451,1471965454,3
4,1471965454,1471965458,4
1,1471965456,1471965458,2
4,1471965458,1471965461,3
4,1471965461,1471965464,3
4,1471965464,1471965473,9
1,1471965468,1471965472,4
4,1471965473,1471965476,3
4,1471965476,1471965479,3
10,1471965476,1471965478,2
4,1471965479,1471965482,3
10,1471965481,1471965482,1
4,1471965482,1471965484,2
4,1471965485,1471965487,2
4,1471965488,1471965491,3
4,1471965494,1471965499,5
1,1471965496,1471965502,6
4,1471965499,1471965502,3
4,1471965502,1471965514,12
1,1471965505,1471965513,8
10,1471965505,1471965511,6
4,1471965515,1471965517,2
4,1471965517,1471965522,5
4,1471965522,1471965528,6
1,1471965524,1471965547,23
4,1471965536,1471965541,5
4,1471965546,1471965556,10
10,1471965552,1471965554,2
4,1471965556,1471965558,2
4,1471965558,1471965563,5
10,1471965560,1471965561,1
1,1471965570,1471965605,35
14,1471965576,1471965591,15
4,1471965582,1471965585,3
4,1471965591,1471965595,4
4,1471965595,1471965599,4
4,1471965604,1471965659,55
1,1471965611,1471965618,7
1,1471965623,1471965632,9
14,1471965632,1471965645,13
1,1471965645,1471965647,2
1,1471965654,1471965658,4
4,1471965659,1471965688,29
1,1471965667,1471965672,5
14,1471965671,1471965684,13
1,1471965682,1471965687,5
4,1471965689,1471965691,2
4,1471965691,1471965694,3
4,1471965694,1471965696,2
4,1471965697,1471965699,2
4,1471965699,1471965701,2
1,1471965703,1471965713,10
4,1471965708,1471965710,2
4,1471965710,1471965713,3
4,1471965714,1471965716,2
4,1471965716,1471965718,2
4,1471965719,1471965722,3
1,1471965720,1471965723,3
4,1471965724,1471965738,14
1,1471965726,1471965735,9
4,1471965738,1471965741,3
10,1471965738,1471965739,1
4,1471965741,1471965746,5
1,1471965743,1471965744,1
4,1471965748,1471965763,15
10,1471965750,1471965755,5
4,1471965767,1471965770,3
4,1471965770,1471965781,11
1,1471965777,1471965781,4
4,1471965782,1471965785,3
4,1471965785,1471965790,5
1,1471965787,1471965795,8
4,1471965793,1471965797,4
4,1471965797,1471965799,2
4,1471965799,1471965802,3
4,1471965802,1471965805,3
4,1471965805,1471965808,3
10,1471965806,1471965807,1
4,1471965808,1471965811,3
4,1471965811,1471965814,3
1,1471965815,1471965822,7
4,1471965819,1471965822,3
4,1471965822,1471965826,4
4,1471965826,1471965828,2
4,1471965828,1471965835,7
1,1471965830,1471965857,27
4,1471965836,1471965840,4
4,1471965840,1471965845,5
4,1471965848,1471965852,4
4,1471965855,1471965863,8
1,1471965861,1471965879,18
4,1471965863,1471965866,3
4,1471965866,1471965872,6
4,1471965873,1471965876,3
4,1471965877,1471965879,2
4,1471965880,1471965885,5
1,1471965882,1471965891,9
4,1471965895,1471965898,3
1,1471965896,1471965898,2
4,1471965899,1471965901,2
10,1471965900,1471965901,1
1,1471965902,1471965906,4
4,1471965903,1471965906,3
1,1471965912,1471965938,26
4,1471965912,1471965952,40
14,1471965918,1471965935,17
1,1471965941,1471965951,10
4,1471965954,1471965958,4
4,1471965960,1471966005,45
1,1471965967,1471965975,8
14,1471965975,1471965987,12
1,1471965989,1471966004,15
4,1471966005,1471966014,9
4,1471966014,1471966017,3
4,1471966018,1471966021,3
4,1471966021,1471966023,2
10,1471966022,1471966023,1
4,1471966025,1471966031,6
1,1471966029,1471966030,1
4,1471966038,1471966061,23
1,1471966041,1471966044,3
1,1471966051,1471966060,9
1,1471966063,1471966068,5
14,1471966068,1471966083,15
1,1471966086,1471966087,1
1,1471966091,1471966095,4
4,1471966097,1471966100,3
4,1471966100,1471966108,8
1,1471966102,1471966109,7
4,1471966110,1471966112,2
4,1471966114,1471966121,7
10,1471966125,1471966138,13
4,1471966138,1471966147,9
10,1471966138,1471966143,5
1,1471966144,1471966145,1
4,1471966147,1471966150,3
1,1471966151,1471966155,4
4,1471966155,1471966164,9
10,1471966165,1471966166,1
1,1471966169,1471966170,1
4,1471966172,1471966185,13
1,1471966176,1471966183,7
10,1471966177,1471966185,8
4,1471966186,1471966189,3
4,1471966190,1471966196,6
4,1471966196,1471966198,2
1,1471966198,1471966205,7
4,1471966201,1471966206,5
4,1471966206,1471966210,4
6,1471966487,1471966488,1
1,1471966513,1471966515,2
1,1471966525,1471966528,3
1,1471966543,1471966546,3
1,1471966555,1471966558,3
4,1471966555,1471966560,5
4,1471966560,1471966565,5
1,1471966563,1471966568,5
14,1471966568,1471966580,12
1,1471966580,1471966583,3
4,1471966588,1471966611,23
1,1471966590,1471966594,4
1,1471966598,1471966601,3
1,1471966606,1471966627,21
4,1471966611,1471966654,43
1,1471966632,1471966636,4
1,1471966641,1471966656,15
4,1471966657,1471966666,9
1,1471966660,1471966671,11
4,1471966672,1471966682,10
1,1471966675,1471966691,16
4,1471966684,1471966687,3
4,1471966687,1471966695,8
4,1471966696,1471966698,2
4,1471966698,1471966701,3
4,1471966701,1471966705,4
10,1471966703,1471966705,2
4,1471966706,1471966711,5
1,1471966707,1471966718,11
4,1471966718,1471966725,7
4,1471966725,1471966733,8
1,1471966730,1471966732,2
4,1471966733,1471966735,2
4,1471966736,1471966738,2
4,1471966738,1471966742,4
1,1471966740,1471966742,2
4,1471966747,1471966750,3
4,1471966750,1471966754,4
1,1471966753,1471966756,3
4,1471966754,1471966757,3
4,1471966758,1471966760,2
1,1471966759,1471966774,15
4,1471966761,1471966766,5
4,1471966766,1471966768,2
4,1471966769,1471966771,2
4,1471966772,1471966784,12
1,1471966778,1471966781,3
4,1471966784,1471966786,2
4,1471966786,1471966788,2
4,1471966788,1471966797,9
10,1471966789,1471966795,6
1,1471966794,1471966796,2
1,1471966802,1471966809,7
14,1471966809,1471966821,12
1,1471966821,1471966826,5
1,1471966832,1471966838,6
4,1471966836,1471966838,2
4,1471966838,1471966942,104
1,1471966844,1471966849,5
14,1471966849,1471966857,8
1,1471966859,1471966863,4
1,1471966867,1471966881,14
1,1471966899,1471966906,7
1,1471966914,1471966935,21
4,1471966942,1471966946,4
1,1471966943,1471966946,3
4,1471966947,1471966953,6
1,1471966949,1471966953,4
4,1471966954,1471966956,2
4,1471966956,1471966962,6
10,1471966958,1471966959,1
1,1471966958,1471966960,2
4,1471966962,1471966967,5
1,1471966963,1471966974,11
4,1471966969,1471967019,50
1,1471966977,1471966982,5
4,1471967020,1471967026,6
1,1471967023,1471967040,17
4,1471967027,1471967030,3
4,1471967030,1471967032,2
4,1471967032,1471967045,13
1,1471967043,1471967045,2
4,1471967046,1471967050,4
10,1471967046,1471967048,2
1,1471967048,1471967056,8
4,1471967050,1471967056,6
4,1471967057,1471967059,2
4,1471967059,1471967085,26
1,1471967075,1471967086,11
4,1471967085,1471967087,2
4,1471967087,1471967095,8
10,1471967088,1471967091,3
10,1471967091,1471967095,4
10,1471967095,1471967097,2
1,1471967097,1471967108,11
4,1471967106,1471967114,8
1,1471967112,1471967113,1
4,1471967114,1471967117,3
10,1471967115,1471967117,2
4,1471967117,1471967119,2
4,1471967119,1471967128,9
1,1471967122,1471967129,7
4,1471967130,1471967132,2
4,1471967132,1471967137,5
1,1471967134,1471967136,2
4,1471967137,1471967143,6
1,1471967140,1471967160,20
4,1471967143,1471967152,9
1,1471967166,1471967169,3
1,1471967189,1471967208,19
1,1471967214,1471967218,4
4,1471967219,1471967225,6
10,1471967221,1471967223,2
1,1471967222,1471967224,2
4,1471967225,1471967227,2
1,1471967228,1471967245,17
4,1471967231,1471967234,3
4,1471967235,1471967240,5
4,1471967241,1471967245,4
4,1471967246,1471967249,3
4,1471967249,1471967254,5
1,1471967252,1471967256,4
1,1471967262,1471967263,1
4,1471967264,1471967289,25
1,1471967270,1471967272,2
1,1471967277,1471967283,6
4,1471967289,1471967296,7
4,1471967296,1471967303,7
1,1471967302,1471967309,7
4,1471967303,1471967358,55
1,1471967316,1471967319,3
1,1471967323,1471967338,15
14,1471967332,1471967346,14
1,1471967347,1471967354,7
1,1471967361,1471967371,10
1,1471967376,1471967377,1
4,1471967381,1471967384,3
4,1471967384,1471967386,2
4,1471967386,1471967390,4
10,1471967388,1471967390,2
4,1471967390,1471967392,2
4,1471967394,1471967398,4
4,1471967400,1471967402,2
4,1471967402,1471967422,20
1,1471967403,1471967421,18
4,1471967422,1471967425,3
4,1471967425,1471967427,2
4,1471967427,1471967429,2
4,1471967429,1471967433,4
4,1471967433,1471967435,2
4,1471967435,1471967438,3
4,1471967438,1471967440,2
4,1471967440,1471967443,3
1,1471967441,1471967442,1
4,1471967443,1471967467,24
1,1471967453,1471967456,3
1,1471967459,1471967471,12
4,1471967470,1471967472,2
4,1471967472,1471967480,8
1,1471967479,1471967484,5
4,1471967480,1471967499,19
14,1471967484,1471967491,7
1,1471967493,1471967496,3
1,1471967499,1471967510,11
4,1471967499,1471967557,58
1,1471967513,1471967518,5
1,1471967525,1471967526,1
1,1471967540,1471967548,8
1,1471967554,1471967556,2
4,1471967558,1471967685,127
1,1471967562,1471967566,4
1,1471967569,1471967578,9
14,1471967575,1471967587,12
1,1471967588,1471967589,1
1,1471967592,1471967609,17
1,1471967672,1471967674,2
1,1471967677,1471967683,6
4,1471967690,1471967692,2
4,1471967692,1471967704,12
1,1471967695,1471967700,5
4,1471967705,1471967714,9
1,1471967710,1471967713,3
4,1471967714,1471967718,4
4,1471967718,1471967863,145
1,1471967718,1471967720,2
1,1471967742,1471967751,9
1,1471967790,1471967799,9
1,1471967844,1471967846,2
1,1471967859,1471967877,18
4,1471967863,1471967870,7
4,1471967870,1471967877,7
4,1471967878,1471967880,2
1,1471967885,1471967889,4
1,1471967899,1471967901,2
1,1471967906,1471967908,2
1,1471967957,1471967959,2
1,1471967965,1471967968,3
4,1471967969,1471968239,270
1,1471967974,1471967979,5
1,1471968032,1471968036,4
1,1471968236,1471968239,3
4,1471968240,1471968242,2
4,1471968242,1471968245,3
4,1471968245,1471968248,3
4,1471968248,1471968252,4
1,1471968281,1471968290,9
4,1471968291,1471968344,53
1,1471968293,1471968301,8
1,1471968319,1471968323,4
1,1471968327,1471968343,16
4,1471968345,1471968349,4
1,1471968347,1471968348,1
4,1471968349,1471968352,3
4,1471968352,1471968369,17
10,1471968353,1471968366,13
10,1471968367,1471968369,2
4,1471968370,1471968373,3
4,1471968373,1471968375,2
4,1471968375,1471968379,4
10,1471968380,1471968382,2
4,1471968382,1471968411,29
1,1471968384,1471968409,25
11,1471968412,1471968433,21
4,1471968413,1471968417,4
4,1471968418,1471968421,3
4,1471968432,1471968464,32
11,1471968433,1471968457,24
1,1471968439,1471968442,3
11,1471968457,1471968463,6
11,1471968463,1471968777,314
1,1471968464,1471968496,32
1,1471968500,1471968546,46
1,1471968551,1471968553,2
1,1471968568,1471968592,24
1,1471968610,1471968613,3
1,1471968619,1471968632,13
4,1471968633,1471968777,144
1,1471968643,1471968647,4
1,1471968651,1471968655,4
1,1471968659,1471968668,9
1,1471968770,1471968778,8
5,1471968774,1471968778,4
8,1471968778,1471968822,44
4,1471968782,1471968787,5
1,1471968786,1471968789,3
4,1471968787,1471968790,3
4,1471968796,1471968804,8
4,1471968805,1471968807,2
4,1471968807,1471968810,3
4,1471968812,1471968815,3
4,1471968816,1471968822,6
4,1471968822,1471968836,14
4,1471968909,1471968914,5
11,1471968914,1471968923,9
4,1471968920,1471968924,4
11,1471968923,1471970257,1334
4,1471968926,1471970258,1332
1,1471969065,1471969079,14
1,1471969103,1471969117,14
1,1471970245,1471970261,16
5,1471970256,1471970257,1
1,1471970265,1471970268,3
1,1471970277,1471970280,3
1,1471970283,1471970287,4
1,1471970290,1471970317,27
4,1471970314,1471970317,3
4,1471970323,1471970413,90
5,1471970325,1471970327,2
1,1471970340,1471970365,25
1,1471970368,1471970378,10
1,1471970397,1471970412,15
4,1471970414,1471970416,2
4,1471970417,1471970421,4
4,1471970422,1471970424,2
4,1471970424,1471970426,2
4,1471970426,1471970429,3
4,1471970431,1471970433,2
4,1471970435,1471970439,4
10,1471970437,1471970438,1
4,1471970439,1471970442,3
4,1471970442,1471970458,16
1,1471970450,1471970460,10
4,1471970460,1471970462,2
4,1471970462,1471970465,3
4,1471970465,1471970468,3
10,1471970466,1471970467,1
4,1471970468,1471970470,2
1,1471970469,1471970470,1
4,1471970470,1471970473,3
1,1471970474,1471970478,4
4,1471970479,1471970482,3
4,1471970483,1471970486,3
4,1471970486,1471970488,2
1,1471970493,1471970498,5
4,1471970495,1471970499,4
4,1471970499,1471970504,5
10,1471970500,1471970501,1
1,1471970502,1471970510,8
4,1471970504,1471970790,286
10,1471970505,1471970507,2
14,1471970509,1471970524,15
1,1471970522,1471970525,3
1,1471970530,1471970532,2
1,1471970535,1471970550,15
1,1471970681,1471970686,5
1,1471970704,1471970706,2
1,1471970719,1471970721,2
1,1471970750,1471970774,24
1,1471970779,1471970789,10
1,1471970800,1471970817,17
4,1471970802,1471970810,8
1,1471970824,1471970827,3
1,1471970840,1471970842,2
1,1471970853,1471970860,7
1,1471970874,1471970883,9
1,1471970888,1471970891,3
1,1471970897,1471970917,20
1,1471970921,1471970925,4
1,1471970928,1471970934,6
1,1471971038,1471971039,1
1,1471971044,1471971053,9
1,1471971082,1471971096,14
1,1471971128,1471971133,5
1,1471971153,1471971181,28
4,1471971182,1471971185,3
4,1471971185,1471971187,2
4,1471971187,1471971196,9
4,1471971196,1471971213,17
4,1471971213,1471971215,2
4,1471971215,1471971218,3
4,1471971218,1471971223,5
4,1471971232,1471971235,3
4,1471971235,1471971239,4
4,1471971243,1471971245,2
4,1471971246,1471971250,4
10,1471971248,1471971249,1
4,1471971250,1471971258,8
1,1471971256,1471971258,2
4,1471971259,1471971261,2
4,1471971261,1471971264,3
4,1471971264,1471971267,3
4,1471971267,1471971269,2
4,1471971269,1471971271,2
1,1471971299,1471971301,2
4,1471971304,1471971306,2
4,1471971306,1471971308,2
4,1471971308,1471971310,2
4,1471971311,1471971313,2
10,1471971312,1471971313,1
4,1471971313,1471971316,3
10,1471971315,1471971316,1
4,1471971316,1471971322,6
1,1471971319,1471971321,2
4,1471971322,1471971324,2
10,1471971325,1471971327,2
4,1471971332,1471971335,3
10,1471971333,1471971335,2
4,1471971336,1471971338,2
10,1471971338,1471971342,4
4,1471971342,1471971344,2
10,1471971343,1471971344,1
4,1471971344,1471971346,2
4,1471971347,1471971349,2
4,1471971352,1471971354,2
4,1471971354,1471971356,2
4,1471971356,1471971359,3
4,1471971360,1471971363,3
1,1471971361,1471971363,2
4,1471971365,1471971373,8
4,1471971374,1471971379,5
10,1471971377,1471971379,2
4,1471971379,1471971381,2
4,1471971381,1471971383,2
4,1471971384,1471971394,10
1,1471971392,1471971393,1
4,1471971394,1471971397,3
4,1471971397,1471971399,2
1,1471971398,1471971399,1
4,1471971401,1471971408,7
4,1471971414,1471971416,2
4,1471971418,1471971426,8
1,1471971426,1471971432,6
4,1471971426,1471971458,32
1,1471971435,1471971457,22
4,1471971458,1471971460,2
4,1471971460,1471971462,2
4,1471971464,1471971466,2
1,1471971468,1471971470,2
4,1471971470,1471971483,13
10,1471971472,1471971473,1
1,1471971474,1471971476,2
10,1471971480,1471971483,3
4,1471971483,1471971505,22
1,1471971490,1471971523,33
4,1471971516,1471971526,10
1,1471971527,1471971530,3
4,1471971531,1471971535,4
1,1471971533,1471971536,3
4,1471971535,1471971538,3
10,1471971537,1471971539,2
4,1471971538,1471971543,5
1,1471971541,1471971542,1
1,1471971546,1471971549,3
4,1471971548,1471971550,2
1,1471971561,1471971563,2
4,1471971564,1471971566,2
4,1471971566,1471971568,2
4,1471971569,1471971575,6
10,1471971569,1471971571,2
4,1471971576,1471971578,2
4,1471971578,1471971580,2
4,1471971581,1471971585,4
4,1471971589,1471971592,3
4,1471971593,1471971595,2
4,1471971595,1471971598,3
4,1471971598,1471971601,3
4,1471971601,1471971603,2
4,1471971603,1471971606,3
10,1471971604,1471971606,2
4,1471971606,1471971609,3
4,1471971609,1471971614,5
4,1471971616,1471971620,4
10,1471971618,1471971619,1
4,1471971621,1471971624,3
10,1471971623,1471971624,1
4,1471971624,1471971628,4
10,1471971625,1471971626,1
10,1471971629,1471971630,1
4,1471971630,1471971633,3
4,1471971633,1471971637,4
4,1471971637,1471971642,5
1,1471971639,1471971641,2
4,1471971642,1471971645,3
4,1471971646,1471971651,5
10,1471971647,1471971649,2
1,1471971648,1471971650,2
4,1471971651,1471971654,3
10,1471971653,1471971655,2
1,1471971656,1471971660,4
4,1471971659,1471971662,3
10,1471971662,1471971664,2
4,1471971664,1471971669,5
1,1471971667,1471971668,1
4,1471971669,1471971673,4
4,1471971673,1471971675,2
4,1471971678,1471971680,2
4,1471971681,1471971685,4
4,1471971686,1471971688,2
4,1471971688,1471971693,5
10,1471971690,1471971693,3
10,1471971693,1471971694,1
4,1471971694,1471971698,4
10,1471971696,1471971698,2
4,1471971698,1471971702,4
4,1471971702,1471971705,3
10,1471971704,1471971705,1
4,1471971705,1471971708,3
4,1471971708,1471971711,3
4,1471971711,1471971717,6
1,1471971713,1471971715,2
4,1471971717,1471971721,4
10,1471971718,1471971721,3
4,1471971721,1471971726,5
4,1471971726,1471971728,2
1,1471971729,1471971736,7
4,1471971737,1471971741,4
4,1471971747,1471971759,12
1,1471971754,1471971758,4
4,1471971759,1471971761,2
10,1471971761,1471971762,1
4,1471971762,1471971764,2
4,1471971764,1471971770,6
4,1471971771,1471971831,60
1,1471971771,1471971772,1
1,1471971778,1471971779,1
1,1471971826,1471971828,2
4,1471971831,1471971834,3
10,1471971832,1471971834,2
4,1471971834,1471971872,38
10,1471971835,1471971838,3
1,1471971841,1471971871,30
4,1471971872,1471971874,2
10,1471971873,1471971875,2
10,1471971875,1471971878,3
4,1471971878,1471971881,3
10,1471971879,1471971881,2
4,1471971881,1471971891,10
1,1471971885,1471971890,5
4,1471971891,1471971893,2
4,1471971893,1471971899,6
10,1471971895,1471971899,4
4,1471971899,1471971904,5
4,1471971905,1471971907,2
4,1471971907,1471971910,3
4,1471971910,1471971914,4
4,1471971914,1471971917,3
10,1471971916,1471971917,1
10,1471971917,1471971918,1
4,1471971918,1471971922,4
4,1471971922,1471971924,2
4,1471971924,1471971927,3
4,1471971928,1471971937,9
10,1471971929,1471971935,6
1,1471971934,1471971935,1
4,1471971937,1471971939,2
4,1471971939,1471971944,5
4,1471971944,1471971952,8
1,1471971946,1471971954,8
4,1471971955,1471971965,10
10,1471971956,1471971966,10
1,1471971964,1471971969,5
4,1471971965,1471971979,14
1,1471971976,1471971978,2
4,1471971979,1471972018,39
5,1471971982,1471971983,1
1,1471971983,1471971985,2
1,1471972007,1471972013,6
4,1471972018,1471972023,5
4,1471972023,1471972025,2
1,1471972024,1471972032,8
4,1471972026,1471972033,7
4,1471972036,1471972040,4
4,1471972040,1471972044,4
4,1471972044,1471972047,3
4,1471972048,1471972050,2
4,1471972050,1471972055,5
4,1471972055,1471972059,4
4,1471972059,1471972062,3
10,1471972061,1471972062,1
4,1471972062,1471972065,3
4,1471972065,1471972071,6
10,1471972067,1471972070,3
1,1471972069,1471972070,1
4,1471972071,1471972075,4
4,1471972075,1471972078,3
10,1471972077,1471972078,1
4,1471972078,1471972086,8
1,1471972081,1471972102,21
4,1471972086,1471972088,2
4,1471972094,1471972099,5
4,1471972103,1471972106,3
4,1471972106,1471972109,3
4,1471972109,1471972123,14
1,1471972117,1471972127,10
4,1471972125,1471972129,4
1,1471972133,1471972138,5
4,1471972136,1471972140,4
10,1471972139,1471972140,1
4,1471972140,1471972156,16
1,1471972148,1471972155,7
4,1471972156,1471972164,8
10,1471972159,1471972164,5
4,1471972165,1471972172,7
4,1471972172,1471972177,5
10,1471972174,1471972176,2
1,1471972177,1471972180,3
4,1471972179,1471972181,2
4,1471972181,1471972186,5
4,1471972186,1471972189,3
4,1471972189,1471972194,5
1,1471972190,1471972193,3
4,1471972194,1471972197,3
4,1471972197,1471972200,3
4,1471972201,1471972203,2
10,1471972202,1471972203,1
4,1471972203,1471972206,3
10,1471972204,1471972206,2
4,1471972208,1471972211,3
4,1471972212,1471972214,2
10,1471972213,1471972214,1
4,1471972214,1471972216,2
4,1471972220,1471972222,2
4,1471972222,1471972225,3
10,1471972224,1471972225,1
4,1471972226,1471972229,3
4,1471972229,1471972231,2
10,1471972230,1471972231,1
4,1471972231,1471972233,2
10,1471972234,1471972236,2
4,1471972236,1471972239,3
4,1471972239,1471972241,2
10,1471972240,1471972241,1
4,1471972241,1471972245,4
1,1471972243,1471972245,2
10,1471972246,1471972249,3
4,1471972249,1471972252,3
4,1471972252,1471972257,5
10,1471972254,1471972257,3
4,1471972260,1471972263,3
4,1471972264,1471972266,2
4,1471972266,1471972276,10
10,1471972267,1471972276,9
4,1471972280,1471972282,2
4,1471972282,1471972284,2
4,1471972284,1471972287,3
1,1471972285,1471972293,8
4,1471972287,1471972290,3
4,1471972291,1471972294,3
4,1471972294,1471972303,9
10,1471972296,1471972303,7
1,1471972299,1471972307,8
4,1471972303,1471972308,5
4,1471972308,1471972315,7
10,1471972310,1471972315,5
4,1471972316,1471972321,5
1,1471972319,1471972320,1
4,1471972322,1471972324,2
4,1471972324,1471972326,2
1,1471972325,1471972330,5
4,1471972327,1471972330,3
4,1471972331,1471972336,5
10,1471972333,1471972336,3
1,1471972334,1471972336,2
4,1471972337,1471972339,2
4,1471972339,1471972341,2
4,1471972341,1471972345,4
10,1471972342,1471972344,2
10,1471972344,1471972345,1
10,1471972345,1471972347,2
4,1471972346,1471972359,13
10,1471972347,1471972348,1
10,1471972348,1471972359,11
1,1471972349,1471972354,5
1,1471972359,1471972381,22
4,1471972362,1471972365,3
4,1471972366,1471972369,3
4,1471972370,1471972372,2
10,1471972370,1471972372,2
4,1471972372,1471972383,11
10,1471972373,1471972374,1
4,1471972384,1471972386,2
4,1471972386,1471972388,2
1,1471972391,1471972398,7
4,1471972399,1471972402,3
10,1471972402,1471972404,2
4,1471972403,1471972407,4
10,1471972405,1471972407,2
4,1471972408,1471972410,2
1,1471972410,1471972413,3
4,1471972412,1471972414,2
4,1471972414,1471972417,3
4,1471972418,1471972420,2
4,1471972420,1471972424,4
4,1471972424,1471972439,15
1,1471972435,1471972436,1
10,1471972440,1471972446,6
1,1471972442,1471972452,10
4,1471972446,1471972453,7
4,1471972453,1471972462,9
1,1471972455,1471972461,6
4,1471972462,1471972484,22
10,1471972464,1471972465,1
1,1471972468,1471972496,28
4,1471972484,1471972492,8
4,1471972494,1471972498,4
1,1471972506,1471972511,5
4,1471972509,1471972514,5
4,1471972517,1471972521,4
1,1471972519,1471972521,2
4,1471972522,1471972528,6
1,1471972524,1471972533,9
4,1471972529,1471972532,3
4,1471972532,1471972534,2
4,1471972535,1471972538,3
10,1471972536,1471972538,2
4,1471972538,1471972541,3
4,1471972542,1471972544,2
4,1471972544,1471972546,2
4,1471972546,1471972549,3
10,1471972549,1471972550,1
4,1471972550,1471972557,7
1,1471972552,1471972560,8
4,1471972560,1471972568,8
1,1471972598,1471972600,2
1,1471972631,1471972653,22
4,1471972643,1471972646,3
4,1471972646,1471972650,4
4,1471972650,1471972653,3
4,1471972653,1471972661,8
4,1471972661,1471972700,39
1,1471972661,1471972666,5
1,1471972670,1471972677,7
14,1471972676,1471972687,11
1,1471972688,1471972707,19
4,1471972701,1471972703,2
4,1471972704,1471972707,3
4,1471972707,1471972753,46
1,1471972710,1471972713,3
14,1471972713,1471972724,11
1,1471972734,1471972755,21
4,1471972753,1471972757,4
4,1471972757,1471972759,2
4,1471972759,1471972778,19
1,1471972767,1471972769,2
1,1471972775,1471972777,2
4,1471972782,1471972793,11
1,1471972787,1471972792,5
4,1471972795,1471972797,2
4,1471972797,1471972824,27
10,1471972800,1471972807,7
4,1471972825,1471972828,3
1,1471972827,1471972828,1
4,1471972829,1471972831,2
4,1471972831,1471972836,5
4,1471972838,1471972841,3
4,1471972841,1471972843,2
4,1471972843,1471972848,5
4,1471972850,1471972852,2
1,1471972851,1471972868,17
10,1471972851,1471972852,1
4,1471972853,1471972858,5
4,1471972859,1471972863,4
4,1471972863,1471972868,5
4,1471972870,1471972873,3
10,1471972871,1471972873,2
4,1471972873,1471972875,2
10,1471972876,1471972878,2
4,1471972878,1471972882,4
10,1471972880,1471972882,2
4,1471972883,1471972885,2
4,1471972885,1471972888,3
4,1471972888,1471972890,2
4,1471972890,1471972893,3
1,1471972898,1471972909,11
4,1471972900,1471972926,26
14,1471972907,1471972918,11
1,1471972915,1471972920,5
4,1471972926,1471972930,4
1,1471972928,1471972929,1
10,1471972931,1471972938,7
4,1471972938,1471972944,6
4,1471972944,1471972950,6
1,1471972945,1471972948,3
4,1471972950,1471972952,2
4,1471972952,1471972970,18
1,1471972954,1471972961,7
14,1471972959,1471972998,39
11,1471972968,1471972979,11
4,1471972973,1471972975,2
1,1471972973,1471972975,2
4,1471972976,1471972979,3
11,1471972979,1471972990,11
1,1471972979,1471972990,11
11,1471972990,1471972998,8
1,1471972993,1471972995,2
5,1471972995,1471972998,3
1,1471972999,1471973008,9
4,1471972999,1471973002,3
4,1471973005,1471973008,3
4,1471973009,1471973014,5
1,1471973011,1471973018,7
4,1471973014,1471973019,5
4,1471973020,1471973025,5
1,1471973023,1471973024,1
4,1471973025,1471973029,4
10,1471973027,1471973029,2
4,1471973035,1471973082,47
1,1471973037,1471973040,3
14,1471973039,1471973051,12
1,1471973064,1471973068,4
14,1471973068,1471973072,4
1,1471973072,1471973074,2
1,1471973078,1471973081,3
1,1471973085,1471973091,6
14,1471973090,1471973100,10
1,1471973102,1471973103,1
1,1471973107,1471973114,7
4,1471973108,1471973254,146
1,1471973123,1471973138,15
1,1471973233,1471973253,20
4,1471973254,1471973266,12
10,1471973255,1471973257,2
1,1471973258,1471973265,7
4,1471973267,1471973269,2
4,1471973269,1471973274,5
4,1471973274,1471973277,3
4,1471973278,1471973281,3
4,1471973281,1471973283,2
4,1471973283,1471973287,4
4,1471973288,1471973290,2
4,1471973290,1471973293,3
4,1471973293,1471973296,3
4,1471973297,1471973304,7
4,1471973304,1471973306,2
4,1471973307,1471973309,2
4,1471973311,1471973314,3
4,1471973314,1471973318,4
1,1471973315,1471973317,2
4,1471973318,1471973320,2
4,1471973321,1471973380,59
1,1471973327,1471973351,24
1,1471973354,1471973369,15
14,1471973368,1471973409,41
11,1471973378,1471973388,10
4,1471973381,1471973383,2
4,1471973383,1471973385,2
4,1471973386,1471973389,3
11,1471973388,1471973409,21
1,1471973406,1471973414,8
5,1471973406,1471973409,3
4,1471973409,1471973549,140
14,1471973414,1471973419,5
1,1471973418,1471973422,4
1,1471973446,1471973448,2
14,1471973448,1471973452,4
1,1471973452,1471973454,2
14,1471973454,1471973458,4
1,1471973459,1471973462,3
1,1471973534,1471973536,2
1,1471973539,1471973544,5
4,1471973550,1471973554,4
11,1471973551,1471973566,15
4,1471973555,1471973566,11
1,1471973577,1471973579,2
4,1471973580,1471973583,3
4,1471973586,1471973589,3
4,1471973589,1471973591,2
4,1471973592,1471973594,2
4,1471973594,1471973598,4
4,1471973601,1471973619,18
1,1471973604,1471973612,8
11,1471973620,1471973626,6
4,1471973624,1471973626,2
11,1471973626,1471973759,133
1,1471973629,1471973636,7
1,1471973642,1471973648,6
1,1471973661,1471973665,4
1,1471973673,1471973674,1
1,1471973681,1471973698,17
1,1471973701,1471973704,3
1,1471973710,1471973742,32
1,1471973746,1471973759,13
5,1471973756,1471973759,3
4,1471973759,1471973761,2
4,1471973761,1471973766,5
10,1471973764,1471973765,1
4,1471973766,1471973768,2
4,1471973771,1471973773,2
4,1471973773,1471973775,2
4,1471973775,1471973778,3
4,1471973778,1471973780,2
4,1471973780,1471973783,3
1,1471973782,1471973783,1
4,1471973784,1471973786,2
4,1471973786,1471973803,17
4,1471973803,1471973805,2
4,1471973805,1471973809,4
4,1471973809,1471973815,6
10,1471973810,1471973812,2
10,1471973813,1471973815,2
4,1471973815,1471973820,5
1,1471973818,1471973819,1
4,1471973820,1471973823,3
4,1471973823,1471973825,2
4,1471973827,1471973833,6
10,1471973832,1471973833,1
4,1471973833,1471973835,2
4,1471973835,1471973837,2
4,1471973837,1471973840,3
4,1471973840,1471973850,10
10,1471973841,1471973843,2
1,1471973842,1471973844,2
1,1471973848,1471973849,1
4,1471973852,1471973855,3
4,1471973855,1471973857,2
4,1471973859,1471973862,3
4,1471973863,1471973867,4
10,1471973865,1471973866,1
4,1471973867,1471973872,5
1,1471973869,1471973874,5
4,1471973875,1471973877,2
4,1471973880,1471973885,5
1,1471973882,1471973884,2
4,1471973885,1471973889,4
4,1471973889,1471973894,5
1,1471973890,1471973900,10
4,1471973894,1471973904,10
4,1471973906,1471973908,2
4,1471973908,1471973912,4
4,1471973912,1471973914,2
1,1471973912,1471973914,2
4,1471973916,1471973929,13
1,1471973918,1471973929,11
4,1471973930,1471973932,2
4,1471973933,1471973936,3
4,1471973936,1471973945,9
1,1471973940,1471973946,6
4,1471973947,1471973950,3
4,1471973950,1471973952,2
4,1471973954,1471973961,7
1,1471973956,1471973960,4
4,1471973962,1471973964,2
4,1471973965,1471973967,2
4,1471973967,1471973971,4
4,1471973971,1471973975,4
1,1471973975,1471973976,1
4,1471973977,1471973979,2
4,1471973979,1471973982,3
4,1471973982,1471973986,4
4,1471973987,1471973995,8
10,1471973988,1471973991,3
10,1471973992,1471973995,3
4,1471973995,1471973998,3
4,1471973998,1471974008,10
10,1471974000,1471974001,1
1,1471974001,1471974003,2
1,1471974008,1471974015,7
4,1471974016,1471974018,2
4,1471974018,1471974020,2
10,1471974019,1471974020,1
4,1471974020,1471974022,2
4,1471974023,1471974025,2
4,1471974027,1471974029,2
4,1471974030,1471974040,10
1,1471974033,1471974039,6
4,1471974041,1471974043,2
4,1471974043,1471974109,66
1,1471974047,1471974056,9
1,1471974060,1471974062,2
1,1471974067,1471974075,8
14,1471974070,1471974082,12
1,1471974080,1471974086,6
1,1471974094,1471974103,9
14,1471974103,1471974241,138
11,1471974105,1471974116,11
1,1471974108,1471974110,2
4,1471974109,1471974112,3
4,1471974112,1471974114,2
11,1471974116,1471974120,4
1,1471974118,1471974151,33
11,1471974121,1471974124,3
11,1471974124,1471974127,3
11,1471974128,1471974136,8
11,1471974136,1471974139,3
4,1471974137,1471974242,105
11,1471974139,1471974146,7
11,1471974147,1471974149,2
11,1471974149,1471974151,2
11,1471974151,1471974164,13
1,1471974161,1471974165,4
11,1471974165,1471974176,11
1,1471974170,1471974181,11
11,1471974176,1471974179,3
11,1471974179,1471974241,62
1,1471974190,1471974204,14
1,1471974216,1471974218,2
1,1471974230,1471974239,9
5,1471974239,1471974241,2
1,1471974242,1471974248,6
14,1471974248,1471974277,29
11,1471974250,1471974262,12
4,1471974254,1471974256,2
4,1471974257,1471974259,2
11,1471974262,1471974276,14
1,1471974264,1471974269,5
1,1471974272,1471974274,2
5,1471974274,1471974277,3
1,1471974277,1471974284,7
4,1471974277,1471974288,11
1,1471974288,1471974292,4
4,1471974302,1471974337,35
1,1471974304,1471974305,1
1,1471974333,1471974336,3
4,1471974338,1471974362,24
1,1471974339,1471974343,4
14,1471974343,1471974356,13
1,1471974358,1471974362,4
4,1471974363,1471974376,13
1,1471974365,1471974387,22
14,1471974386,1471974398,12
1,1471974393,1471974396,3
1,1471974399,1471974401,2
1,1471974407,1471974419,12
4,1471974412,1471974420,8
1,1471974422,1471974429,7
4,1471974430,1471974500,70
10,1471974432,1471974438,6
1,1471974435,1471974443,8
14,1471974443,1471974453,10
1,1471974454,1471974457,3
1,1471974462,1471974474,12
1,1471974492,1471974495,3
14,1471974495,1471974583,88
11,1471974498,1471974507,9
1,1471974499,1471974504,5
4,1471974501,1471974504,3
4,1471974504,1471974508,4
11,1471974507,1471974583,76
1,1471974508,1471974513,5
1,1471974566,1471974580,14
4,1471974575,1471974583,8
5,1471974580,1471974583,3
1,1471974583,1471974591,8
14,1471974590,1471974650,60
11,1471974600,1471974611,11
4,1471974603,1471974605,2
4,1471974605,1471974607,2
1,1471974608,1471974624,16
4,1471974609,1471974611,2
11,1471974611,1471974650,39
1,1471974630,1471974640,10
4,1471974641,1471974651,10
1,1471974646,1471974647,1
5,1471974647,1471974650,3
1,1471974650,1471974652,2
1,1471974727,1471974754,27
4,1471974731,1471974742,11
14,1471974753,1471974763,10
1,1471974763,1471974773,10
4,1471974768,1471974771,3
4,1471974774,1471974780,6
1,1471974778,1471974786,8
4,1471974780,1471974830,50
14,1471974785,1471974795,10
1,1471974795,1471974803,8
14,1471974802,1471974807,5
1,1471974818,1471974829,11
4,1471974830,1471974860,30
1,1471974833,1471974838,5
14,1471974838,1471974849,11
1,1471974851,1471974864,13
4,1471974860,1471974865,5
1,1471974868,1471974871,3
4,1471974872,1471974876,4
4,1471974876,1471974879,3
4,1471974879,1471974881,2
4,1471974881,1471974883,2
4,1471974886,1471974892,6
1,1471974889,1471974897,8
4,1471974898,1471974918,20
1,1471974906,1471974910,4
1,1471974913,1471974918,5
4,1471974919,1471974922,3
10,1471974920,1471974922,2
4,1471974922,1471974926,4
4,1471974926,1471974929,3
4,1471974929,1471974932,3
4,1471974932,1471974938,6
4,1471974940,1471974951,11
1,1471974943,1471974948,5
4,1471974951,1471974997,46
1,1471974953,1471974957,4
14,1471974957,1471974973,16
1,1471974975,1471975003,28
14,1471974983,1471974987,4
4,1471974997,1471975035,38
14,1471975003,1471975013,10
1,1471975014,1471975019,5
1,1471975032,1471975034,2
4,1471975037,1471975039,2
4,1471975039,1471975041,2
4,1471975041,1471975043,2
4,1471975043,1471975078,35
1,1471975054,1471975063,9
1,1471975072,1471975078,6
4,1471975079,1471975081,2
4,1471975081,1471975090,9
1,1471975088,1471975094,6
4,1471975090,1471975095,5
4,1471975095,1471975097,2
4,1471975097,1471975100,3
4,1471975100,1471975107,7
4,1471975107,1471975109,2
4,1471975109,1471975111,2
4,1471975111,1471975113,2
4,1471975113,1471975116,3
4,1471975116,1471975120,4
1,1471975117,1471975119,2
4,1471975120,1471975125,5
1,1471975123,1471975124,1
4,1471975125,1471975131,6
1,1471975128,1471975130,2
4,1471975132,1471975136,4
1,1471975135,1471975136,1
4,1471975137,1471975143,6
1,1471975141,1471975149,8
4,1471975143,1471975150,7
4,1471975150,1471975179,29
1,1471975153,1471975157,4
14,1471975156,1471975171,15
1,1471975178,1471975183,5
4,1471975179,1471975228,49
1,1471975188,1471975205,17
1,1471975211,1471975213,2
1,1471975223,1471975225,2
11,1471975232,1471975246,14
4,1471975235,1471975271,36
11,1471975246,1471975270,24
1,1471975246,1471975252,6
1,1471975275,1471975288,13
4,1471975281,1471975284,3
4,1471975290,1471975295,5
4,1471975295,1471975312,17
1,1471975300,1471975309,9
1,1471975316,1471975335,19
1,1471975491,1471975497,6
1,1471975540,1471975558,18
4,1471975559,1471975663,104
1,1471975565,1471975570,5
1,1471975573,1471975581,8
1,1471975585,1471975590,5
1,1471975603,1471975614,11
1,1471975653,1471975662,9
4,1471975663,1471975666,3
4,1471975666,1471975671,5
4,1471975671,1471975673,2
4,1471975673,1471977200,1527
1,1471975678,1471975679,1
1,1471975767,1471975775,8
1,1471977198,1471977226,28
4,1471977200,1471977202,2
4,1471977203,1471977206,3
4,1471977206,1471977211,5
4,1471977213,1471977227,14
4,1471977227,1471977259,32
1,1471977231,1471977236,5
1,1471977239,1471977251,12
5,1471977241,1471977246,5
1,1471977255,1471977258,3
11,1471977260,1471977265,5
4,1471977264,1471977266,2
11,1471977265,1471977607,342
1,1471977265,1471977276,11
4,1471977268,1471977270,2
1,1471977284,1471977285,1
1,1471977292,1471977293,1
1,1471977297,1471977372,75
1,1471977377,1471977379,2
4,1471977380,1471977383,3
4,1471977384,1471977389,5
1,1471977385,1471977388,3
4,1471977394,1471977397,3
4,1471977397,1471977608,211
1,1471977402,1471977404,2
1,1471977447,1471977453,6
1,1471977461,1471977501,40
1,1471977512,1471977513,1
1,1471977521,1471977547,26
5,1471977536,1471977573,37
1,1471977570,1471977580,10
1,1471977586,1471977590,4
1,1471977604,1471977609,5
5,1471977606,1471977607,1
4,1471977615,1471977714,99
1,1471977620,1471977625,5
1,1471977640,1471977658,18
1,1471977661,1471977681,20
1,1471977708,1471977721,13
4,1471977725,1471977738,13
1,1471977726,1471977731,5
4,1471977738,1471977740,2
4,1471977740,1471977743,3
4,1471977743,1471977745,2
4,1471977745,1471977753,8
1,1471977748,1471977750,2
1,1471977754,1471977759,5
4,1471977756,1471977760,4
4,1471977760,1471977762,2
4,1471977762,1471977765,3
4,1471977765,1471977767,2
4,1471977768,1471977770,2
4,1471977770,1471977806,36
1,1471977780,1471977782,2
1,1471977791,1471977810,19
4,1471977806,1471977835,29
1,1471977822,1471977834,12
4,1471977835,1471977837,2
4,1471977837,1471977840,3
4,1471977840,1471977842,2
4,1471977842,1471977844,2
4,1471977844,1471977852,8
10,1471977845,1471977852,7
4,1471977852,1471977855,3
10,1471977852,1471977854,2
4,1471977856,1471977858,2
4,1471977858,1471977860,2
4,1471977860,1471977862,2
4,1471977863,1471977866,3
4,1471977866,1471977868,2
4,1471977868,1471977874,6
1,1471977872,1471977879,7
4,1471977880,1471977885,5
1,1471977883,1471977884,1
4,1471977885,1471977887,2
4,1471977887,1471977894,7
1,1471977889,1471977899,10
10,1471977889,1471977890,1
4,1471977899,1471977962,63
1,1471977951,1471977958,7
4,1471977969,1471977971,2
4,1471977971,1471977976,5
4,1471977976,1471977981,5
1,1471977978,1471977999,21
4,1471977982,1471977995,13
4,1471977995,1471978001,6
4,1471978001,1471978009,8
1,1471978002,1471978006,4
10,1471978007,1471978009,2
4,1471978009,1471978018,9
1,1471978012,1471978027,15
4,1471978020,1471978024,4
4,1471978027,1471978030,3
4,1471978032,1471978034,2
4,1471978034,1471978037,3
4,1471978037,1471978042,5
4,1471978042,1471978044,2
4,1471978044,1471978047,3
4,1471978047,1471978050,3
4,1471978050,1471978052,2
4,1471978053,1471978064,11
10,1471978056,1471978058,2
1,1471978058,1471978062,4
4,1471978065,1471978067,2
4,1471978067,1471978071,4
4,1471978071,1471978074,3
4,1471978075,1471978077,2
4,1471978078,1471978081,3
4,1471978081,1471978083,2
4,1471978083,1471978091,8
4,1471978091,1471978094,3
4,1471978095,1471978097,2
4,1471978098,1471978100,2
4,1471978100,1471978103,3
4,1471978103,1471978106,3
4,1471978107,1471978109,2
4,1471978109,1471978112,3
4,1471978112,1471978115,3
1,1471978113,1471978122,9
4,1471978117,1471978122,5
4,1471978122,1471978125,3
4,1471978127,1471978130,3
1,1471978128,1471978132,4
4,1471978130,1471978132,2
4,1471978132,1471978135,3
4,1471978135,1471978137,2
1,1471978138,1471978142,4
4,1471978142,1471978156,14
1,1471978153,1471978155,2
4,1471978157,1471978163,6
1,1471978162,1471978173,11
4,1471978163,1471978166,3
4,1471978166,1471978172,6
10,1471978167,1471978170,3
4,1471978174,1471978184,10
1,1471978179,1471978184,5
4,1471978184,1471978186,2
4,1471978187,1471978190,3
4,1471978190,1471978194,4
4,1471978195,1471978198,3
4,1471978198,1471978224,26
1,1471978205,1471978215,10
1,1471978219,1471978224,5
4,1471978225,1471978237,12
1,1471978232,1471978263,31
4,1471978239,1471978243,4
4,1471978247,1471978249,2
4,1471978250,1471978253,3
4,1471978254,1471978257,3
1,1471978266,1471978299,33
4,1471978269,1471978274,5
4,1471978274,1471978277,3
4,1471978278,1471978280,2
4,1471978282,1471978286,4
4,1471978288,1471978291,3
4,1471978293,1471978297,4
1,1471978302,1471978309,7
4,1471978303,1471978310,7
1,1471978313,1471978317,4
4,1471978321,1471978411,90
1,1471978324,1471978325,1
1,1471978330,1471978332,2
1,1471978337,1471978347,10
14,1471978343,1471978366,23
1,1471978352,1471978353,1
1,1471978363,1471978370,7
1,1471978402,1471978408,6
1,1471978413,1471978418,5
1,1471978439,1471978464,25
1,1471978472,1471978486,14
1,1471978492,1471978509,17
1,1471978527,1471978532,5
14,1471978530,1471978547,17
1,1471978548,1471978570,22
1,1471978585,1471978596,11
14,1471978596,1471978653,57
11,1471978599,1471978610,11
1,1471978601,1471978605,4
4,1471978602,1471978604,2
4,1471978604,1471978607,3
11,1471978610,1471978620,10
1,1471978613,1471978625,12
4,1471978615,1471978623,8
11,1471978620,1471978622,2
11,1471978623,1471978653,30
1,1471978629,1471978632,3
1,1471978647,1471978658,11
5,1471978651,1471978653,2
4,1471978654,1471978659,5
10,1471978660,1471978663,3
4,1471978663,1471978665,2
4,1471978665,1471978671,6
1,1471978680,1471978685,5
14,1471978684,1471978696,12
1,1471978698,1471978700,2
1,1471978723,1471978725,2
1,1471978730,1471978733,3
1,1471978835,1471978837,2
1,1471978840,1471978854,14
4,1471978852,1471978854,2
4,1471978854,1471978864,10
1,1471978858,1471978863,5
4,1471978865,1471978873,8
4,1471978873,1471978944,71
1,1471978880,1471978883,3
14,1471978883,1471978894,11
1,1471978897,1471978901,4
1,1471978907,1471978910,3
1,1471978916,1471978928,12
1,1471978939,1471978947,8
4,1471978946,1471978949,3
1,1471978951,1471978953,2
4,1471978954,1471978957,3
4,1471978957,1471978960,3
4,1471978961,1471978963,2
4,1471978963,1471978965,2
1,1471978969,1471978975,6
4,1471978971,1471979013,42
14,1471978975,1471978986,11
1,1471978994,1471979008,14
14,1471979008,1471979053,45
11,1471979011,1471979020,9
4,1471979013,1471979015,2
4,1471979016,1471979018,2
11,1471979020,1471979025,5
1,1471979022,1471979030,8
11,1471979029,1471979053,24
1,1471979034,1471979045,11
4,1471979036,1471979039,3
1,1471979049,1471979053,4
5,1471979050,1471979053,3
4,1471979053,1471979057,4
4,1471979057,1471979059,2
4,1471979059,1471979083,24
1,1471979062,1471979075,13
14,1471979073,1471979151,78
11,1471979082,1471979091,9
4,1471979084,1471979086,2
4,1471979086,1471979089,3
1,1471979087,1471979100,13
11,1471979091,1471979105,14
1,1471979103,1471979113,10
11,1471979105,1471979106,1
4,1471979105,1471979140,35
11,1471979110,1471979121,11
1,1471979117,1471979124,7
11,1471979122,1471979151,29
1,1471979132,1471979155,23
4,1471979147,1471979152,5
5,1471979149,1471979151,2
4,1471979156,1471979164,8
4,1471979164,1471979189,25
1,1471979169,1471979173,4
14,1471979172,1471979183,11
1,1471979186,1471979188,2
1,1471979193,1471979194,1
1,1471979199,1471979207,8
4,1471979222,1471979230,8
1,1471979224,1471979225,1
4,1471979230,1471979240,10
1,1471979232,1471979247,15
4,1471979249,1471979256,7
1,1471979254,1471979258,4
4,1471979256,1471979289,33
1,1471979266,1471979271,5
1,1471979283,1471979284,1
4,1471979289,1471979299,10
1,1471979290,1471979294,4
1,1471979297,1471979303,6
4,1471979299,1471988161,8862
1,1471979307,1471979320,13
14,1471979318,1471979340,22
1,1471988091,1471988106,15
14,1471988100,1471988103,3
1,1471988111,1471988116,5
1,1471988120,1471988124,4
1,1471988142,1471988157,15
14,1471988157,1471988314,157
11,1471988159,1471988166,7
1,1471988160,1471988163,3
4,1471988162,1471988164,2
11,1471988166,1471988171,5
1,1471988167,1471988197,30
11,1471988172,1471988178,6
11,1471988178,1471988181,3
11,1471988181,1471988183,2
4,1471988181,1471988190,9
11,1471988183,1471988185,2
11,1471988185,1471988187,2
11,1471988187,1471988217,30
1,1471988200,1471988201,1
1,1471988206,1471988208,2
1,1471988212,1471988217,5
11,1471988217,1471988221,4
1,1471988221,1471988223,2
11,1471988221,1471988222,1
11,1471988223,1471988247,24
1,1471988241,1471988255,14
11,1471988248,1471988249,1
11,1471988251,1471988254,3
11,1471988255,1471988267,12
1,1471988264,1471988267,3
11,1471988267,1471988271,4
1,1471988271,1471988274,3
11,1471988271,1471988273,2
11,1471988274,1471988314,40
1,1471988278,1471988283,5
1,1471988288,1471988321,33
5,1471988312,1471988314,2
4,1471988315,1471988321,6
14,1471988318,1471988401,83
11,1471988320,1471988326,6
4,1471988322,1471988325,3
11,1471988326,1471988331,5
1,1471988329,1471988344,15
4,1471988332,1471988337,5
11,1471988333,1471988335,2
11,1471988335,1471988337,2
11,1471988337,1471988401,64
1,1471988375,1471988386,11
4,1471988387,1471988389,2
4,1471988389,1471988392,3
4,1471988392,1471988394,2
1,1471988396,1471988406,10
5,1471988399,1471988401,2
4,1471988402,1471988430,28
14,1471988404,1471988412,8
1,1471988413,1471988416,3
14,1471988416,1471988420,4
1,1471988422,1471988426,4
4,1471988430,1471988561,131
1,1471988430,1471988439,9
1,1471988525,1471988535,10
1,1471988539,1471988548,9
1,1471988552,1471988561,9
4,1471988564,1471988627,63
1,1471988624,1471988626,2
4,1471988627,1471988632,5
4,1471988632,1471988635,3
10,1471988634,1471988636,2
4,1471988636,1471988639,3
4,1471988639,1471988651,12
1,1471988641,1471988647,6
4,1471988652,1471988655,3
11,1471988653,1471988659,6
11,1471988659,1471989000,341
4,1471988659,1471988845,186
1,1471988661,1471988669,8
1,1471988672,1471988675,3
1,1471988682,1471988685,3
1,1471988694,1471988696,2
1,1471988711,1471988716,5
1,1471988722,1471988728,6
1,1471988732,1471988735,3
1,1471988739,1471988742,3
1,1471988753,1471988754,1
1,1471988759,1471988773,14
1,1471988782,1471988784,2
1,1471988800,1471988802,2
1,1471988810,1471988844,34
4,1471988845,1471988848,3
4,1471988848,1471988851,3
4,1471988851,1471988854,3
4,1471988854,1471988858,4
4,1471988859,1471988868,9
1,1471988864,1471988872,8
4,1471988872,1471988879,7
1,1471988875,1471988885,10
4,1471988885,1471988892,7
4,1471988892,1471988894,2
4,1471988894,1471988896,2
4,1471988897,1471988899,2
4,1471988899,1471988904,5
4,1471988905,1471988907,2
4,1471988907,1471988915,8
4,1471988915,1471988917,2
4,1471988918,1471988920,2
4,1471988921,1471988926,5
1,1471988924,1471988929,5
4,1471988926,1471988932,6
4,1471988935,1471988939,4
10,1471988938,1471988939,1
4,1471988939,1471988941,2
4,1471988941,1471988944,3
4,1471988944,1471988946,2
10,1471988945,1471988946,1
4,1471988946,1471988948,2
4,1471988949,1471988953,4
4,1471988953,1471988959,6
10,1471988954,1471988956,2
1,1471988955,1471988958,3
4,1471988959,1471989001,42
1,1471988965,1471989001,36
5,1471988999,1471989000,1
4,1471989002,1471989004,2
4,1471989004,1471989007,3
4,1471989007,1471989010,3
4,1471989010,1471989012,2
4,1471989012,1471989014,2
4,1471989015,1471989018,3
4,1471989018,1471989021,3
4,1471989021,1471989024,3
4,1471989028,1471989030,2
4,1471989030,1471989032,2
4,1471989032,1471989035,3
4,1471989036,1471989038,2
4,1471989038,1471989041,3
4,1471989041,1471989046,5
4,1471989047,1471989049,2
4,1471989050,1471989052,2
4,1471989052,1471989054,2
4,1471989054,1471989057,3
4,1471989057,1471989059,2
4,1471989059,1471989062,3
10,1471989060,1471989062,2
4,1471989062,1471989065,3
4,1471989067,1471989069,2
4,1471989069,1471989073,4
4,1471989073,1471989075,2
4,1471989075,1471989078,3
4,1471989078,1471989082,4
4,1471989082,1471989085,3
4,1471989086,1471989110,24
1,1471989088,1471989094,6
1,1471989100,1471989109,9
4,1471989110,1471989116,6
4,1471989116,1471989131,15
1,1471989121,1471989153,32
4,1471989154,1471989158,4
1,1471989162,1471989164,2
4,1471989165,1471989167,2
4,1471989168,1471989172,4
4,1471989172,1471989174,2
4,1471989176,1471989178,2
4,1471989178,1471989181,3
4,1471989181,1471989188,7
1,1471989184,1471989187,3
4,1471989188,1471989199,11
1,1471989194,1471989200,6
1,1471989204,1471989214,10
4,1471989210,1471989212,2
4,1471989214,1471989219,5
4,1471989219,1471989223,4
4,1471989223,1471989226,3
4,1471989226,1471989229,3
4,1471989231,1471989236,5
4,1471989236,1471989245,9
1,1471989238,1471989250,12
4,1471989245,1471989249,4
4,1471989256,1471989258,2
4,1471989258,1471989260,2
4,1471989260,1471989263,3
4,1471989263,1471989265,2
4,1471989265,1471989286,21
1,1471989273,1471989282,9
4,1471989287,1471989289,2
4,1471989289,1471989292,3
4,1471989293,1471989296,3
4,1471989297,1471989300,3
4,1471989300,1471989302,2
4,1471989302,1471989305,3
4,1471989305,1471989311,6
1,1471989316,1471989317,1
1,1471989321,1471989327,6
4,1471989330,1471989332,2
4,1471989332,1471989337,5
1,1471989339,1471989341,2
4,1471989342,1471989344,2
4,1471989344,1471989348,4
4,1471989348,1471989363,15
1,1471989356,1471989376,20
8,1471989361,1471989367,6
4,1471989364,1471989367,3
4,1471989368,1471989371,3
4,1471989377,1471989424,47
10,1471989378,1471989379,1
1,1471989380,1471989390,10
14,1471989388,1471989399,11
1,1471989400,1471989407,7
1,1471989411,1471989422,11
4,1471989425,1471989435,10
1,1471989428,1471989432,4
4,1471989435,1471989444,9
1,1471989441,1471989452,11
4,1471989445,1471989448,3
4,1471989450,1471989453,3
4,1471989453,1471989457,4
4,1471989461,1471989464,3
4,1471989464,1471989467,3
4,1471989467,1471989469,2
4,1471989470,1471989472,2
4,1471989472,1471989475,3
4,1471989475,1471989478,3
4,1471989478,1471989481,3
4,1471989481,1471989484,3
1,1471989487,1471989489,2
4,1471989490,1471989496,6
4,1471989496,1471989504,8
4,1471989504,1471989531,27
1,1471989506,1471989509,3
14,1471989509,1471989517,8
1,1471989518,1471989527,9
4,1471989531,1471989549,18
1,1471989533,1471989549,16
4,1471989549,1471989553,4
11,1471989551,1471989565,14
4,1471989555,1471989565,10
11,1471989565,1471989642,77
1,1471989565,1471989571,6
1,1471989575,1471989580,5
1,1471989598,1471989599,1
1,1471989627,1471989667,40
5,1471989640,1471989642,2
4,1471989642,1471989663,21
4,1471989665,1471989697,32
1,1471989680,1471989696,16
4,1471989698,1471989700,2
4,1471989702,1471989706,4
4,1471989706,1471989727,21
1,1471989708,1471989712,4
1,1471989721,1471989729,8
4,1471989729,1471989833,104
1,1471989733,1471989735,2
1,1471989739,1471989740,1
1,1471989759,1471989761,2
1,1471989825,1471989845,20
4,1471989833,1471989837,4
4,1471989840,1471989846,6
4,1471989846,1471989855,9
1,1471989849,1471989858,9
4,1471989858,1471989860,2
4,1471989860,1471989868,8
1,1471989861,1471989866,5
4,1471989868,1471989870,2
4,1471989870,1471989873,3
4,1471989878,1471989883,5
1,1471989879,1471989882,3
4,1471989885,1471989888,3
1,1471989890,1471989909,19
4,1471989901,1471989908,7
4,1471989912,1471989923,11
1,1471989921,1471989922,1
4,1471989923,1471989927,4
1,1471989928,1471989929,1
1,1471989938,1471989941,3
14,1471989941,1471989951,10
1,1471989945,1471989963,18
4,1471989950,1471989953,3
4,1471989954,1471990022,68
14,1471989958,1471989967,9
1,1471989968,1471989974,6
1,1471989981,1471989990,9
1,1471989996,1471990011,15
14,1471989998,1471990001,3
1,1471990016,1471990018,2
4,1471990022,1471990053,31
1,1471990028,1471990036,8
1,1471990040,1471990047,7
4,1471990054,1471990057,3
11,1471990055,1471990058,3
4,1471990057,1471990088,31
11,1471990058,1471990164,106
1,1471990060,1471990080,20
4,1471990091,1471990097,6
1,1471990094,1471990111,17
4,1471990099,1471990101,2
4,1471990103,1471990106,3
4,1471990108,1471990112,4
4,1471990112,1471990116,4
4,1471990116,1471990118,2
4,1471990118,1471990127,9
1,1471990122,1471990131,9
1,1471990135,1471990165,30
5,1471990162,1471990164,2
4,1471990165,1471990167,2
4,1471990169,1471990173,4
4,1471990173,1471990176,3
4,1471990178,1471990183,5
1,1471990180,1471990183,3
4,1471990184,1471990187,3
4,1471990187,1471990190,3
4,1471990190,1471990204,14
1,1471990191,1471990200,9
1,1471990204,1471990206,2
4,1471990206,1471990210,4
1,1471990210,1471990236,26
4,1471990215,1471990219,4
14,1471990234,1471990245,11
1,1471990246,1471990259,13
4,1471990260,1471990262,2
4,1471990262,1471990265,3
4,1471990265,1471990268,3
4,1471990268,1471990275,7
4,1471990275,1471990279,4
4,1471990279,1471990284,5
10,1471990281,1471990284,3
4,1471990284,1471990307,23
1,1471990284,1471990290,6
14,1471990289,1471990296,7
1,1471990297,1471990301,4
1,1471990304,1471990313,9
4,1471990307,1471990325,18
14,1471990313,1471990320,7
1,1471990320,1471990324,4
11,1471990326,1471990329,3
4,1471990328,1471990347,19
11,1471990329,1471990345,16
1,1471990329,1471990337,8
1,1471990343,1471990345,2
11,1471990345,1471990352,7
4,1471990347,1471990352,5
11,1471990352,1471993716,3364
1,1471990356,1471990360,4
1,1471993711,1471993728,17
5,1471993714,1471993716,2
4,1471993716,1471993739,23
1,1471993734,1471993738,4
4,1471993740,1471993744,4
4,1471993744,1471993750,6
1,1471993747,1471993749,2
4,1471993751,1471993753,2
4,1471993754,1471993756,2
4,1471993757,1471993759,2
4,1471993760,1471993762,2
4,1471993762,1471993768,6
1,1471993765,1471993769,4
4,1471993770,1471993773,3
4,1471993773,1471993776,3
4,1471993778,1471993781,3
4,1471993781,1471993783,2
1,1471993785,1471993790,5
4,1471993791,1471993798,7
1,1471993793,1471993800,7
4,1471993800,1471993827,27
10,1471993803,1471993805,2
1,1471993803,1471993806,3
1,1471993820,1471993831,11
4,1471993827,1471993830,3
4,1471993830,1471993833,3
4,1471993833,1471993836,3
4,1471993836,1471993839,3
4,1471993839,1471993841,2
4,1471993842,1471993847,5
1,1471993849,1471993851,2
1,1471993855,1471993858,3
4,1471993865,1471993870,5
1,1471993867,1471993869,2
1,1471993887,1471993891,4
1,1471993895,1471993928,33
4,1471993918,1471993920,2
4,1471993920,1471993929,9
10,1471993931,1471993932,1
4,1471993936,1471993939,3
1,1471993936,1471993938,2
4,1471993939,1471993942,3
4,1471993942,1471993951,9
1,1471993944,1471993957,13
10,1471993946,1471993947,1
4,1471993951,1471993958,7
10,1471993954,1471993957,3
4,1471993958,1471993961,3
4,1471993961,1471993963,2
4,1471993963,1471993966,3
4,1471993966,1471993969,3
4,1471993969,1471993971,2
4,1471993971,1471993976,5
1,1471993972,1471993978,6
10,1471993972,1471993974,2
4,1471993977,1471993979,2
4,1471993979,1471993982,3
4,1471993982,1471993988,6
4,1471993988,1471994084,96
1,1471993998,1471994001,3
1,1471994006,1471994018,12
1,1471994024,1471994028,4
1,1471994035,1471994043,8
14,1471994043,1471994056,13
1,1471994057,1471994060,3
1,1471994069,1471994083,14
4,1471994084,1471994089,5
1,1471994087,1471994094,7
4,1471994089,1471994092,3
4,1471994092,1471994096,4
4,1471994096,1471994128,32
1,1471994097,1471994104,7
14,1471994101,1471994109,8
1,1471994108,1471994150,42
4,1471994143,1471994147,4
1,1471994153,1471994155,2
4,1471994156,1471994170,14
1,1471994160,1471994162,2
4,1471994170,1471994176,6
4,1471994176,1471994214,38
1,1471994181,1471994186,5
1,1471994190,1471994195,5
1,1471994198,1471994203,5
1,1471994207,1471994219,12
4,1471994214,1471994222,8
4,1471994222,1471994267,45
1,1471994224,1471994235,11
14,1471994230,1471994242,12
1,1471994242,1471994248,6
5,1471994248,1471994259,11
1,1471994260,1471994269,9
4,1471994270,1471994273,3
4,1471994274,1471994276,2
4,1471994276,1471994280,4
4,1471994280,1471994282,2
4,1471994282,1471994287,5
1,1471994283,1471994286,3
4,1471994287,1471994289,2
4,1471994289,1471994292,3
4,1471994292,1471994297,5
4,1471994297,1471994299,2
4,1471994299,1471994301,2
4,1471994301,1471994303,2
4,1471994303,1471994307,4
4,1471994307,1471994312,5
10,1471994309,1471994310,1
4,1471994313,1471994315,2
4,1471994315,1471994317,2
4,1471994317,1471994323,6
4,1471994326,1471994328,2
4,1471994328,1471994331,3
4,1471994331,1471994335,4
4,1471994335,1471994337,2
4,1471994339,1471994341,2
4,1471994341,1471994345,4
4,1471994345,1471994348,3
4,1471994361,1471994363,2
4,1471994366,1471994368,2
10,1471994367,1471994368,1
4,1471994369,1471994371,2
4,1471994371,1471994375,4
4,1471994375,1471994378,3
1,1471994376,1471994410,34
4,1471994408,1471994410,2
4,1471994411,1471994413,2
4,1471994413,1471994420,7
1,1471994416,1471994419,3
4,1471994421,1471994426,5
1,1471994423,1471994430,7
10,1471994424,1471994426,2
4,1471994432,1471994438,6
1,1471994436,1471994437,1
4,1471994438,1471994444,6
10,1471994439,1471994440,1
1,1471994442,1471994443,1
1,1471994446,1471994449,3
1,1471994507,1471994510,3
4,1471994512,1471994514,2
4,1471994514,1471994517,3
10,1471994515,1471994517,2
4,1471994517,1471994519,2
4,1471994519,1471994522,3
4,1471994522,1471994525,3
10,1471994522,1471994525,3
4,1471994527,1471994534,7
4,1471994537,1471994539,2
4,1471994539,1471994546,7
1,1471994543,1471994551,8
4,1471994547,1471994549,2
4,1471994552,1471994558,6
1,1471994555,1471994556,1
4,1471994558,1471994562,4
1,1471994568,1471994575,7
4,1471994574,1471994576,2
4,1471994576,1471994581,5
4,1471994581,1471994583,2
4,1471994584,1471994586,2
4,1471994586,1471994588,2
4,1471994589,1471994595,6
1,1471994590,1471994592,2
4,1471994595,1471994608,13
10,1471994595,1471994596,1
1,1471994598,1471994600,2
1,1471994604,1471994606,2
4,1471994608,1471994610,2
4,1471994610,1471994613,3
10,1471994612,1471994613,1
4,1471994613,1471994618,5
4,1471994618,1471994620,2
1,1471994623,1471994630,7
4,1471994631,1471994635,4
4,1471994635,1471994638,3
4,1471994638,1471994642,4
10,1471994639,1471994642,3
4,1471994642,1471994644,2
4,1471994644,1471994647,3
4,1471994648,1471994653,5
4,1471994653,1471994655,2
4,1471994656,1471994658,2
4,1471994659,1471994662,3
4,1471994663,1471994665,2
4,1471994665,1471994669,4
1,1471994670,1471994675,5
4,1471994672,1471994674,2
10,1471994673,1471994674,1
4,1471994675,1471994680,5
4,1471994680,1471994683,3
10,1471994683,1471994685,2
4,1471994685,1471994689,4
10,1471994685,1471994686,1
4,1471994689,1471994692,3
4,1471994692,1471994707,15
4,1471994707,1471994712,5
4,1471994712,1471994714,2
4,1471994714,1471994719,5
1,1471994716,1471994717,1
4,1471994719,1471994725,6
1,1471994721,1471994732,11
4,1471994726,1471994730,4
4,1471994733,1471994735,2
4,1471994736,1471994742,6
4,1471994742,1471994747,5
10,1471994743,1471994745,2
1,1471994749,1471994751,2
4,1471994755,1471994763,8
10,1471994756,1471994763,7
4,1471994763,1471994767,4
4,1471994767,1471994769,2
4,1471994769,1471994771,2
4,1471994772,1471994774,2
1,1471994774,1471994775,1
4,1471994776,1471994779,3
4,1471994779,1471994782,3
4,1471994783,1471994785,2
4,1471994785,1471994788,3
4,1471994788,1471994792,4
4,1471994792,1471994795,3
4,1471994795,1471994802,7
4,1471994805,1471994808,3
10,1471994807,1471994808,1
4,1471994808,1471994811,3
4,1471994812,1471994814,2
4,1471994814,1471994818,4
10,1471994815,1471994816,1
4,1471994818,1471994821,3
4,1471994821,1471994824,3
10,1471994824,1471994826,2
4,1471994826,1471994829,3
4,1471994832,1471994837,5
1,1471994834,1471994836,2
4,1471994842,1471994845,3
10,1471994843,1471994845,2
4,1471994845,1471994847,2
4,1471994848,1471994850,2
4,1471994850,1471994852,2
10,1471994851,1471994852,1
4,1471994852,1471994856,4
10,1471994854,1471994856,2
4,1471994856,1471994864,8
1,1471994862,1471994863,1
4,1471994865,1471994876,11
4,1471994877,1471994880,3
4,1471994880,1471994882,2
4,1471994883,1471994885,2
4,1471994885,1471994888,3
4,1471994888,1471994890,2
4,1471994891,1471994893,2
10,1471994892,1471994893,1
4,1471994893,1471994909,16
1,1471994898,1471994901,3
4,1471994909,1471994911,2
4,1471994912,1471994914,2
4,1471994914,1471994917,3
4,1471994917,1471994919,2
4,1471994919,1471994925,6
1,1471994921,1471994924,3
4,1471994925,1471994929,4
4,1471994929,1471994935,6
1,1471994931,1471994934,3
1,1471994941,1471994948,7
4,1471994944,1471994949,5
4,1471994949,1471994977,28
10,1471994950,1471994954,4
1,1471994972,1471994980,8
4,1471994982,1471994987,5
4,1471994988,1471994990,2
4,1471994990,1471994992,2
4,1471994992,1471994996,4
4,1471994996,1471994998,2
4,1471994998,1471995000,2
1,1471995005,1471995006,1
4,1471995007,1471995011,4
10,1471995009,1471995011,2
4,1471995012,1471995014,2
10,1471995012,1471995013,1
4,1471995016,1471995019,3
4,1471995019,1471995021,2
4,1471995021,1471995023,2
4,1471995023,1471995026,3
4,1471995027,1471995030,3
4,1471995035,1471995046,11
1,1471995038,1471995043,5
10,1471995046,1471995048,2
1,1471995048,1471995053,5
4,1471995050,1471995054,4
4,1471995054,1471995058,4
4,1471995058,1471995064,6
10,1471995059,1471995064,5
4,1471995064,1471995070,6
4,1471995070,1471995080,10
1,1471995072,1471995092,20
4,1471995080,1471995093,13
4,1471995093,1471995095,2
4,1471995095,1471995114,19
10,1471995096,1471995114,18
1,1471995100,1471995119,19
4,1471995114,1471995125,11
4,1471995125,1471995130,5
1,1471995129,1471995130,1
4,1471995132,1471995135,3
4,1471995137,1471995155,18
4,1471995155,1471995158,3
1,1471995156,1471995157,1
4,1471995158,1471995161,3
4,1471995161,1471995166,5
1,1471995163,1471995164,1
4,1471995166,1471995170,4
1,1471995168,1471995178,10
4,1471995171,1471995175,4
4,1471995175,1471995183,8
10,1471995176,1471995177,1
10,1471995178,1471995182,4
1,1471995181,1471995184,3
4,1471995185,1471995189,4
4,1471995191,1471995194,3
10,1471995193,1471995194,1
1,1471995196,1471995201,5
1,1471995204,1471995205,1
4,1471995206,1471995224,18
10,1471995207,1471995208,1
1,1471995220,1471995226,6
4,1471995224,1471995227,3
4,1471995227,1471995229,2
10,1471995228,1471995229,1
4,1471995229,1471995237,8
1,1471995230,1471995236,6
4,1471995237,1471995242,5
10,1471995238,1471995242,4
4,1471995242,1471995249,7
1,1471995244,1471995251,7
4,1471995249,1471995252,3
4,1471995252,1471995254,2
10,1471995253,1471995254,1
4,1471995254,1471995257,3
4,1471995257,1471995261,4
10,1471995259,1471995261,2
4,1471995261,1471995272,11
1,1471995266,1471995267,1
4,1471995275,1471995279,4
10,1471995277,1471995279,2
4,1471995279,1471995286,7
10,1471995280,1471995286,6
4,1471995287,1471995289,2
4,1471995290,1471995293,3
4,1471995295,1471995298,3
4,1471995298,1471995309,11
1,1471995300,1471995310,10
4,1471995309,1471995311,2
4,1471995311,1471995313,2
10,1471995312,1471995313,1
4,1471995313,1471995316,3
4,1471995316,1471995335,19
1,1471995322,1471995326,4
1,1471995330,1471995337,7
4,1471995335,1471995338,3
4,1471995338,1471995343,5
10,1471995339,1471995340,1
4,1471995343,1471995350,7
1,1471995346,1471995382,36
4,1471995350,1471995353,3
4,1471995355,1471995359,4
4,1471995359,1471995371,12
4,1471995371,1471995378,7
4,1471995382,1471995385,3
4,1471995385,1471995400,15
10,1471995387,1471995394,7
1,1471995388,1471995389,1
1,1471995393,1471995401,8
4,1471995402,1471995404,2
4,1471995404,1471995408,4
10,1471995406,1471995407,1
1,1471995406,1471995411,5
4,1471995409,1471995414,5
10,1471995411,1471995414,3
4,1471995415,1471995423,8
1,1471995416,1471995421,5
10,1471995421,1471995423,2
1,1471995425,1471995430,5
10,1471995432,1471995435,3
1,1471995436,1471995465,29
4,1471995443,1471995452,9
10,1471995444,1471995445,1
4,1471995455,1471995461,6
10,1471995456,1471995458,2
4,1471995467,1471995469,2
4,1471995469,1471995471,2
4,1471995472,1471995474,2
4,1471995476,1471995479,3
4,1471995479,1471995482,3
10,1471995479,1471995480,1
10,1471995480,1471995482,2
10,1471995484,1471995486,2
4,1471995486,1471995489,3
4,1471995491,1471995493,2
4,1471995493,1471995495,2
10,1471995494,1471995495,1
4,1471995495,1471995503,8
1,1471995499,1471995512,13
4,1471995505,1471995510,5
4,1471995514,1471995517,3
4,1471995517,1471995520,3
10,1471995518,1471995520,2
4,1471995522,1471995524,2
4,1471995524,1471995533,9
1,1471995525,1471995535,10
4,1471995536,1471995538,2
4,1471995538,1471995541,3
10,1471995540,1471995541,1
4,1471995541,1471995546,5
10,1471995545,1471995547,2
4,1471995546,1471995549,3
4,1471995551,1471995559,8
1,1471995558,1471995562,4
4,1471995559,1471995564,5
4,1471995565,1471995583,18
10,1471995567,1471995583,16
1,1471995570,1471995587,17
4,1471995583,1471995588,5
4,1471995589,1471995592,3
4,1471995593,1471995597,4
10,1471995594,1471995596,2
10,1471995598,1471995599,1
4,1471995599,1471995602,3
4,1471995603,1471995636,33
1,1471995625,1471995626,1
1,1471995629,1471995635,6
4,1471995639,1471995642,3
4,1471995642,1471995644,2
4,1471995644,1471995647,3
4,1471995648,1471995650,2
4,1471995651,1471995653,2
10,1471995651,1471995653,2
4,1471995653,1471995657,4
10,1471995655,1471995657,2
4,1471995657,1471995659,2
1,1471995662,1471995673,11
4,1471995664,1471995669,5
4,1471995669,1471995672,3
4,1471995674,1471995678,4
4,1471995678,1471995680,2
4,1471995681,1471995687,6
4,1471995688,1471995690,2
4,1471995692,1471995695,3
4,1471995695,1471995698,3
4,1471995698,1471995701,3
4,1471995701,1471995704,3
4,1471995704,1471995706,2
4,1471995708,1471995713,5
1,1471995710,1471995711,1
4,1471995713,1471995716,3
4,1471995716,1471995721,5
1,1471995721,1471995725,4
4,1471995722,1471995727,5
4,1471995728,1471995731,3
4,1471995732,1471995735,3
4,1471995736,1471995739,3
4,1471995739,1471995742,3
4,1471995742,1471995749,7
4,1471995753,1471995755,2
4,1471995755,1471995758,3
4,1471995759,1471995763,4
4,1471995763,1471995770,7
4,1471995770,1471995774,4
4,1471995775,1471995777,2
4,1471995777,1471995780,3
4,1471995780,1471995783,3
4,1471995788,1471995795,7
1,1471995792,1471995800,8
4,1471995797,1471995801,4
4,1471995801,1471995808,7
10,1471995802,1471995804,2
1,1471995804,1471995806,2
4,1471995809,1471995813,4
1,1471995810,1471995812,2
4,1471995814,1471995818,4
4,1471995819,1471995821,2
4,1471995821,1471995825,4
4,1471995826,1471995828,2
4,1471995828,1471995831,3
4,1471995832,1471995835,3
4,1471995836,1471995838,2
4,1471995838,1471995842,4
4,1471995842,1471995844,2
4,1471995845,1471995847,2
4,1471995847,1471995853,6
10,1471995848,1471995849,1
1,1471995849,1471995862,13
4,1471995853,1471995855,2
4,1471995857,1471995861,4
1,1471995872,1471995875,3
4,1471995877,1471995880,3
1,1471995878,1471995879,1
4,1471995881,1471995884,3
4,1471995884,1471995914,30
1,1471995886,1471995895,9
1,1471995904,1471995912,8
4,1471995914,1471995916,2
4,1471995916,1471995920,4
10,1471995918,1471995920,2
4,1471995921,1471995923,2
4,1471995923,1471995928,5
10,1471995923,1471995926,3
1,1471995925,1471995954,29
10,1471995926,1471995929,3
4,1471995929,1471995934,5
10,1471995929,1471995937,8
4,1471995938,1471995964,26
1,1471995957,1471995965,8
1,1471995971,1471995981,10
4,1471995972,1471995979,7
4,1471995979,1471995982,3
4,1471995982,1471995987,5
10,1471995983,1471995987,4
4,1471995988,1471995991,3
1,1471995989,1471995994,5
4,1471995991,1471995994,3
4,1471995994,1471995996,2
10,1471995997,1471995998,1
4,1471995998,1471996000,2
4,1471996001,1471996048,47
1,1471996006,1471996020,14
14,1471996018,1471996029,11
1,1471996025,1471996044,19
14,1471996045,1471996096,51
11,1471996047,1471996053,6
1,1471996047,1471996057,10
4,1471996049,1471996051,2
11,1471996053,1471996064,11
4,1471996057,1471996068,11
1,1471996060,1471996068,8
11,1471996064,1471996073,9
1,1471996072,1471996097,25
11,1471996073,1471996084,11
11,1471996084,1471996090,6
11,1471996090,1471996096,6
5,1471996094,1471996096,2
4,1471996097,1471996099,2
4,1471996099,1471996101,2
4,1471996101,1471996104,3
1,1471996105,1471996114,9
14,1471996112,1471996136,24
11,1471996121,1471996136,15
4,1471996122,1471996124,2
4,1471996125,1471996134,9
1,1471996126,1471996137,11
4,1471996134,1471996156,22
5,1471996135,1471996136,1
1,1471996143,1471996154,11
4,1471996156,1471996160,4
10,1471996157,1471996158,1
4,1471996161,1471996179,18
10,1471996162,1471996170,8
1,1471996165,1471996171,6
14,1471996171,1471996253,82
11,1471996179,1471996192,13
4,1471996180,1471996182,2
4,1471996183,1471996190,7
11,1471996192,1471996199,7
1,1471996196,1471996223,27
4,1471996201,1471996220,19
11,1471996202,1471996219,17
11,1471996219,1471996223,4
11,1471996223,1471996236,13
1,1471996230,1471996245,15
11,1471996237,1471996239,2
11,1471996240,1471996244,4
11,1471996244,1471996247,3
11,1471996247,1471996251,4
1,1471996249,1471996252,3
11,1471996251,1471996255,4
5,1471996254,1471996255,1
4,1471996255,1471996278,23
1,1471996257,1471996265,8
1,1471996271,1471996277,6
4,1471996278,1471996287,9
1,1471996283,1471996287,4
4,1471996287,1471996289,2
4,1471996289,1471996298,9
1,1471996294,1471996296,2
4,1471996298,1471996376,78
1,1471996300,1471996307,7
14,1471996307,1471996372,65
1,1471996330,1471996355,25
1,1471996359,1471996366,7
4,1471996377,1471996380,3
1,1471996377,1471996384,7
4,1471996381,1471996385,4
4,1471996386,1471996434,48
4,1471996434,1471996438,4
1,1471996436,1471996441,5
4,1471996442,1471996444,2
4,1471996445,1471996453,8
1,1471996450,1471996453,3
4,1471996454,1471996465,11
1,1471996461,1471996464,3
4,1471996466,1471996468,2
10,1471996468,1471996471,3
4,1471996472,1471996476,4
10,1471996473,1471996476,3
4,1471996476,1471996478,2
4,1471996479,1471996491,12
10,1471996479,1471996482,3
1,1471996487,1471996490,3
1,1471996511,1471996512,1
1,1471996522,1471996525,3
1,1471996529,1471996537,8
1,1471996551,1471996553,2
1,1471996564,1471996571,7
1,1471996575,1471996579,4
1,1471996587,1471996624,37
4,1471996605,1471996614,9
4,1471996615,1471996618,3
4,1471996620,1471996625,5
4,1471996625,1471996629,4
10,1471996629,1471996631,2
4,1471996631,1471996634,3
1,1471996639,1471996662,23
1,1471996669,1471996671,2
1,1471996708,1471996710,2
1,1471996754,1471996783,29
4,1471996766,1471996769,3
4,1471996784,1471996792,8
10,1471996785,1471996788,3
1,1471996791,1471996800,9
4,1471996792,1471996832,40
14,1471996798,1471996806,8
1,1471996805,1471996831,26
5,1471996812,1471996818,6
4,1471996832,1471996837,5
1,1471996835,1471996846,11
4,1471996843,1471996859,16
10,1471996845,1471996846,1
1,1471996852,1471996858,6
4,1471996859,1471996943,84
1,1471996865,1471996869,4
1,1471996937,1471996950,13
4,1471996944,1471996995,51
1,1471996959,1471996965,6
1,1471996968,1471996992,24
4,1471996995,1471996999,4
1,1471996996,1471997007,11
1,1471997017,1471997029,12
1,1471997035,1471997043,8
1,1471997050,1471997053,3
1,1471997060,1471997073,13
4,1471997075,1471997080,5
11,1471997077,1471997114,37
4,1471997083,1471997088,5
1,1471997085,1471997090,5
4,1471997108,1471997115,7
11,1471997114,1471997255,141
1,1471997150,1471997154,4
1,1471997248,1471997250,2
1,1471997256,1471997257,1
4,1471997256,1471997271,15
1,1471997265,1471997270,5
1,1471997574,1471997579,5
1,1471997582,1471997584,2
1,1471998692,1471998697,5
4,1471998698,1471998701,3
4,1471998701,1471998706,5
4,1471998706,1471998716,10
10,1471998708,1471998710,2
1,1471998710,1471998715,5
4,1471998716,1471998718,2
1,1471998719,1471998720,1
4,1471998721,1471998724,3
4,1471998724,1471998734,10
10,1471998726,1471998728,2
1,1471998727,1471998736,9
4,1471998737,1471998740,3
1,1471998741,1471998743,2
4,1471998742,1471998763,21
1,1471998749,1471998754,5
1,1471998757,1471998759,2
4,1471998763,1471998766,3
1,1471998765,1471998772,7
4,1471998766,1471998773,7
4,1471998774,1471998778,4
1,1471998776,1471998777,1
4,1471998779,1471999140,361
1,1471998790,1471998792,2
1,1471998867,1471998886,19
1,1471999146,1471999160,14
1,1471999165,1471999167,2
1,1471999173,1471999178,5
1,1471999182,1471999194,12
4,1471999192,1471999195,3
4,1471999195,1471999197,2
4,1471999198,1471999203,5
1,1471999200,1471999207,7
4,1471999206,1471999208,2
10,1471999209,1471999210,1
4,1471999210,1471999214,4
4,1471999214,1471999253,39
1,1471999224,1471999231,7
1,1471999235,1471999251,16
11,1471999254,1471999263,9
4,1471999255,1471999257,2
4,1471999263,1471999285,22
11,1471999263,1471999269,6
1,1471999267,1471999300,33
11,1471999269,1471999272,3
11,1471999272,1471999277,5
11,1471999277,1471999280,3
11,1471999281,1471999284,3
11,1471999284,1471999286,2
11,1471999286,1471999290,4
11,1471999290,1471999294,4
11,1471999295,1471999298,3
11,1471999298,1471999309,11
1,1471999309,1471999312,3
4,1471999309,1472000639,1330
1,1471999326,1471999329,3
1,1471999362,1471999368,6
1,1472000619,1472000638,19
4,1472000640,1472000642,2
4,1472000642,1472000647,5
1,1472000652,1472000660,8
14,1472000658,1472000667,9
1,1472000666,1472000684,18
4,1472000678,1472000682,4
4,1472000682,1472000684,2
4,1472000685,1472000687,2
4,1472000687,1472000689,2
4,1472000689,1472000692,3
10,1472000689,1472000691,2
10,1472000691,1472000692,1
10,1472000692,1472000693,1
4,1472000693,1472000701,8
1,1472000696,1472000698,2
4,1472000701,1472000704,3
4,1472000704,1472000710,6
4,1472000710,1472000719,9
1,1472000712,1472000722,10
4,1472000720,1472000723,3
4,1472000726,1472000731,5
1,1472000728,1472000730,2
4,1472000731,1472000733,2
4,1472000734,1472000738,4
1,1472000734,1472000736,2
4,1472000738,1472000740,2
4,1472000745,1472000751,6
1,1472000747,1472000749,2
4,1472000751,1472000755,4
4,1472000755,1472000758,3
1,1472000755,1472000761,6
4,1472000758,1472000762,4
10,1472000759,1472000760,1
4,1472000762,1472000766,4
4,1472000766,1472000802,36
1,1472000770,1472000776,6
14,1472000776,1472000784,8
1,1472000786,1472000798,12
14,1472000798,1472000943,145
11,1472000801,1472000807,6
4,1472000802,1472000804,2
4,1472000805,1472000825,20
11,1472000807,1472000810,3
1,1472000807,1472000852,45
11,1472000810,1472000812,2
11,1472000813,1472000814,1
11,1472000814,1472000816,2
11,1472000818,1472000825,7
11,1472000825,1472000826,1
11,1472000826,1472000828,2
11,1472000828,1472000833,5
11,1472000833,1472000836,3
11,1472000836,1472000837,1
11,1472000837,1472000842,5
11,1472000842,1472000845,3
11,1472000845,1472000861,16
1,1472000855,1472000882,27
4,1472000862,1472000936,74
11,1472000863,1472000865,2
11,1472000865,1472000867,2
11,1472000867,1472000870,3
11,1472000870,1472000872,2
11,1472000872,1472000877,5
11,1472000877,1472000880,3
11,1472000880,1472000943,63
1,1472000933,1472000947,14
5,1472000941,1472000943,2
4,1472000943,1472001551,608
14,1472000946,1472000953,7
1,1472000961,1472000964,3
14,1472000964,1472000967,3
1,1472000967,1472000974,7
14,1472000974,1472001005,31
1,1472001002,1472001025,23
1,1472001032,1472001048,16
1,1472001483,1472001486,3
1,1472001490,1472001492,2
1,1472001495,1472001497,2
1,1472001501,1472001504,3
1,1472001509,1472001550,41
4,1472001551,1472001553,2
4,1472001553,1472001556,3
4,1472001556,1472001559,3
4,1472001559,1472001562,3
4,1472001562,1472001564,2
4,1472001568,1472001571,3
4,1472001571,1472001574,3
1,1472001572,1472001575,3
4,1472001576,1472001580,4
4,1472001580,1472001583,3
1,1472001580,1472001650,70
4,1472001583,1472001586,3
4,1472001589,1472001601,12
4,1472001601,1472001651,50
4,1472001651,1472001655,4
4,1472001655,1472001663,8
1,1472001656,1472001662,6
1,1472001667,1472001678,11
14,1472001678,1472001690,12
1,1472001693,1472001700,7
1,1472001704,1472001714,10
1,1472001720,1472001724,4
4,1472001726,1472001728,2
4,1472001728,1472001731,3
4,1472001732,1472001734,2
4,1472001734,1472001737,3
4,1472001737,1472001740,3
4,1472001740,1472001744,4
4,1472001744,1472001746,2
4,1472001746,1472001752,6
1,1472001752,1472001758,6
4,1472001752,1472001773,21
14,1472001757,1472001765,8
1,1472001768,1472001770,2
1,1472001773,1472001777,4
4,1472001773,1472001885,112
1,1472001782,1472001803,21
14,1472001803,1472001815,12
1,1472001814,1472001845,31
1,1472001877,1472001883,6
5,1472001883,1472001885,2
4,1472001885,1472001997,112
1,1472001980,1472001987,7
4,1472002011,1472002018,7
1,1472002017,1472002024,7
1,1472002038,1472002043,5
1,1472002056,1472002070,14
4,1472002071,1472002073,2
4,1472002079,1472002093,14
1,1472002080,1472002093,13
11,1472002094,1472002098,4
4,1472002097,1472002099,2
11,1472002098,1472002139,41
4,1472002099,1472002140,41
1,1472002100,1472002104,4
1,1472002113,1472002116,3
1,1472002122,1472002124,2
1,1472002132,1472002139,7
11,1472002140,1472002143,3
4,1472002140,1472002147,7
11,1472002143,1472002147,4
11,1472002147,1472002176,29
1,1472002147,1472002154,7
1,1472002170,1472002176,6
11,1472002177,1472002179,2
4,1472002177,1472002182,5
11,1472002179,1472002182,3
11,1472002182,1472002264,82
1,1472002186,1472002187,1
1,1472002209,1472002243,34
1,1472002246,1472002248,2
1,1472002252,1472002258,6
1,1472002262,1472002266,4
4,1472002265,1472002270,5
4,1472002271,1472002274,3
4,1472002274,1472002278,4
4,1472002278,1472002281,3
4,1472002283,1472002287,4
1,1472002285,1472002286,1
4,1472002290,1472002296,6
1,1472002291,1472002296,5
4,1472002298,1472002301,3
4,1472002303,1472002307,4
4,1472002307,1472002310,3
1,1472002310,1472002312,2
4,1472002312,1472002315,3
4,1472002315,1472002317,2
4,1472002319,1472002323,4
1,1472002321,1472002334,13
4,1472002323,1472002326,3
4,1472002326,1472002392,66
1,1472002337,1472002348,11
1,1472002353,1472002359,6
14,1472002358,1472002366,8
1,1472002364,1472002391,27
4,1472002393,1472002395,2
4,1472002395,1472002398,3
4,1472002398,1472002403,5
4,1472002403,1472002405,2
1,1472002406,1472002410,4
4,1472002411,1472002416,5
4,1472002416,1472002418,2
10,1472002418,1472002419,1
4,1472002418,1472002420,2
4,1472002420,1472002423,3
1,1472002424,1472002429,5
4,1472002426,1472002429,3
4,1472002431,1472002435,4
1,1472002438,1472002448,10
4,1472002442,1472002448,6
4,1472002451,1472002454,3
1,1472002452,1472002453,1
4,1472002454,1472002461,7
1,1472002458,1472002462,4
4,1472002466,1472002494,28
1,1472002473,1472002478,5
14,1472002477,1472002484,7
1,1472002485,1472002491,6
1,1472002494,1472002505,11
4,1472002494,1472002577,83
1,1472002559,1472002563,4
1,1472002573,1472002576,3
4,1472002577,1472002581,4
11,1472002578,1472002599,21
4,1472002582,1472002584,2
11,1472002599,1472002609,10
1,1472002606,1472002610,4
11,1472002609,1472002615,6
4,1472002610,1472002616,6
1,1472002614,1472002625,11
4,1472002625,1472002629,4
4,1472002629,1472002631,2
4,1472002632,1472002634,2
4,1472002634,1472002653,19
1,1472002647,1472002653,6
4,1472002653,1472002675,22
1,1472002659,1472002664,5
1,1472002667,1472002675,8
1,1472002687,1472002689,2
1,1472002697,1472002700,3
1,1472002709,1472002712,3
1,1472002785,1472002786,1
6,1472003070,1472003073,3
1,1472003097,1472003099,2
1,1472003103,1472003106,3
1,1472003111,1472003120,9
1,1472003132,1472003135,3
1,1472003224,1472003248,24
4,1472003233,1472003235,2
4,1472003235,1472003237,2
4,1472003238,1472003248,10
4,1472003248,1472003250,2
4,1472003250,1472003385,135
1,1472003251,1472003259,8
1,1472003341,1472003355,14
1,1472003361,1472003385,24
11,1472003386,1472003718,332
4,1472003386,1472003389,3
4,1472003389,1472003392,3
4,1472003408,1472003718,310
1,1472003509,1472003542,33
1,1472003684,1472003687,3
1,1472003691,1472003694,3
1,1472003715,1472003747,32
11,1472003718,1472003793,75
1,1472003761,1472003768,7
1,1472003779,1472003792,13
11,1472003793,1472003882,89
1,1472003877,1472003907,30
11,1472003882,1472003930,48
1,1472003922,1472003931,9
1,1472003936,1472003938,2
6,1472004338,1472004341,3
1,1472004350,1472004352,2
1,1472004413,1472004416,3
1,1472004446,1472004459,13
1,1472004468,1472004472,4
11,1472004476,1472004842,366
4,1472004476,1472004483,7
4,1472004483,1472004503,20
4,1472004530,1472004538,8
1,1472004838,1472004840,2
4,1472004841,1472005129,288
11,1472004842,1472005142,300
1,1472004843,1472004850,7
1,1472004857,1472004865,8
1,1472004869,1472004871,2
1,1472004882,1472004888,6
1,1472004897,1472004906,9
1,1472004912,1472004916,4
1,1472004924,1472004941,17
1,1472004947,1472004949,2
1,1472004958,1472004969,11
1,1472004980,1472004982,2
1,1472004991,1472004993,2
6,1472005413,1472005414,1
1,1472005472,1472005500,28
14,1472005499,1472005506,7
1,1472005506,1472005511,5
1,1472005515,1472005529,14
1,1472005576,1472005580,4
1,1472005592,1472005603,11
4,1472005599,1472005609,10
1,1472005606,1472005607,1
4,1472005609,1472005611,2
1,1472005619,1472005643,24
4,1472005620,1472005630,10
4,1472005644,1472005648,4
4,1472005648,1472005651,3
4,1472005651,1472005657,6
1,1472005657,1472005663,6
4,1472005657,1472005664,7
4,1472005665,1472005670,5
10,1472005665,1472005666,1
10,1472005666,1472005669,3
1,1472005667,1472005669,2
4,1472005671,1472005676,5
4,1472005676,1472005685,9
1,1472005677,1472005684,7
1,1472005691,1472005693,2
4,1472005694,1472005698,4
10,1472005697,1472005698,1
4,1472005699,1472005702,3
4,1472005703,1472005705,2
4,1472005705,1472005712,7
1,1472005707,1472005711,4
4,1472005713,1472005715,2
10,1472005714,1472005715,1
10,1472005715,1472005717,2
4,1472005716,1472005721,5
10,1472005718,1472005721,3
4,1472005721,1472005731,10
1,1472005729,1472005735,6
4,1472005735,1472005754,19
1,1472005751,1472005761,10
4,1472005758,1472005761,3
1,1472005766,1472005782,16
4,1472005777,1472005782,5
4,1472005782,1472005785,3
4,1472005785,1472005791,6
1,1472005793,1472005799,6
1,1472005809,1472005811,2
1,1472005819,1472005821,2
1,1472005826,1472005829,3
1,1472005850,1472005854,4
1,1472005861,1472005863,2
6,1472005954,1472005956,2
1,1472005962,1472005983,21
1,1472006007,1472006011,4
1,1472006025,1472006029,4
1,1472006193,1472006199,6
6,1472006225,1472006227,2
1,1472006229,1472006231,2
1,1472006238,1472006258,20
1,1472006265,1472006267,2
1,1472006277,1472006283,6
1,1472006290,1472006303,13
14,1472006298,1472006316,18
1,1472006316,1472006337,21
4,1472006342,1472006347,5
1,1472006343,1472006352,9
4,1472006353,1472006356,3
4,1472006356,1472006453,97
1,1472006358,1472006361,3
14,1472006361,1472006366,5
1,1472006364,1472006374,10
1,1472006382,1472006389,7
1,1472006394,1472006401,7
1,1472006407,1472006414,7
1,1472006433,1472006438,5
1,1472006441,1472006452,11
4,1472006455,1472006458,3
1,1472006469,1472006481,12
14,1472006473,1472006484,11
1,1472006488,1472006495,7
1,1472006503,1472006508,5
1,1472006520,1472006531,11
4,1472006526,1472006563,37
14,1472006531,1472006542,11
1,1472006542,1472006552,10
1,1472006558,1472006562,4
4,1472006563,1472006567,4
4,1472006568,1472006571,3
4,1472006571,1472006573,2
4,1472006573,1472006575,2
4,1472006575,1472006577,2
4,1472006577,1472006579,2
4,1472006580,1472006582,2
4,1472006583,1472006585,2
4,1472006585,1472006638,53
1,1472006588,1472006595,7
14,1472006595,1472006602,7
1,1472006604,1472006611,7
1,1472006617,1472006629,12
1,1472006633,1472006638,5
11,1472006640,1472006682,42
4,1472006640,1472006642,2
1,1472006644,1472006647,3
4,1472006644,1472006655,11
4,1472006657,1472006682,25
1,1472006669,1472006671,2
1,1472006684,1472006689,5
4,1472006693,1472006696,3
4,1472006696,1472006706,10
10,1472006697,1472006706,9
4,1472006706,1472006713,7
4,1472006713,1472006754,41
1,1472006716,1472006724,8
14,1472006724,1472006741,17
1,1472006742,1472006754,12
4,1472006755,1472006762,7
11,1472006759,1472006836,77
4,1472006764,1472006785,21
4,1472006788,1472006836,48
1,1472006835,1472006870,35
4,1472006836,1472006956,120
11,1472006836,1472006869,33
11,1472006869,1472006955,86
1,1472006918,1472006932,14
1,1472006935,1472006943,8
1,1472006950,1472006953,3
5,1472006953,1472006955,2
4,1472006965,1472006967,2
1,1472006972,1472006974,2
1,1472006980,1472006995,15
4,1472006996,1472007016,20
1,1472007011,1472007020,9
4,1472007016,1472007019,3
4,1472007021,1472033207,26186
1,1472007042,1472007046,4
1,1472033176,1472033192,16
5,1472033192,1472033199,7
1,1472033200,1472033230,30
4,1472033210,1472033215,5
4,1472033216,1472033236,20
5,1472033230,1472033235,5
1,1472033237,1472033240,3
4,1472033242,1472033254,12
4,1472033254,1472033256,2
4,1472033256,1472033261,5
10,1472033258,1472033260,2
4,1472033263,1472033265,2
4,1472033265,1472033267,2
4,1472033268,1472033271,3
10,1472033269,1472033271,2
4,1472033271,1472033273,2
4,1472033273,1472033276,3
4,1472033276,1472033279,3
10,1472033277,1472033278,1
4,1472033279,1472033281,2
4,1472033281,1472033290,9
4,1472033291,1472033300,9
10,1472033293,1472033294,1
4,1472033300,1472033306,6
1,1472033302,1472033305,3
4,1472033306,1472033309,3
4,1472033309,1472033312,3
4,1472033313,1472033316,3
4,1472033316,1472033319,3
4,1472033319,1472033321,2
4,1472033321,1472033323,2
4,1472033324,1472033326,2
4,1472033326,1472033328,2
4,1472033329,1472033331,2
4,1472033331,1472033333,2
4,1472033333,1472033346,13
1,1472033336,1472033338,2
1,1472033342,1472033348,6
4,1472033346,1472033349,3
4,1472033349,1472033360,11
10,1472033349,1472033358,9
1,1472033357,1472033361,4
4,1472033360,1472033367,7
1,1472033365,1472033367,2
4,1472033368,1472033373,5
10,1472033368,1472033370,2
1,1472033370,1472033374,4
4,1472033375,1472033379,4
10,1472033376,1472033377,1
4,1472033381,1472033384,3
1,1472033382,1472033386,4
4,1472033384,1472033387,3
4,1472033387,1472033395,8
4,1472033395,1472033399,4
4,1472033400,1472033479,79
1,1472033402,1472033413,11
14,1472033408,1472033428,20
1,1472033465,1472033478,13
4,1472033480,1472033495,15
1,1472033481,1472033504,23
14,1472033484,1472033492,8
4,1472033495,1472033500,5
4,1472033500,1472033505,5
4,1472033505,1472033514,9
1,1472033508,1472033515,7
4,1472033515,1472033518,3
4,1472033518,1472033547,29
1,1472033521,1472033526,5
14,1472033525,1472033536,11
1,1472033537,1472033539,2
1,1472033543,1472033547,4
4,1472033548,1472033550,2
4,1472033551,1472033557,6
1,1472033552,1472033555,3
4,1472033558,1472033610,52
1,1472033562,1472033566,4
14,1472033566,1472033576,10
1,1472033574,1472033581,7
1,1472033605,1472033610,5
4,1472033611,1472033613,2
4,1472033613,1472033618,5
10,1472033613,1472033618,5
4,1472033618,1472033623,5
1,1472033625,1472033629,4
14,1472033629,1472033682,53
1,1472033662,1472033667,5
1,1472033671,1472033678,7
1,1472033727,1472033751,24
4,1472033752,1472033754,2
4,1472033755,1472033757,2
4,1472033757,1472033759,2
4,1472033759,1472033761,2
4,1472033761,1472033764,3
4,1472033764,1472033773,9
1,1472033765,1472033776,11
4,1472033773,1472033777,4
4,1472033777,1472033779,2
4,1472033779,1472033781,2
4,1472033781,1472033787,6
4,1472033787,1472033792,5
1,1472033792,1472033811,19
4,1472033792,1472033795,3
4,1472033795,1472033801,6
4,1472033801,1472034585,784
1,1472034575,1472034582,7
4,1472034586,1472034616,30
1,1472034611,1472034615,4
10,1472034616,1472034619,3
4,1472034619,1472034621,2
10,1472034619,1472034621,2
4,1472034621,1472034848,227
1,1472034627,1472034631,4
14,1472034630,1472034638,8
1,1472034642,1472034646,4
1,1472034652,1472034657,5
1,1472034842,1472034848,6
5,1472034845,1472034848,3
1,1472034913,1472034919,6
1,1472034932,1472034934,2
4,1472034935,1472034943,8
1,1472034938,1472034984,46
4,1472034955,1472035635,680
1,1472035041,1472035043,2
1,1472035055,1472035056,1
1,1472035199,1472035201,2
1,1472035614,1472035634,20
4,1472035635,1472035638,3
4,1472035638,1472035641,3
4,1472035641,1472035643,2
4,1472035644,1472035646,2
4,1472035646,1472035648,2
4,1472035649,1472035652,3
1,1472035650,1472035652,2
4,1472035656,1472035658,2
4,1472035658,1472035661,3
4,1472035661,1472035663,2
4,1472035663,1472035665,2
4,1472035665,1472037257,1592
1,1472035671,1472035672,1
1,1472035680,1472035685,5
1,1472037231,1472037235,4
14,1472037234,1472037244,10
1,1472037244,1472037268,24
1,1472037300,1472037306,6
14,1472037304,1472037311,7
1,1472037312,1472037316,4
1,1472039477,1472039484,7
1,1472041880,1472041883,3
1,1472052492,1472052495,3
1,1472052507,1472052509,2
6,1472052507,1472052508,1
4,1472052513,1472052516,3
4,1472052516,1472052519,3
4,1472052519,1472052521,2
4,1472052522,1472052539,17
11,1472052539,1472052543,4
4,1472052541,1472052544,3
11,1472052543,1472052551,8
4,1472052551,1472052558,7
1,1472052557,1472052572,15
4,1472052558,1472052564,6
4,1472052566,1472052576,10
1,1472052682,1472052684,2
1,1472052690,1472052711,21
4,1472052712,1472052716,4
4,1472052717,1472052719,2
4,1472052719,1472052721,2
4,1472052721,1472052724,3
4,1472052724,1472052727,3
4,1472052727,1472052729,2
4,1472052730,1472052732,2
4,1472052732,1472052734,2
4,1472052734,1472052740,6
1,1472052741,1472052746,5
4,1472052743,1472052752,9
4,1472052752,1472052755,3
4,1472052755,1472052757,2
4,1472052757,1472052760,3
4,1472052760,1472052770,10
1,1472052762,1472052769,7
4,1472052770,1472052773,3
4,1472052773,1472052775,2
4,1472052776,1472052778,2
4,1472052778,1472052780,2
4,1472052780,1472052784,4
10,1472052782,1472052784,2
10,1472052785,1472052788,3
1,1472052788,1472052843,55
4,1472052803,1472052815,12
4,1472052815,1472052822,7
4,1472052826,1472052836,10
4,1472052839,1472052844,5
4,1472052846,1472052853,7
1,1472052846,1472052862,16
4,1472052853,1472052857,4
4,1472052863,1472052865,2
4,1472052865,1472052868,3
4,1472052868,1472052870,2
4,1472052871,1472052873,2
4,1472052873,1472052875,2
4,1472052875,1472052878,3
4,1472052878,1472052880,2
4,1472052881,1472052886,5
4,1472052886,1472052889,3
4,1472052890,1472052892,2
4,1472052893,1472052895,2
4,1472052897,1472052901,4
4,1472052901,1472052903,2
4,1472052903,1472052906,3
4,1472052906,1472052908,2
4,1472052909,1472052911,2
4,1472052911,1472052916,5
1,1472052913,1472052929,16
10,1472052917,1472052918,1
4,1472052930,1472052936,6
4,1472052936,1472052938,2
10,1472052937,1472052938,1
4,1472052938,1472052942,4
10,1472052939,1472052942,3
4,1472052942,1472052948,6
1,1472052943,1472052949,6
10,1472052950,1472052952,2
4,1472052952,1472052954,2
10,1472052952,1472052954,2
1,1472052957,1472052958,1
4,1472052959,1472052962,3
4,1472052962,1472052972,10
1,1472052965,1472052978,13
4,1472052974,1472052976,2
4,1472052976,1472052988,12
1,1472052981,1472052987,6
1,1472052990,1472053018,28
4,1472053012,1472053016,4
4,1472053017,1472053021,4
1,1472053021,1472053032,11
1,1472053082,1472053086,4
4,1472053089,1472053098,9
1,1472053096,1472053098,2
1,1472053498,1472053506,8
4,1472053501,1472053526,25
1,1472053518,1472053521,3
1,1472053528,1472053536,8
4,1472053536,1472053616,80
1,1472053551,1472053552,1
1,1472053578,1472053585,7
1,1472053589,1472053596,7
1,1472053600,1472053605,5
1,1472053612,1472053624,12
1,1472053629,1472053632,3
4,1472053635,1472053657,22
1,1472053647,1472053656,9
1,1472053667,1472053687,20
4,1472053675,1472053698,23
1,1472053692,1472053693,1
1,1472053899,1472053901,2
1,1472054729,1472054741,12
1,1472054745,1472054757,12
1,1472054767,1472054779,12
4,1472054776,1472054780,4
4,1472054782,1472054787,5
1,1472054785,1472054787,2
4,1472054792,1472054798,6
4,1472054802,1472054805,3
1,1472054832,1472054839,7
4,1472054837,1472054850,13
1,1472054847,1472054850,3
1,1472054854,1472054855,1
1,1472054860,1472054861,1
1,1472054892,1472054900,8
4,1472054897,1472054942,45
1,1472054905,1472054938,33
1,1472054942,1472054944,2
4,1472054944,1472054982,38
1,1472054950,1472054952,2
1,1472054967,1472054968,1
1,1472054973,1472054981,8
4,1472054983,1472054985,2
4,1472054988,1472054991,3
4,1472054992,1472054995,3
4,1472054996,1472054999,3
1,1472054997,1472054998,1
4,1472054999,1472055177,178
1,1472055006,1472055007,1
1,1472055010,1472055023,13
14,1472055016,1472055026,10
1,1472055026,1472055029,3
1,1472055041,1472055043,2
1,1472055075,1472055085,10
1,1472055088,1472055099,11
1,1472055114,1472055132,18
1,1472055138,1472055141,3
1,1472055152,1472055153,1
1,1472055163,1472055176,13
4,1472055177,1472055180,3
4,1472055181,1472055184,3
4,1472055184,1472055186,2
4,1472055186,1472055188,2
4,1472055188,1472055191,3
4,1472055191,1472055193,2
4,1472055193,1472055196,3
4,1472055196,1472055200,4
1,1472055197,1472055203,6
4,1472055205,1472055208,3
4,1472055210,1472055213,3
4,1472055215,1472055219,4
10,1472055216,1472055219,3
4,1472055219,1472055224,5
10,1472055219,1472055220,1
1,1472055229,1472055230,1
4,1472055232,1472055234,2
4,1472055234,1472055236,2
4,1472055236,1472055239,3
4,1472055239,1472055242,3
4,1472055242,1472055245,3
4,1472055247,1472055250,3
1,1472055248,1472055249,1
4,1472055250,1472055255,5
1,1472055253,1472055254,1
4,1472055255,1472055296,41
1,1472055258,1472055268,10
14,1472055264,1472055273,9
1,1472055274,1472055277,3
1,1472055284,1472055304,20
14,1472055302,1472055309,7
1,1472055310,1472055313,3
4,1472055314,1472055317,3
4,1472055317,1472055324,7
1,1472055322,1472055324,2
4,1472055325,1472055330,5
10,1472055326,1472055330,4
4,1472055330,1472055332,2
4,1472055332,1472055353,21
10,1472055333,1472055338,5
1,1472055334,1472055352,18
4,1472055354,1472055358,4
4,1472055362,1472055367,5
1,1472055366,1472055371,5
4,1472055367,1472055600,233
14,1472055371,1472055382,11
1,1472055377,1472055384,7
1,1472055389,1472055392,3
1,1472055396,1472055401,5
1,1472055518,1472055521,3
4,1472055600,1472055768,168
1,1472055606,1472055607,1
14,1472055607,1472055620,13
1,1472055623,1472055626,3
1,1472055653,1472055654,1
1,1472055712,1472055730,18
1,1472055734,1472055739,5
5,1472055739,1472055749,10
1,1472055750,1472055778,28
4,1472055771,1472055787,16
5,1472055778,1472055786,8
1,1472055789,1472055834,45
4,1472055806,1472055808,2
4,1472055813,1472055833,20
4,1472055837,1472055886,49
1,1472055838,1472055845,7
1,1472055848,1472055871,23
1,1472055875,1472055885,10
4,1472055886,1472055888,2
4,1472055888,1472055894,6
1,1472055892,1472055893,1
4,1472055894,1472055896,2
4,1472055899,1472055908,9
1,1472055901,1472055907,6
4,1472055908,1472055912,4
4,1472055914,1472055916,2
4,1472055916,1472055923,7
1,1472055917,1472055936,19
4,1472055923,1472055926,3
4,1472055929,1472055933,4
4,1472055933,1472055937,4
4,1472055937,1472055941,4
4,1472055941,1472055946,5
1,1472055943,1472055945,2
1,1472055950,1472055958,8
14,1472055954,1472055964,10
1,1472055963,1472055969,6
4,1472055971,1472055974,3
4,1472055974,1472055976,2
4,1472055976,1472055980,4
10,1472055977,1472055978,1
10,1472055980,1472055982,2
4,1472055982,1472055984,2
4,1472055985,1472055987,2
4,1472055987,1472056009,22
1,1472055990,1472055994,4
14,1472055994,1472055999,5
1,1472055998,1472056017,19
14,1472056016,1472056021,5
1,1472056027,1472056052,25
4,1472056053,1472056056,3
4,1472056056,1472056061,5
4,1472056062,1472056109,47
1,1472056083,1472056086,3
1,1472056099,1472056110,11
4,1472056109,1472056111,2
4,1472056112,1472056115,3
10,1472056113,1472056115,2
4,1472056115,1472056117,2
10,1472056116,1472056117,1
4,1472056117,1472056124,7
1,1472056131,1472056143,12
1,1472056328,1472056330,2
4,1472056331,1472056337,6
10,1472056332,1472056337,5
4,1472056338,1472056341,3
10,1472056340,1472056341,1
4,1472056341,1472056343,2
4,1472056343,1472056346,3
4,1472056346,1472056349,3
4,1472056349,1472056370,21
4,1472056370,1472056372,2
4,1472056373,1472056376,3
10,1472056373,1472056375,2
4,1472056376,1472056379,3
10,1472056376,1472056378,2
1,1472056381,1472056383,2
4,1472056384,1472056386,2
4,1472056386,1472056388,2
4,1472056388,1472056390,2
4,1472056390,1472056393,3
1,1472056396,1472056397,1
4,1472056398,1472056408,10
1,1472056401,1472056405,4
4,1472056408,1472056412,4
1,1472056410,1472056417,7
4,1472056412,1472056422,10
4,1472056427,1472056440,13
1,1472056431,1472056442,11
4,1472056440,1472056461,21
1,1472056450,1472056461,11
4,1472056465,1472056474,9
1,1472056467,1472056473,6
4,1472056474,1472056549,75
1,1472056478,1472056490,12
14,1472056484,1472056491,7
1,1472056493,1472056498,5
1,1472056503,1472056507,4
1,1472056519,1472056525,6
1,1472056529,1472056533,4
1,1472056543,1472056547,4
4,1472056550,1472056553,3
1,1472056553,1472056558,5
4,1472056556,1472056559,3
4,1472056559,1472056562,3
4,1472056562,1472056565,3
1,1472056562,1472056571,9
4,1472056570,1472056602,32
1,1472056580,1472056590,10
1,1472056598,1472056599,1
10,1472056601,1472056603,2
4,1472056602,1472056617,15
1,1472056609,1472056614,5
4,1472056617,1472056621,4
4,1472056621,1472056626,5
1,1472056624,1472056637,13
4,1472056626,1472056636,10
4,1472056639,1472056648,9
10,1472056640,1472056641,1
10,1472056648,1472056650,2
4,1472056650,1472056654,4
1,1472056651,1472056654,3
4,1472056655,1472056658,3
4,1472056658,1472056664,6
4,1472056664,1472056666,2
4,1472056667,1472056669,2
10,1472056669,1472056671,2
4,1472056671,1472056674,3
4,1472056674,1472056677,3
1,1472056678,1472056681,3
4,1472056682,1472056685,3
1,1472056686,1472056688,2
4,1472056691,1472056696,5
1,1472056693,1472056695,2
4,1472056696,1472056698,2
4,1472056698,1472056821,123
1,1472056702,1472056707,5
14,1472056707,1472056712,5
1,1472056719,1472056722,3
1,1472056725,1472056736,11
14,1472056735,1472056742,7
1,1472056778,1472056779,1
1,1472056801,1472056817,16
4,1472056821,1472056824,3
1,1472056825,1472056839,14
4,1472056827,1472056837,10
4,1472056839,1472056880,41
1,1472056846,1472056851,5
1,1472056856,1472056865,9
1,1472056871,1472056873,2
4,1472056880,1472056884,4
1,1472056880,1472056883,3
4,1472056884,1472056886,2
1,1472056890,1472056899,9
14,1472056898,1472056906,8
1,1472056935,1472056939,4
1,1472056943,1472056954,11
4,1472056956,1472056958,2
4,1472056959,1472057164,205
1,1472056963,1472056968,5
14,1472056967,1472056973,6
1,1472056972,1472056976,4
1,1472056980,1472056987,7
1,1472057005,1472057019,14
1,1472057137,1472057153,16
14,1472057151,1472057158,7
1,1472057158,1472057163,5
4,1472057164,1472057168,4
10,1472057165,1472057166,1
4,1472057168,1472057267,99
1,1472057171,1472057177,6
14,1472057177,1472057181,4
1,1472057181,1472057195,14
1,1472057200,1472057206,6
1,1472057245,1472057250,5
1,1472057261,1472057266,5
4,1472057270,1472058600,1330
1,1472058563,1472058605,42
4,1472058606,1472058608,2
1,1472058609,1472058610,1
4,1472058611,1472058614,3
4,1472058614,1472058621,7
1,1472058619,1472058621,2
4,1472058622,1472058625,3
4,1472058625,1472058628,3
4,1472058629,1472058636,7
1,1472058630,1472058637,7
4,1472058636,1472058640,4
1,1472058641,1472058652,11
4,1472058653,1472058655,2
4,1472058656,1472058664,8
4,1472058664,1472058730,66
1,1472058672,1472058687,15
1,1472058722,1472058725,3
1,1472058728,1472058737,9
4,1472058730,1472058761,31
1,1472058758,1472058770,12
1,1472058774,1472058776,2
1,1472058790,1472058792,2
4,1472058792,1472058794,2
1,1472058795,1472058798,3
1,1472058802,1472058803,1
1,1472058813,1472058826,13
4,1472058816,1472061217,2401
1,1472061214,1472061216,2
1,1472061220,1472061223,3
4,1472061286,1472064010,2724
1,1472063994,1472064011,17
1,1472064014,1472064017,3
4,1472064017,1472064056,39
1,1472064024,1472064032,8
1,1472064052,1472064055,3
5,1472064055,1472064056,1
4,1472064056,1472064096,40
1,1472064078,1472064082,4
1,1472064092,1472064109,17
4,1472064108,1472064115,7
1,1472064292,1472064293,1
1,1472064314,1472064315,1
1,1472064492,1472064495,3
1,1472064500,1472064523,23
1,1472064728,1472064735,7
1,1472065108,1472065114,6
1,1472065203,1472065228,25
1,1472065234,1472065241,7
1,1472065355,1472065398,43
4,1472065395,1472065399,4
4,1472065400,1472065410,10
10,1472065401,1472065404,3
1,1472065404,1472065408,4
4,1472065410,1472065414,4
10,1472065412,1472065414,2
4,1472065414,1472065418,4
4,1472065418,1472065420,2
4,1472065420,1472065422,2
4,1472065422,1472065425,3
1,1472065424,1472065425,1
4,1472065426,1472065429,3
4,1472065430,1472065434,4
4,1472065435,1472065438,3
4,1472065438,1472065440,2
4,1472065441,1472065443,2
4,1472065444,1472065446,2
4,1472065447,1472065453,6
4,1472065453,1472065455,2
10,1472065456,1472065458,2
4,1472065458,1472065461,3
4,1472065462,1472065464,2
4,1472065464,1472065466,2
4,1472065467,1472065470,3
4,1472065471,1472065474,3
10,1472065472,1472065474,2
4,1472065474,1472065476,2
4,1472065476,1472065480,4
1,1472065478,1472065482,4
4,1472065481,1472065484,3
1,1472065489,1472065508,19
4,1472065508,1472065556,48
1,1472065515,1472065518,3
1,1472065523,1472065526,3
1,1472065530,1472065537,7
14,1472065536,1472065543,7
1,1472065541,1472065555,14
4,1472065556,1472065562,6
4,1472065562,1472065565,3
4,1472065565,1472065567,2
4,1472065569,1472065571,2
4,1472065572,1472065574,2
4,1472065574,1472065578,4
4,1472065578,1472065581,3
4,1472065581,1472065585,4
1,1472065584,1472065585,1
4,1472065586,1472065614,28
1,1472065591,1472065595,4
14,1472065595,1472065602,7
1,1472065599,1472065614,15
4,1472065614,1472065619,5
1,1472065617,1472065619,2
1,1472065626,1472065632,6
4,1472065633,1472065663,30
1,1472065637,1472065656,19
14,1472065656,1472065763,107
11,1472065662,1472065669,7
4,1472065663,1472065665,2
1,1472065663,1472065665,2
4,1472065666,1472065668,2
11,1472065669,1472065682,13
4,1472065669,1472065684,15
1,1472065671,1472065686,15
11,1472065683,1472065741,58
1,1472065691,1472065702,11
1,1472065727,1472065749,22
11,1472065742,1472065760,18
4,1472065742,1472065761,19
1,1472065759,1472065769,10
11,1472065760,1472065763,3
4,1472065761,1472065771,10
5,1472065761,1472065763,2
1,1472065774,1472065777,3
4,1472065779,1472065806,27
1,1472065783,1472065786,3
14,1472065786,1472065795,9
1,1472065796,1472065806,10
1,1472065810,1472065814,4
4,1472065812,1472065816,4
10,1472065815,1472065816,1
4,1472065816,1472065819,3
4,1472065819,1472065859,40
1,1472065824,1472065858,34
4,1472065862,1472065870,8
10,1472065863,1472065867,4
1,1472065867,1472065869,2
4,1472065879,1472065885,6
1,1472065880,1472065884,4
4,1472065885,1472065887,2
4,1472065888,1472065891,3
4,1472065891,1472065893,2
4,1472065893,1472065895,2
4,1472065895,1472065898,3
4,1472065898,1472065901,3
4,1472065901,1472065907,6
4,1472065907,1472065909,2
4,1472065910,1472065912,2
4,1472065912,1472065914,2
4,1472065914,1472065916,2
4,1472065917,1472065919,2
4,1472065919,1472065921,2
10,1472065920,1472065921,1
4,1472065922,1472065924,2
4,1472065924,1472065928,4
10,1472065925,1472065926,1
4,1472065929,1472065937,8
1,1472065932,1472065936,4
4,1472065937,1472065941,4
10,1472065938,1472065941,3
4,1472065942,1472065948,6
1,1472065944,1472065950,6
1,1472065956,1472065957,1
4,1472065957,1472065972,15
1,1472065969,1472065971,2
4,1472065973,1472065995,22
1,1472065979,1472065983,4
14,1472065983,1472065993,10
1,1472065988,1472065999,11
4,1472065997,1472066000,3
4,1472066000,1472066002,2
4,1472066002,1472066266,264
1,1472066006,1472066014,8
14,1472066010,1472066018,8
1,1472066029,1472066041,12
1,1472066120,1472066153,33
1,1472066161,1472066164,3
1,1472066172,1472066175,3
1,1472066242,1472066248,6
1,1472066257,1472066268,11
4,1472066266,1472066276,10
1,1472066272,1472066283,11
4,1472066281,1472066286,5
1,1472066290,1472066292,2
4,1472066293,1472066295,2
4,1472066295,1472066297,2
4,1472066298,1472066300,2
4,1472066300,1472066303,3
1,1472066303,1472066306,3
4,1472066307,1472066309,2
4,1472066310,1472066312,2
4,1472066312,1472066321,9
1,1472066315,1472066373,58
4,1472066328,1472066337,9
4,1472066337,1472066354,17
4,1472066359,1472066363,4
4,1472066365,1472066390,25
1,1472066386,1472066392,6
4,1472066391,1472066393,2
1,1472066411,1472066425,14
1,1472066439,1472066454,15
4,1472066456,1472066460,4
1,1472066458,1472066460,2
4,1472066461,1472066463,2
4,1472066463,1472066470,7
1,1472066465,1472066469,4
4,1472066471,1472066496,25
1,1472066481,1472066482,1
1,1472066489,1472066497,8
4,1472066496,1472066498,2
4,1472066498,1472066503,5
4,1472066505,1472066548,43
1,1472066505,1472066519,14
1,1472066522,1472066526,4
1,1472066535,1472066538,3
1,1472066542,1472066560,18
4,1472066548,1472066560,12
1,1472066565,1472066572,7
1,1472066576,1472066579,3
1,1472066582,1472066591,9
1,1472066598,1472066599,1
1,1472066605,1472066617,12
1,1472066627,1472066641,14
1,1472066646,1472066680,34
1,1472066683,1472066688,5
1,1472066692,1472066698,6
1,1472066712,1472066716,4
1,1472066731,1472066737,6
4,1472066739,1472066743,4
1,1472066740,1472066753,13
4,1472066750,1472066754,4
10,1472066750,1472066752,2
4,1472066754,1472066795,41
1,1472066779,1472066784,5
1,1472066791,1472066808,17
4,1472066795,1472066798,3
4,1472066800,1472066809,9
4,1472066809,1472066836,27
4,1472066836,1472066849,13
1,1472066840,1472066841,1
4,1472066850,1472066852,2
4,1472066854,1472066856,2
4,1472066857,1472066865,8
1,1472066861,1472066878,17
4,1472066867,1472066873,6
1,1472066882,1472066890,8
1,1472066895,1472066900,5
4,1472066900,1472066903,3
4,1472066903,1472066905,2
4,1472066905,1472066908,3
4,1472066909,1472066911,2
4,1472066911,1472066925,14
1,1472066912,1472066925,13
4,1472066926,1472066928,2
4,1472066928,1472066930,2
4,1472066930,1472066932,2
4,1472066933,1472066935,2
4,1472066935,1472066978,43
1,1472066937,1472066942,5
1,1472066975,1472066976,1
1,1472066981,1472066993,12
4,1472066985,1472067052,67
1,1472067028,1472067032,4
1,1472067036,1472067043,7
1,1472067047,1472067055,8
4,1472067053,1472067056,3
4,1472067056,1472067061,5
1,1472067066,1472067067,1
4,1472067071,1472067073,2
4,1472067074,1472067076,2
4,1472067076,1472067079,3
4,1472067079,1472067081,2
1,1472067093,1472067132,39
4,1472067108,1472067111,3
4,1472067112,1472067117,5
4,1472067121,1472067123,2
4,1472067127,1472067129,2
4,1472067130,1472067136,6
4,1472067136,1472067140,4
1,1472067140,1472067142,2
4,1472067143,1472067145,2
4,1472067145,1472067150,5
1,1472067146,1472067150,4
4,1472067150,1472067152,2
1,1472067153,1472067156,3
4,1472067156,1472067164,8
1,1472067159,1472067202,43
4,1472067168,1472067170,2
4,1472067171,1472067175,4
4,1472067175,1472067178,3
4,1472067179,1472067181,2
4,1472067181,1472067188,7
4,1472067190,1472067193,3
4,1472067196,1472067200,4
4,1472067201,1472067204,3
4,1472067204,1472067629,425
4,1472067629,1472067633,4
4,1472067633,1472067642,9
1,1472067635,1472067644,9
4,1472067642,1472067646,4
4,1472067646,1472067693,47
1,1472067649,1472067653,4
1,1472067656,1472067675,19
1,1472067686,1472067699,13
4,1472067693,1472067713,20
1,1472067707,1472067728,21
4,1472067713,1472067722,9
4,1472067722,1472067734,12
1,1472067731,1472067741,10
4,1472067734,1472067750,16
1,1472067746,1472067756,10
4,1472067750,1472067836,86
1,1472067761,1472067764,3
1,1472067828,1472067835,7
4,1472067836,1472067841,5
10,1472067838,1472067841,3
10,1472067841,1472067844,3
4,1472067845,1472067847,2
4,1472067848,1472067850,2
10,1472067848,1472067850,2
4,1472067850,1472067854,4
1,1472067855,1472067877,22
4,1472067863,1472067866,3
4,1472067876,1472067931,55
1,1472067880,1472067892,12
14,1472067892,1472067909,17
1,1472067912,1472067918,6
1,1472067923,1472067977,54
4,1472067936,1472067938,2
4,1472067938,1472067940,2
4,1472067940,1472067949,9
4,1472067950,1472067953,3
4,1472067953,1472067957,4
4,1472067957,1472067964,7
4,1472067965,1472067968,3
4,1472067969,1472067972,3
4,1472067973,1472067976,3
4,1472067977,1472068038,61
1,1472067985,1472067991,6
1,1472068030,1472068092,62
4,1472068044,1472068049,5
10,1472068044,1472068045,1
4,1472068050,1472068053,3
4,1472068059,1472068062,3
4,1472068064,1472068070,6
4,1472068071,1472068074,3
4,1472068077,1472068082,5
4,1472068082,1472068084,2
4,1472068085,1472068089,4
4,1472068089,1472068092,3
4,1472068093,1472068101,8
1,1472068096,1472068134,38
4,1472068107,1472068111,4
4,1472068111,1472068114,3
4,1472068114,1472068117,3
4,1472068118,1472068127,9
4,1472068127,1472068129,2
4,1472068129,1472068132,3
4,1472068132,1472068134,2
4,1472068135,1472068137,2
10,1472068135,1472068137,2
4,1472068137,1472068159,22
1,1472068149,1472068165,16
4,1472068160,1472068166,6
4,1472068166,1472068170,4
4,1472068170,1472068174,4
10,1472068172,1472068174,2
4,1472068174,1472068183,9
1,1472068179,1472068195,16
4,1472068183,1472068188,5
4,1472068193,1472068196,3
4,1472068196,1472068198,2
1,1472068200,1472068208,8
4,1472068207,1472068217,10
1,1472068213,1472068216,3
4,1472068217,1472068222,5
4,1472068222,1472068225,3
4,1472068225,1472068227,2
4,1472068227,1472068229,2
4,1472068229,1472068235,6
1,1472068233,1472068234,1
4,1472068235,1472068237,2
4,1472068238,1472068244,6
1,1472068239,1472068243,4
4,1472068245,1472068252,7
1,1472068247,1472068267,20
4,1472068259,1472068263,4
4,1472068264,1472068273,9
4,1472068273,1472068276,3
10,1472068274,1472068275,1
1,1472068275,1472068279,4
4,1472068277,1472068279,2
4,1472068279,1472068284,5
4,1472068284,1472068287,3
4,1472068292,1472068297,5
4,1472068297,1472068302,5
1,1472068298,1472068311,13
4,1472068302,1472068308,6
4,1472068309,1472068311,2
4,1472068312,1472068319,7
1,1472068314,1472068323,9
4,1472068319,1472068321,2
10,1472068319,1472068321,2
4,1472068321,1472068326,5
10,1472068322,1472068323,1
4,1472068326,1472068381,55
1,1472068332,1472068355,23
14,1472068355,1472068362,7
1,1472068364,1472068385,21
4,1472068382,1472068386,4
4,1472068387,1472068610,223
1,1472068389,1472068394,5
1,1472068597,1472068601,4
1,1472068607,1472068610,3
4,1472068613,1472068641,28
1,1472068614,1472068621,7
14,1472068621,1472068628,7
1,1472068629,1472068638,9
4,1472068641,1472068643,2
4,1472068644,1472068654,10
10,1472068644,1472068645,1
1,1472068647,1472068653,6
4,1472068655,1472068673,18
10,1472068656,1472068657,1
1,1472068659,1472068676,17
4,1472068677,1472068683,6
1,1472068680,1472068681,1
4,1472068683,1472068690,7
1,1472068686,1472068690,4
4,1472068691,1472068708,17
1,1472068694,1472068695,1
1,1472068704,1472068707,3
4,1472068708,1472068718,10
1,1472068710,1472068723,13
4,1472068720,1472068724,4
4,1472068724,1472068734,10
1,1472068727,1472068736,9
4,1472068736,1472068739,3
4,1472068739,1472068750,11
1,1472068740,1472068752,12
4,1472068753,1472068761,8
1,1472068756,1472068760,4
4,1472068762,1472068769,7
1,1472068766,1472068771,5
4,1472068771,1472068785,14
1,1472068776,1472068778,2
1,1472068781,1472068802,21
4,1472068787,1472068801,14
1,1472068810,1472068816,6
14,1472068816,1472068825,9
1,1472068825,1472068846,21
4,1472068837,1472068847,10
10,1472068838,1472068839,1
4,1472068848,1472068850,2
4,1472068850,1472068852,2
4,1472068853,1472068855,2
4,1472068855,1472068858,3
4,1472068858,1472068889,31
10,1472068859,1472068889,30
1,1472068888,1472068893,5
4,1472068891,1472068895,4
4,1472068895,1472068902,7
1,1472068898,1472068913,15
4,1472068906,1472068910,4
4,1472068910,1472068926,16
1,1472068918,1472068942,24
4,1472068926,1472069036,110
1,1472069010,1472069042,32
4,1472069036,1472069039,3
4,1472069039,1472069042,3
4,1472069043,1472069045,2
4,1472069045,1472069049,4
10,1472069047,1472069049,2
4,1472069049,1472069054,5
10,1472069049,1472069054,5
4,1472069054,1472069074,20
10,1472069055,1472069069,14
1,1472069069,1472069078,9
4,1472069079,1472069081,2
4,1472069081,1472069085,4
4,1472069089,1472069096,7
1,1472069094,1472069096,2
4,1472069096,1472069107,11
10,1472069098,1472069100,2
1,1472069101,1472069113,12
4,1472069107,1472069113,6
10,1472069108,1472069111,3
4,1472069113,1472069117,4
10,1472069114,1472069117,3
4,1472069117,1472069127,10
10,1472069118,1472069123,5
1,1472069119,1472069127,8
4,1472069128,1472069133,5
10,1472069130,1472069133,3
4,1472069133,1472069136,3
4,1472069136,1472069141,5
4,1472069141,1472069144,3
4,1472069144,1472069146,2
4,1472069146,1472069148,2
4,1472069149,1472069154,5
10,1472069151,1472069152,1
1,1472069152,1472069154,2
4,1472069154,1472069171,17
1,1472069157,1472069165,8
1,1472069170,1472069184,14
4,1472069171,1472069193,22
1,1472069191,1472069197,6
4,1472069197,1472069206,9
1,1472069201,1472069214,13
4,1472069206,1472069215,9
4,1472069215,1472069217,2
4,1472069218,1472069220,2
4,1472069220,1472069222,2
4,1472069222,1472069224,2
4,1472069224,1472069226,2
4,1472069226,1472069229,3
4,1472069229,1472069238,9
1,1472069233,1472069237,4
4,1472069238,1472069240,2
4,1472069241,1472069245,4
1,1472069242,1472069255,13
4,1472069258,1472069261,3
1,1472069259,1472069278,19
4,1472069261,1472069264,3
4,1472069264,1472069268,4
4,1472069274,1472069278,4
4,1472069280,1472069289,9
1,1472069281,1472069328,47
4,1472069290,1472069305,15
4,1472069305,1472069307,2
4,1472069307,1472069311,4
4,1472069311,1472069314,3
4,1472069314,1472069318,4
4,1472069318,1472069320,2
4,1472069320,1472069329,9
4,1472069329,1472069331,2
4,1472069331,1472069333,2
4,1472069333,1472069337,4
1,1472069335,1472069342,7
4,1472069337,1472069343,6
4,1472069343,1472069345,2
1,1472069345,1472069349,4
4,1472069350,1472069352,2
4,1472069353,1472069388,35
1,1472069356,1472069364,8
14,1472069363,1472069373,10
1,1472069375,1472069416,41
4,1472069388,1472069391,3
4,1472069391,1472069406,15
4,1472069406,1472069408,2
4,1472069414,1472069416,2
4,1472069417,1472069477,60
1,1472069420,1472069437,17
14,1472069436,1472069447,11
1,1472069460,1472069475,15
4,1472069477,1472069484,7
10,1472069478,1472069479,1
1,1472069479,1472069509,30
4,1472069484,1472069486,2
4,1472069486,1472069488,2
4,1472069489,1472069505,16
4,1472069505,1472069509,4
4,1472069513,1472069547,34
1,1472069515,1472069563,48
4,1472069550,1472069554,4
4,1472069559,1472069578,19
1,1472069567,1472069591,24
4,1472069578,1472069582,4
4,1472069583,1472069587,4
4,1472069589,1472069593,4
4,1472069593,1472069629,36
1,1472069594,1472069602,8
14,1472069602,1472069609,7
1,1472069607,1472069640,33
4,1472069629,1472069638,9
1,1472069643,1472069649,6
4,1472069648,1472069656,8
1,1472069652,1472069666,14
4,1472069657,1472069684,27
14,1472069664,1472069671,7
1,1472069670,1472069686,16
4,1472069686,1472069730,44
1,1472069689,1472069693,4
14,1472069693,1472069700,7
1,1472069701,1472069705,4
1,1472069715,1472069716,1
1,1472069720,1472069732,12
4,1472069730,1472069733,3
4,1472069733,1472069741,8
4,1472069742,1472069746,4
4,1472069746,1472069748,2
4,1472069748,1472069752,4
1,1472069750,1472069751,1
4,1472069753,1472069756,3
4,1472069756,1472069765,9
10,1472069757,1472069758,1
1,1472069760,1472069765,5
4,1472069766,1472069777,11
1,1472069773,1472069776,3
4,1472069777,1472069781,4
4,1472069781,1472069783,2
4,1472069784,1472069786,2
4,1472069787,1472069791,4
4,1472069791,1472069793,2
4,1472069793,1472069802,9
1,1472069799,1472069803,4
4,1472069802,1472069807,5
4,1472069807,1472069817,10
1,1472069813,1472069817,4
10,1472069818,1472069819,1
4,1472069820,1472069828,8
1,1472069824,1472069834,10
4,1472069828,1472069831,3
4,1472069831,1472069835,4
10,1472069831,1472069833,2
4,1472069835,1472069840,5
1,1472069838,1472069839,1
1,1472069843,1472069852,9
4,1472069853,1472069855,2
4,1472069855,1472069857,2
4,1472069857,1472069861,4
4,1472069861,1472069864,3
4,1472069864,1472069868,4
1,1472069865,1472069870,5
4,1472069868,1472069870,2
1,1472069876,1472069906,30
4,1472069890,1472069893,3
4,1472069893,1472069895,2
4,1472069902,1472069906,4
10,1472069904,1472069905,1
4,1472069907,1472069912,5
1,1472069909,1472069928,19
4,1472069912,1472069916,4
10,1472069914,1472069915,1
4,1472069917,1472069924,7
4,1472069924,1472069928,4
4,1472069929,1472069931,2
4,1472069931,1472069933,2
4,1472069933,1472069937,4
4,1472069937,1472069943,6
1,1472069940,1472069942,2
4,1472069943,1472069945,2
1,1472069946,1472069950,4
4,1472069950,1472069954,4
4,1472069954,1472069957,3
4,1472069957,1472069961,4
1,1472069959,1472069979,20
4,1472069961,1472069970,9
4,1472069973,1472069977,4
4,1472069977,1472069980,3
4,1472069980,1472069982,2
4,1472069983,1472069987,4
1,1472069985,1472069986,1
4,1472069987,1472069989,2
4,1472069989,1472070036,47
1,1472069994,1472070001,7
14,1472069999,1472070009,10
1,1472070009,1472070011,2
1,1472070020,1472070038,18
4,1472070036,1472070039,3
4,1472070039,1472070041,2
4,1472070041,1472070048,7
10,1472070042,1472070045,3
4,1472070048,1472070052,4
10,1472070048,1472070052,4
4,1472070052,1472070056,4
4,1472070057,1472070060,3
4,1472070061,1472070063,2
4,1472070063,1472070065,2
4,1472070067,1472070077,10
1,1472070070,1472070076,6
4,1472070077,1472070080,3
4,1472070081,1472070089,8
10,1472070082,1472070084,2
4,1472070090,1472070096,6
1,1472070093,1472070095,2
4,1472070096,1472070098,2
10,1472070097,1472070098,1
4,1472070098,1472070111,13
1,1472070110,1472070114,4
4,1472070112,1472070122,10
1,1472070120,1472070121,1
4,1472070123,1472070126,3
4,1472070126,1472070128,2
4,1472070128,1472070131,3
4,1472070131,1472070133,2
4,1472070133,1472070135,2
1,1472070139,1472070141,2
4,1472070142,1472070145,3
4,1472070145,1472070154,9
1,1472070157,1472070161,4
4,1472070165,1472070167,2
4,1472070167,1472070172,5
4,1472070172,1472070179,7
4,1472070179,1472070185,6
1,1472070183,1472070202,19
4,1472070186,1472070195,9
4,1472070195,1472070200,5
4,1472070203,1472070228,25
10,1472070204,1472070206,2
1,1472070217,1472070237,20
4,1472070231,1472070234,3
4,1472070234,1472070237,3
4,1472070237,1472070240,3
4,1472070240,1472070245,5
1,1472070240,1472070277,37
4,1472070246,1472070252,6
4,1472070255,1472070261,6
4,1472070264,1472070293,29
1,1472070287,1472070306,19
4,1472070294,1472070298,4
10,1472070296,1472070298,2
4,1472070298,1472070301,3
4,1472070306,1472070313,7
1,1472070310,1472070325,15
4,1472070313,1472070316,3
4,1472070319,1472070325,6
4,1472070326,1472070329,3
1,1472070329,1472070359,30
4,1472070337,1472070342,5
4,1472070350,1472070355,5
4,1472070355,1472070361,6
4,1472070361,1472070365,4
1,1472070362,1472070369,7
4,1472070365,1472070369,4
4,1472070369,1472070372,3
4,1472070372,1472070393,21
1,1472070382,1472070391,9
4,1472070393,1472070398,5
1,1472070395,1472070397,2
4,1472070398,1472070408,10
1,1472070401,1472070407,6
4,1472070410,1472070803,393
1,1472070416,1472070419,3
1,1472070423,1472070429,6
14,1472070427,1472070437,10
1,1472070438,1472070449,11
1,1472070453,1472070470,17
1,1472070679,1472070684,5
1,1472070689,1472070692,3
1,1472070720,1472070724,4
1,1472070730,1472070740,10
1,1472070787,1472070802,15
4,1472070803,1472070817,14
10,1472070804,1472070817,13
1,1472070812,1472070814,2
10,1472070817,1472070818,1
4,1472070818,1472070821,3
10,1472070818,1472070819,1
10,1472070819,1472070820,1
4,1472070821,1472070940,119
1,1472070828,1472070832,4
1,1472070897,1472070900,3
1,1472070906,1472070910,4
1,1472070919,1472070934,15
1,1472070938,1472070939,1
4,1472070940,1472070944,4
10,1472070941,1472070944,3
10,1472070944,1472070945,1
4,1472070945,1472070952,7
1,1472070947,1472070951,4
4,1472070952,1472070954,2
10,1472070953,1472070954,1
4,1472070954,1472070959,5
1,1472070955,1472070960,5
1,1472070973,1472070978,5
1,1472070982,1472070984,2
1,1472070989,1472070993,4
1,1472071006,1472071012,6
4,1472071013,1472071016,3
1,1472071017,1472071019,2
4,1472071028,1472071035,7
1,1472071031,1472071045,14
4,1472071038,1472071056,18
1,1472071054,1472071055,1
4,1472071056,1472071058,2
4,1472071059,1472071061,2
1,1472071062,1472071082,20
10,1472071084,1472071085,1
4,1472071085,1472071090,5
4,1472071093,1472071097,4
1,1472071095,1472071098,3
4,1472071100,1472071106,6
10,1472071100,1472071102,2
4,1472071106,1472071110,4
4,1472071114,1472071135,21
1,1472071116,1472071128,12
4,1472071137,1472071140,3
4,1472071140,1472071145,5
1,1472071145,1472071146,1
4,1472071145,1472071149,4
1,1472071150,1472071156,6
4,1472071169,1472071171,2
4,1472071171,1472071174,3
4,1472071174,1472071179,5
1,1472071177,1472071193,16
10,1472071179,1472071180,1
4,1472071183,1472071191,8
4,1472071193,1472071196,3
4,1472071196,1472071198,2
4,1472071198,1472071202,4
10,1472071198,1472071200,2
4,1472071203,1472071205,2
4,1472071205,1472071212,7
1,1472071207,1472071211,4
1,1472071214,1472071217,3
1,1472071221,1472071242,21
4,1472071226,1472071229,3
4,1472071233,1472071236,3
4,1472071242,1472071244,2
10,1472071245,1472071246,1
4,1472071246,1472071248,2
4,1472071248,1472071251,3
4,1472071251,1472071262,11
1,1472071254,1472071261,7
4,1472071262,1472071264,2
1,1472071265,1472071270,5
4,1472071269,1472071273,4
4,1472071273,1472071278,5
1,1472071276,1472071277,1
4,1472071279,1472071285,6
1,1472071282,1472071284,2
4,1472071287,1472071297,10
1,1472071291,1472071295,4
4,1472071299,1472071301,2
1,1472071299,1472071301,2
4,1472071301,1472071345,44
1,1472071317,1472071322,5
1,1472071327,1472071332,5
1,1472071341,1472071344,3
1,1472071361,1472071362,1
1,1472071366,1472071384,18
4,1472071377,1472071382,5
4,1472071382,1472071385,3
4,1472071387,1472071390,3
4,1472071392,1472071397,5
1,1472071393,1472071407,14
4,1472071399,1472071402,3
4,1472071402,1472071404,2
4,1472071408,1472071411,3
4,1472071411,1472071424,13
1,1472071412,1472071443,31
4,1472071424,1472071432,8
4,1472071432,1472071443,11
4,1472071444,1472071446,2
4,1472071447,1472071450,3
1,1472071451,1472071453,2
1,1472071458,1472071466,8
4,1472071469,1472071472,3
4,1472071475,1472071478,3
4,1472071479,1472071482,3
4,1472071484,1472071489,5
4,1472071489,1472071492,3
4,1472071493,1472071510,17
1,1472071498,1472071499,1
4,1472071510,1472071585,75
1,1472071516,1472071517,1
1,1472071522,1472071536,14
14,1472071534,1472071545,11
1,1472071546,1472071549,3
1,1472071554,1472071555,1
1,1472071563,1472071584,21
4,1472071585,1472071587,2
4,1472071587,1472071591,4
1,1472071590,1472071596,6
4,1472071591,1472071619,28
14,1472071595,1472071605,10
1,1472071606,1472071652,46
14,1472071616,1472071650,34
11,1472071618,1472071625,7
4,1472071620,1472071622,2
4,1472071622,1472071625,3
11,1472071625,1472071650,25
5,1472071648,1472071650,2
4,1472071650,1472071653,3
4,1472071653,1472071676,23
1,1472071657,1472071661,4
14,1472071661,1472071668,7
1,1472071673,1472071675,2
4,1472071676,1472071679,3
4,1472071679,1472071681,2
4,1472071681,1472071683,2
4,1472071683,1472071686,3
4,1472071686,1472071689,3
4,1472071689,1472071691,2
4,1472071691,1472071694,3
4,1472071694,1472071696,2
4,1472071697,1472071699,2
4,1472071699,1472071702,3
4,1472071702,1472071785,83
1,1472071702,1472071706,4
14,1472071706,1472071714,8
1,1472071714,1472071716,2
1,1472071721,1472071731,10
1,1472071736,1472071744,8
1,1472071756,1472071758,2
1,1472071766,1472071781,15
4,1472071787,1472071790,3
4,1472071791,1472071793,2
4,1472071794,1472071796,2
4,1472071797,1472071799,2
4,1472071799,1472071805,6
4,1472071805,1472071807,2
4,1472071807,1472071812,5
4,1472071812,1472071822,10
4,1472071822,1472071875,53
1,1472071852,1472071856,4
1,1472071863,1472071882,19
4,1472071879,1472071885,6
4,1472071885,1472071887,2
10,1472071886,1472071887,1
4,1472071891,1472071915,24
1,1472071894,1472071901,7
1,1472071912,1472071926,14
4,1472071915,1472071934,19
4,1472071935,1472071937,2
4,1472071938,1472071940,2
4,1472071940,1472071942,2
4,1472071943,1472071945,2
10,1472071944,1472071945,1
4,1472071946,1472071948,2
4,1472071948,1472071950,2
4,1472071950,1472071953,3
4,1472071953,1472071956,3
4,1472071956,1472071959,3
10,1472071958,1472071959,1
4,1472071959,1472071963,4
4,1472071963,1472071965,2
1,1472071963,1472071975,12
4,1472071965,1472071973,8
4,1472071976,1472071979,3
4,1472071979,1472071982,3
4,1472071982,1472071984,2
4,1472071984,1472071987,3
4,1472071987,1472071991,4
1,1472071989,1472072000,11
4,1472072001,1472072003,2
4,1472072006,1472072009,3
4,1472072009,1472072012,3
4,1472072013,1472072018,5
4,1472072018,1472072022,4
4,1472072022,1472072024,2
4,1472072025,1472072034,9
1,1472072037,1472072038,1
4,1472072038,1472072061,23
1,1472072058,1472072061,3
1,1472072065,1472072069,4
1,1472072072,1472072082,10
4,1472072076,1472072080,4
1,1472072085,1472072089,4
1,1472072121,1472072130,9
1,1472072138,1472072140,2
1,1472072148,1472072151,3
1,1472072157,1472072162,5
4,1472072163,1472072168,5
1,1472072165,1472072167,2
4,1472072169,1472072174,5
4,1472072174,1472072176,2
4,1472072177,1472072179,2
10,1472072178,1472072180,2
4,1472072179,1472072183,4
1,1472072181,1472072182,1
4,1472072183,1472072185,2
4,1472072185,1472072188,3
4,1472072188,1472072190,2
10,1472072189,1472072190,1
4,1472072190,1472072266,76
1,1472072217,1472072219,2
1,1472072263,1472072265,2
4,1472072266,1472072270,4
10,1472072267,1472072270,3
4,1472072270,1472072274,4
4,1472072274,1472072277,3
4,1472072277,1472072280,3
1,1472072281,1472072294,13
4,1472072284,1472072287,3
4,1472072293,1472072295,2
4,1472072295,1472072320,25
4,1472072320,1472072344,24
1,1472072324,1472072343,19
1,1472072348,1472072352,4
1,1472072363,1472072368,5
4,1472072367,1472072424,57
1,1472072375,1472072387,12
14,1472072387,1472072397,10
1,1472072398,1472072400,2
1,1472072404,1472072411,7
1,1472072415,1472072423,8
14,1472072421,1472072488,67
11,1472072422,1472072429,7
4,1472072424,1472072426,2
4,1472072427,1472072429,2
11,1472072429,1472072435,6
1,1472072429,1472072454,25
4,1472072430,1472072435,5
11,1472072435,1472072438,3
11,1472072438,1472072448,10
11,1472072448,1472072488,40
1,1472072459,1472072468,9
4,1472072465,1472072469,4
4,1472072469,1472072471,2
4,1472072471,1472072489,18
1,1472072485,1472072491,6
5,1472072487,1472072488,1
14,1472072491,1472072501,10
1,1472072502,1472072520,18
1,1472072526,1472072530,4
14,1472072527,1472072559,32
11,1472072529,1472072535,6
4,1472072530,1472072532,2
4,1472072533,1472072535,2
1,1472072533,1472072565,32
11,1472072535,1472072541,6
4,1472072536,1472072558,22
11,1472072542,1472072559,17
4,1472072559,1472072568,9
14,1472072565,1472072636,71
11,1472072567,1472072573,6
4,1472072568,1472072570,2
4,1472072571,1472072573,2
11,1472072573,1472072595,22
1,1472072590,1472072609,19
11,1472072595,1472072598,3
4,1472072595,1472072602,7
11,1472072599,1472072600,1
11,1472072600,1472072609,9
11,1472072610,1472072636,26
4,1472072610,1472072636,26
1,1472072614,1472072622,8
1,1472072633,1472072638,5
5,1472072634,1472072636,2
4,1472072638,1472072640,2
4,1472072640,1472072643,3
4,1472072644,1472072646,2
1,1472072648,1472072654,6
14,1472072653,1472072660,7
1,1472072660,1472072695,35
14,1472072669,1472072727,58
11,1472072671,1472072679,8
4,1472072673,1472072675,2
4,1472072675,1472072677,2
4,1472072677,1472072689,12
11,1472072679,1472072683,4
11,1472072683,1472072685,2
11,1472072687,1472072717,30
1,1472072714,1472072718,4
11,1472072717,1472072718,1
4,1472072717,1472072725,8
11,1472072718,1472072725,7
1,1472072725,1472072737,12
11,1472072725,1472072727,2
5,1472072726,1472072727,1
4,1472072727,1472072738,11
4,1472072738,1472072741,3
1,1472072743,1472072744,1
4,1472072746,1472072749,3
4,1472072750,1472072754,4
4,1472072754,1472072757,3
1,1472072754,1472072768,14
4,1472072757,1472072763,6
4,1472072767,1472072856,89
1,1472072771,1472072787,16
4,1472072857,1472072862,5
11,1472072858,1472072864,6
4,1472072862,1472072866,4
1,1472072864,1472072866,2
14,1472072866,1472072870,4
1,1472072871,1472072881,10
4,1472072878,1472072882,4
4,1472072882,1472072887,5
10,1472072884,1472072885,1
1,1472072884,1472072898,14
4,1472072890,1472072895,5
4,1472072898,1472072902,4
1,1472072903,1472072916,13
4,1472072907,1472072909,2
4,1472072910,1472072916,6
4,1472072918,1472072951,33
1,1472072922,1472072924,2
1,1472072930,1472072933,3
14,1472072933,1472072940,7
1,1472072941,1472072948,7
4,1472072951,1472072987,36
1,1472072952,1472072956,4
14,1472072955,1472072963,8
1,1472072964,1472072969,5
1,1472072976,1472072987,11
4,1472072988,1472073037,49
1,1472072992,1472072999,7
1,1472073020,1472073033,13
14,1472073029,1472073062,33
11,1472073037,1472073043,6
1,1472073038,1472073039,1
4,1472073038,1472073040,2
4,1472073040,1472073044,4
11,1472073043,1472073054,11
1,1472073044,1472073055,11
11,1472073054,1472073055,1
11,1472073055,1472073062,7
1,1472073059,1472073070,11
5,1472073061,1472073062,1
4,1472073062,1472073071,9
4,1472073071,1472073076,5
1,1472073076,1472073078,2
4,1472073079,1472073142,63
1,1472073084,1472073089,5
14,1472073088,1472073096,8
1,1472073097,1472073098,1
1,1472073101,1472073106,5
1,1472073112,1472073118,6
1,1472073139,1472073141,2
4,1472073142,1472073185,43
1,1472073145,1472073147,2
1,1472073152,1472073155,3
1,1472073158,1472073162,4
14,1472073161,1472073168,7
1,1472073180,1472073193,13
14,1472073193,1472073200,7
1,1472073201,1472073206,5
1,1472073224,1472073227,3
4,1472073228,1472075543,2315
1,1472073231,1472073235,4
14,1472073234,1472073244,10
1,1472073245,1472073252,7
1,1472073256,1472073264,8
1,1472075430,1472075470,40
1,1472075477,1472075488,11
1,1472075491,1472075498,7
1,1472075505,1472075529,24
1,1472075538,1472075543,5
4,1472075543,1472075554,11
10,1472075545,1472075548,3
1,1472075549,1472075556,7
4,1472075557,1472075561,4
10,1472075558,1472075560,2
10,1472075560,1472075561,1
4,1472075561,1472075584,23
1,1472075563,1472075612,49
10,1472075583,1472075584,1
4,1472075584,1472075614,30
4,1472075615,1472075617,2
4,1472075618,1472075624,6
1,1472075620,1472075621,1
4,1472075624,1472075628,4
1,1472075629,1472075653,24
4,1472075654,1472075656,2
4,1472075656,1472075658,2
4,1472075658,1472075662,4
4,1472075662,1472075667,5
1,1472075666,1472075670,4
4,1472075667,1472075743,76
1,1472075673,1472075742,69
4,1472075743,1472075745,2
4,1472075746,1472075749,3
4,1472075750,1472075753,3
4,1472075753,1472075759,6
1,1472075754,1472075758,4
4,1472075759,1472075778,19
1,1472075762,1472075763,1
1,1472075767,1472075777,10
4,1472075778,1472075780,2
4,1472075781,1472075783,2
1,1472075784,1472075787,3
4,1472075788,1472075801,13
1,1472075793,1472075800,7
4,1472075801,1472075804,3
4,1472075804,1472075811,7
1,1472075806,1472075810,4
4,1472075811,1472075825,14
1,1472075816,1472075824,8
4,1472075825,1472075828,3
4,1472075828,1472075832,4
4,1472075832,1472075842,10
1,1472075836,1472075841,5
4,1472075842,1472075844,2
4,1472075845,1472075848,3
4,1472075848,1472075858,10
1,1472075851,1472075858,7
4,1472075858,1472075862,4
4,1472075862,1472075864,2
1,1472075866,1472075867,1
4,1472075868,1472075882,14
1,1472075873,1472075881,8
4,1472075882,1472075884,2
4,1472075884,1472075887,3
1,1472075885,1472075894,9
4,1472075887,1472075889,2
4,1472075889,1472075895,6
4,1472075895,1472075906,11
1,1472075900,1472075906,6
4,1472075907,1472075909,2
4,1472075909,1472075914,5
1,1472075911,1472075913,2
4,1472075914,1472075919,5
1,1472075918,1472075931,13
4,1472075932,1472075934,2
4,1472075935,1472075937,2
4,1472075937,1472075940,3
4,1472075940,1472075943,3
4,1472075943,1472075954,11
1,1472075944,1472075954,10
4,1472075955,1472075957,2
4,1472075958,1472075961,3
4,1472075961,1472075973,12
1,1472075965,1472075971,6
4,1472075973,1472075983,10
1,1472075976,1472075983,7
4,1472075984,1472075988,4
4,1472075989,1472075994,5
1,1472075991,1472075996,5
4,1472075994,1472076018,24
1,1472076000,1472076018,18
4,1472076018,1472076021,3
4,1472076021,1472076025,4
4,1472076025,1472076036,11
1,1472076028,1472076035,7
4,1472076036,1472076040,4
4,1472076040,1472076044,4
4,1472076044,1472076055,11
1,1472076047,1472076054,7
4,1472076055,1472076057,2
4,1472076058,1472076063,5
1,1472076060,1472076062,2
4,1472076063,1472076075,12
1,1472076066,1472076074,8
4,1472076075,1472076079,4
4,1472076079,1472076084,5
4,1472076084,1472076099,15
1,1472076091,1472076098,7
4,1472076099,1472076101,2
4,1472076102,1472076106,4
4,1472076106,1472076109,3
4,1472076109,1472076120,11
1,1472076112,1472076119,7
4,1472076120,1472076122,2
4,1472076123,1472076125,2
4,1472076125,1472076137,12
1,1472076129,1472076136,7
4,1472076138,1472076141,3
4,1472076141,1472076144,3
4,1472076144,1472076156,12
1,1472076150,1472076156,6
4,1472076157,1472076159,2
4,1472076159,1472076162,3
4,1472076162,1472076174,12
1,1472076165,1472076174,9
4,1472076175,1472076177,2
4,1472076177,1472076181,4
4,1472076181,1472076194,13
1,1472076185,1472076193,8
4,1472076194,1472076197,3
4,1472076197,1472076200,3
4,1472076200,1472076260,60
1,1472076204,1472076251,47
1,1472076255,1472076258,3
4,1472076260,1472076262,2
10,1472076260,1472076262,2
4,1472076262,1472076269,7
10,1472076263,1472076264,1
4,1472076269,1472076271,2
4,1472076272,1472076276,4
4,1472076276,1472076278,2
4,1472076279,1472076281,2
4,1472076281,1472076333,52
1,1472076288,1472076293,5
1,1472076300,1472076318,18
1,1472076325,1472076332,7
4,1472076333,1472076335,2
4,1472076336,1472076340,4
1,1472076338,1472076349,11
4,1472076340,1472076358,18
1,1472076353,1472076357,4
4,1472076358,1472076361,3
10,1472076359,1472076360,1
4,1472076363,1472076367,4
4,1472076367,1472076416,49
1,1472076371,1472076387,16
1,1472076390,1472076438,48
4,1472076416,1472076440,24
1,1472076444,1472076479,35
1,1472076482,1472076484,2
1,1472076488,1472076490,2
1,1472076494,1472076506,12
1,1472076561,1472076564,3
4,1472076564,1472076567,3
4,1472076570,1472077042,472
1,1472076577,1472076582,5
4,1472077042,1472077045,3
4,1472077045,1472077048,3
4,1472077048,1472077050,2
4,1472077050,1472077095,45
1,1472077074,1472077088,14
1,1472077091,1472077094,3
4,1472077095,1472077099,4
4,1472077099,1472077101,2
4,1472077102,1472077105,3
4,1472077105,1472077115,10
1,1472077109,1472077121,12
4,1472077116,1472077120,4
4,1472077121,1472077134,13
1,1472077125,1472077127,2
1,1472077132,1472077134,2
1,1472077138,1472077146,8
1,1472077216,1472077227,11
4,1472077225,1472077231,6
4,1472077231,1472077299,68
1,1472077231,1472077240,9
1,1472077266,1472077269,3
1,1472077293,1472077299,6
4,1472077301,1472077304,3
1,1472077527,1472077544,17
1,1472077548,1472077564,16
1,1472077567,1472077577,10
1,1472077587,1472077588,1
1,1472077777,1472077783,6
1,1472077815,1472077819,4
4,1472078062,1472078066,4
1,1472078063,1472078075,12
4,1472078067,1472078071,4
4,1472078072,1472078075,3
4,1472078076,1472078080,4
4,1472078080,1472078082,2
4,1472078084,1472078089,5
4,1472078089,1472078093,4
4,1472078093,1472078106,13
1,1472078103,1472078114,11
4,1472078108,1472078112,4
4,1472078115,1472078164,49
4,1472078165,1472078167,2
4,1472078167,1472078169,2
4,1472078169,1472078180,11
1,1472078172,1472078187,15
4,1472078189,1472078243,54
1,1472078202,1472078205,3
1,1472078238,1472078242,4
4,1472078243,1472078246,3
4,1472078246,1472078248,2
4,1472078248,1472078250,2
4,1472078250,1472078252,2
4,1472078253,1472078256,3
1,1472078254,1472078255,1
4,1472078256,1472078265,9
10,1472078258,1472078259,1
1,1472078263,1472078267,4
4,1472078273,1472078282,9
1,1472078274,1472078275,1
4,1472078282,1472078287,5
1,1472078283,1472078284,1
4,1472078287,1472078295,8
1,1472078290,1472078291,1
4,1472078295,1472078305,10
1,1472078298,1472078299,1
1,1472078303,1472078308,5
4,1472078309,1472078311,2
4,1472078311,1472078314,3
1,1472078315,1472078326,11
4,1472078316,1472078321,5
4,1472078323,1472078342,19
1,1472078333,1472078341,8
4,1472078342,1472078348,6
1,1472078345,1472078348,3
1,1472078353,1472078359,6
1,1472078370,1472078376,6
1,1472078896,1472078897,1
1,1472081726,1472081737,11
1,1472081753,1472081763,10
1,1472082007,1472082010,3
1,1472082228,1472082237,9
1,1472082491,1472082494,3
5,1472082494,1472082497,3
6,1472082495,1472082496,1
1,1472082675,1472082679,4
1,1472082729,1472082733,4
1,1472082869,1472082907,38
1,1472082913,1472082929,16
4,1472082948,1472082959,11
1,1472082949,1472082964,15
4,1472082960,1472082972,12
4,1472082972,1472082982,10
1,1472082978,1472082981,3
4,1472082984,1472082997,13
1,1472082986,1472082996,10
4,1472082998,1472083041,43
4,1472083041,1472083076,35
1,1472083043,1472083047,4
1,1472083074,1472083079,5
4,1472083076,1472083080,4
4,1472083080,1472083112,32
1,1472083084,1472083095,11
1,1472083100,1472083104,4
1,1472083109,1472083124,15
4,1472083123,1472083132,9
4,1472083132,1472083136,4
1,1472083134,1472083135,1
4,1472083136,1472083140,4
4,1472083140,1472083172,32
1,1472083140,1472083145,5
1,1472083169,1472083185,16
4,1472083186,1472083207,21
1,1472083200,1472083205,5
4,1472083207,1472083210,3
10,1472083208,1472083210,2
4,1472083210,1472083217,7
1,1472083211,1472083217,6
4,1472083218,1472083224,6
1,1472083220,1472083225,5
1,1472083230,1472083232,2
4,1472083233,1472083236,3
10,1472083234,1472083235,1
4,1472083236,1472083238,2
4,1472083238,1472083240,2
4,1472083240,1472083242,2
4,1472083243,1472083246,3
1,1472083245,1472083257,12
4,1472083246,1472083255,9
4,1472083261,1472083263,2
4,1472083263,1472083270,7
1,1472083264,1472083273,9
4,1472083270,1472083277,7
4,1472083279,1472083282,3
4,1472083282,1472083285,3
4,1472083286,1472083296,10
1,1472083289,1472083296,7
4,1472083296,1472083298,2
4,1472083299,1472083304,5
1,1472083300,1472083305,5
4,1472083304,1472083306,2
4,1472083308,1472083314,6
4,1472083314,1472083317,3
1,1472083314,1472083315,1
1,1472083319,1472083321,2
4,1472083321,1472083340,19
1,1472083328,1472083334,6
1,1472083338,1472083343,5
4,1472083340,1472083343,3
4,1472083343,1472083347,4
4,1472083347,1472083353,6
1,1472083347,1472083359,12
4,1472083360,1472083362,2
4,1472083362,1472083370,8
10,1472083362,1472083363,1
1,1472083367,1472083369,2
4,1472083371,1472083373,2
4,1472083373,1472083376,3
4,1472083376,1472083378,2
4,1472083378,1472083382,4
4,1472083383,1472083385,2
4,1472083385,1472083393,8
1,1472083389,1472083392,3
4,1472083393,1472083407,14
1,1472083399,1472083406,7
4,1472083407,1472083410,3
1,1472083431,1472083477,46
4,1472083436,1472083443,7
4,1472083445,1472083453,8
10,1472083446,1472083447,1
4,1472083454,1472083474,20
4,1472083478,1472083480,2
1,1472083483,1472083487,4
4,1472083485,1472083488,3
4,1472083489,1472083502,13
1,1472083490,1472083492,2
1,1472083498,1472083501,3
4,1472083502,1472083505,3
4,1472083505,1472083507,2
4,1472083508,1472083510,2
4,1472083510,1472083512,2
4,1472083512,1472083514,2
4,1472083515,1472083517,2
4,1472083517,1472083520,3
4,1472083520,1472083523,3
1,1472083520,1472083522,2
4,1472083523,1472083525,2
4,1472083526,1472083528,2
4,1472083528,1472083530,2
4,1472083530,1472083532,2
4,1472083532,1472083553,21
1,1472083537,1472083546,9
1,1472083550,1472083559,9
4,1472083554,1472083558,4
4,1472083560,1472083562,2
4,1472083562,1472083577,15
1,1472083563,1472083568,5
4,1472083577,1472083579,2
4,1472083579,1472083601,22
1,1472083597,1472083599,2
4,1472083601,1472083603,2
4,1472083604,1472083606,2
4,1472083607,1472083611,4
4,1472083611,1472083615,4
1,1472083614,1472083615,1
4,1472083618,1472083621,3
1,1472083619,1472083624,5
4,1472083622,1472083625,3
1,1472083628,1472083629,1
4,1472083630,1472083648,18
1,1472083633,1472083660,27
4,1472083648,1472083661,13
4,1472083661,1472083695,34
1,1472083665,1472083670,5
1,1472083683,1472083685,2
1,1472083689,1472083693,4
1,1472083787,1472083790,3
1,1472083797,1472083812,15
1,1472083825,1472083856,31
4,1472083849,1472083853,4
4,1472083854,1472083856,2
4,1472083857,1472083861,4
10,1472083858,1472083861,3
4,1472083862,1472083865,3
4,1472083865,1472083873,8
1,1472083866,1472083869,3
4,1472083874,1472083910,36
1,1472083876,1472083883,7
14,1472083880,1472091088,7208
1,1472083888,1472083890,2
1,1472083907,1472083916,9
14,1472083914,1472091120,7206
1,1472083926,1472083931,5
4,1472083932,1472083935,3
10,1472083934,1472083940,6
1,1472083939,1472083942,3
4,1472083942,1472083945,3
10,1472083943,1472083945,2
4,1472083945,1472083947,2
1,1472083948,1472083955,7
4,1472083950,1472083956,6
4,1472083956,1472083963,7
1,1472083959,1472083967,8
4,1472083963,1472083966,3
1,1472083972,1472083975,3
4,1472083976,1472083980,4
4,1472083980,1472083984,4
1,1472083981,1472083982,1
4,1472083984,1472084071,87
1,1472083985,1472084000,15
14,1472083991,1472091197,7206
1,1472084019,1472084021,2
1,1472084028,1472084037,9
1,1472084042,1472084051,9
1,1472084066,1472084067,1
4,1472084072,1472084074,2
4,1472084074,1472084087,13
4,1472084093,1472084096,3
4,1472084096,1472084099,3
4,1472084100,1472084104,4
10,1472084101,1472084103,2
4,1472084104,1472084106,2
4,1472084107,1472084114,7
10,1472084109,1472084111,2
4,1472084114,1472084116,2
4,1472084116,1472084119,3
4,1472084119,1472084122,3
4,1472084122,1472084124,2
1,1472084125,1472084126,1
4,1472084126,1472084129,3
4,1472084130,1472084134,4
4,1472084136,1472084141,5
4,1472084142,1472084146,4
10,1472084144,1472084145,1
4,1472084146,1472084150,4
4,1472084150,1472084152,2
4,1472084153,1472084160,7
4,1472084160,1472084163,3
4,1472084163,1472084168,5
4,1472084168,1472084179,11
10,1472084177,1472084180,3
4,1472084179,1472084200,21
1,1472084184,1472084211,27
4,1472084201,1472084208,7
10,1472084201,1472084202,1
4,1472084209,1472084212,3
4,1472084212,1472084216,4
4,1472084216,1472084219,3
1,1472084220,1472084227,7
4,1472084224,1472084235,11
1,1472084231,1472084235,4
1,1472084245,1472084250,5
4,1472084247,1472084250,3
4,1472084251,1472084254,3
1,1472084254,1472084267,13
4,1472084262,1472084265,3
1,1472084271,1472084274,3
4,1472084277,1472084279,2
10,1472084279,1472084280,1
4,1472084280,1472084285,5
10,1472084281,1472084285,4
4,1472084286,1472084293,7
10,1472084287,1472084288,1
10,1472084288,1472084293,5
4,1472084293,1472084296,3
4,1472084296,1472084300,4
10,1472084298,1472084300,2
4,1472084300,1472084305,5
4,1472084305,1472084378,73
1,1472084305,1472084315,10
1,1472084323,1472084344,21
14,1472084341,1472091549,7208
1,1472084348,1472084350,2
1,1472084357,1472084371,14
1,1472084374,1472084377,3
4,1472084378,1472084381,3
4,1472084381,1472084391,10
4,1472084393,1472084396,3
4,1472084396,1472084408,12
4,1472084408,1472084411,3
4,1472084411,1472084413,2
4,1472084414,1472084417,3
4,1472084418,1472084421,3
10,1472084421,1472084434,13
4,1472084434,1472084436,2
10,1472084435,1472084436,1
4,1472084436,1472084445,9
4,1472084447,1472084451,4
4,1472084451,1472084461,10
1,1472084454,1472084460,6
4,1472084462,1472084464,2
4,1472084464,1472084467,3
4,1472084467,1472084470,3
4,1472084470,1472084472,2
1,1472084471,1472084489,18
4,1472084473,1472084476,3
4,1472084479,1472084490,11
4,1472084490,1472084517,27
10,1472084492,1472084493,1
1,1472084493,1472084499,6
14,1472084497,1472091703,7206
1,1472084513,1472084527,14
14,1472084521,1472091727,7206
1,1472084543,1472084545,2
1,1472084552,1472084569,17
4,1472084564,1472084570,6
4,1472084570,1472084575,5
1,1472084572,1472084583,11
4,1472084576,1472084687,111
14,1472084582,1472091791,7209
1,1472084654,1472084656,2
1,1472084674,1472084692,18
14,1472084691,1472091898,7207
1,1472084705,1472084710,5
4,1472084708,1472084730,22
1,1472084714,1472084717,3
14,1472084716,1472091922,7206
1,1472084728,1472084736,8
14,1472084734,1472091941,7207
1,1472084740,1472084742,2
1,1472084775,1472084788,13
4,1472084781,1472084789,8
14,1472084784,1472091994,7210
4,1472084789,1472084808,19
1,1472084791,1472084796,5
14,1472084795,1472092001,7206
1,1472084805,1472084812,7
4,1472084808,1472084834,26
14,1472084812,1472092018,7206
1,1472084824,1472084841,17
4,1472084835,1472084896,61
14,1472084839,1472092045,7206
1,1472084892,1472084896,4
1,1472084903,1472084910,7
4,1472084907,1472084913,6
4,1472084913,1472084927,14
1,1472084913,1472084915,2
1,1472084923,1472084937,14
4,1472084927,1472084932,5
1,1472084940,1472084943,3
1,1472084946,1472084958,12
1,1472084963,1472084973,10
1,1472084982,1472084989,7
1,1472084995,1472084997,2
4,1472085001,1472085012,11
1,1472085007,1472085011,4
1,1472085017,1472085027,10
1,1472085034,1472085037,3
1,1472085060,1472085075,15
1,1472085086,1472085095,9
1,1472085099,1472085107,8
1,1472085113,1472085114,1
4,1472085114,1472085118,4
4,1472085122,1472085126,4
4,1472085127,1472085266,139
1,1472085132,1472085134,2
1,1472085142,1472085143,1
1,1472085249,1472085259,10
1,1472085263,1472085265,2
4,1472085266,1472085268,2
10,1472085269,1472085270,1
4,1472085270,1472085272,2
4,1472085273,1472085275,2
4,1472085275,1472085278,3
4,1472085280,1472085282,2
4,1472085282,1472085285,3
4,1472085285,1472085290,5
10,1472085286,1472085290,4
4,1472085291,1472085293,2
4,1472085293,1472085296,3
4,1472085297,1472085299,2
4,1472085300,1472085302,2
4,1472085302,1472085304,2
4,1472085304,1472085306,2
4,1472085306,1472085308,2
4,1472085309,1472085342,33
1,1472085312,1472085327,15
5,1472085315,1472085318,3
1,1472085337,1472085346,9
4,1472085344,1472085347,3
4,1472085347,1472085352,5
10,1472085352,1472085360,8
1,1472085356,1472085357,1
4,1472085360,1472085362,2
1,1472085361,1472085362,1
1,1472085371,1472085374,3
4,1472085375,1472085378,3
4,1472085378,1472085381,3
10,1472085379,1472085381,2
4,1472085383,1472085386,3
4,1472085387,1472085389,2
4,1472085389,1472085392,3
4,1472085392,1472085399,7
10,1472085394,1472085395,1
1,1472085396,1472085401,5
4,1472085400,1472085402,2
10,1472085401,1472085402,1
4,1472085403,1472085419,16
1,1472085406,1472085429,23
4,1472085419,1472085423,4
4,1472085427,1472085430,3
1,1472085434,1472085446,12
4,1472085447,1472085451,4
1,1472085458,1472085461,3
4,1472085461,1472085544,83
1,1472085530,1472085540,10
4,1472085545,1472085547,2
1,1472085546,1472085553,7
4,1472085547,1472085553,6
4,1472085554,1472085556,2
4,1472085556,1472085560,4
4,1472085562,1472085565,3
4,1472085566,1472085694,128
1,1472085571,1472085576,5
1,1472085585,1472085589,4
1,1472085625,1472085637,12
1,1472085681,1472085682,1
1,1472085686,1472085689,3
4,1472085694,1472085696,2
4,1472085697,1472085741,44
10,1472085697,1472085698,1
10,1472085699,1472085709,10
1,1472085708,1472085734,26
1,1472085738,1472085747,9
4,1472085741,1472085744,3
4,1472085744,1472085748,4
4,1472085748,1472085756,8
1,1472085750,1472085762,12
1,1472085765,1472085782,17
1,1472085806,1472085812,6
4,1472085813,1472085816,3
4,1472085816,1472085818,2
4,1472085819,1472085822,3
10,1472085820,1472085822,2
4,1472085823,1472085827,4
4,1472085829,1472085832,3
4,1472085833,1472085839,6
1,1472085834,1472085840,6
4,1472085840,1472085843,3
4,1472085844,1472085848,4
1,1472085849,1472085853,4
4,1472085853,1472085877,24
10,1472085853,1472085855,2
4,1472085877,1472085879,2
4,1472085879,1472085885,6
1,1472085881,1472085885,4
4,1472085886,1472085888,2
1,1472085889,1472085901,12
4,1472085895,1472085901,6
4,1472085902,1472085904,2
4,1472085904,1472085906,2
4,1472085906,1472085912,6
1,1472085907,1472085913,6
1,1472085917,1472085921,4
10,1472085921,1472085930,9
4,1472085930,1472085936,6
1,1472085932,1472085957,25
4,1472085941,1472085949,8
4,1472085952,1472085955,3
4,1472085958,1472085962,4
4,1472085962,1472085965,3
1,1472085964,1472085968,4
4,1472085967,1472085969,2
4,1472085969,1472085972,3
1,1472085975,1472085980,5
10,1472085979,1472085980,1
4,1472085980,1472085987,7
4,1472085987,1472085991,4
4,1472085991,1472085994,3
4,1472085994,1472085996,2
4,1472085997,1472085999,2
4,1472085999,1472086002,3
4,1472086002,1472086004,2
4,1472086005,1472086007,2
4,1472086007,1472086009,2
4,1472086009,1472086013,4
1,1472086010,1472086028,18
4,1472086013,1472086021,8
4,1472086021,1472086024,3
4,1472086024,1472086029,5
4,1472086029,1472086032,3
10,1472086030,1472086032,2
4,1472086032,1472086036,4
4,1472086037,1472086042,5
10,1472086038,1472086042,4
1,1472086043,1472086047,4
4,1472086047,1472086284,237
1,1472086056,1472086062,6
1,1472086070,1472086076,6
1,1472086261,1472086281,20
11,1472086284,1472086290,6
4,1472086290,1472086311,21
11,1472086290,1472086311,21
1,1472086294,1472086296,2
1,1472086301,1472086303,2
1,1472086306,1472086316,10
4,1472086317,1472086319,2
11,1472086318,1472086320,2
11,1472086320,1472086325,5
1,1472086320,1472086325,5
11,1472086325,1472086327,2
4,1472086326,1472086350,24
11,1472086327,1472086349,22
1,1472086328,1472086332,4
1,1472086337,1472086367,30
11,1472086349,1472086353,4
11,1472086354,1472086357,3
11,1472086357,1472086360,3
11,1472086360,1472086365,5
11,1472086365,1472086484,119
1,1472086379,1472086382,3
1,1472086388,1472086401,13
1,1472086406,1472086411,5
1,1472086414,1472086416,2
1,1472086419,1472086423,4
1,1472086429,1472086446,17
1,1472086453,1472086498,45
11,1472086484,1472086491,7
11,1472086491,1472086493,2
11,1472086494,1472086495,1
11,1472086498,1472086501,3
4,1472086498,1472086501,3
1,1472086561,1472086569,8
1,1472086574,1472086579,5
1,1472086590,1472086597,7
1,1472086602,1472086609,7
4,1472086609,1472086612,3
11,1472086610,1472086613,3
11,1472086613,1472086621,8
1,1472086613,1472086617,4
4,1472086613,1472086634,21
1,1472086620,1472086628,8
11,1472086622,1472086627,5
11,1472086627,1472086628,1
11,1472086628,1472086634,6
11,1472086634,1472086638,4
4,1472086634,1472086646,12
1,1472086638,1472086646,8
11,1472086638,1472086639,1
11,1472086643,1472086644,1
11,1472086646,1472086788,142
4,1472086647,1472086837,190
1,1472086659,1472086665,6
1,1472086676,1472086678,2
1,1472086682,1472086689,7
1,1472086694,1472086705,11
1,1472086730,1472086734,4
1,1472086745,1472086758,13
1,1472086762,1472086778,16
1,1472086784,1472086814,30
11,1472086788,1472086791,3
11,1472086791,1472086792,1
11,1472086792,1472086793,1
11,1472086793,1472086830,37
1,1472086821,1472086909,88
11,1472086830,1472086864,34
11,1472086864,1472087010,146
1,1472086914,1472086926,12
1,1472086943,1472086967,24
1,1472086975,1472086983,8
1,1472086996,1472087019,23
11,1472087010,1472087015,5
11,1472087015,1472087050,35
4,1472087015,1472087108,93
1,1472087022,1472087025,3
1,1472087035,1472087054,19
11,1472087050,1472087077,27
1,1472087060,1472087077,17
11,1472087077,1472087082,5
1,1472087082,1472087085,3
11,1472087082,1472087085,3
11,1472087085,1472087092,7
1,1472087092,1472087094,2
11,1472087092,1472087094,2
11,1472087094,1472087097,3
11,1472087097,1472087107,10
1,1472087102,1472087107,5
11,1472087107,1472087110,3
4,1472087108,1472087111,3
1,1472087176,1472087197,21
4,1472087196,1472087198,2
11,1472087197,1472087201,4
4,1472087199,1472087201,2
11,1472087201,1472087206,5
1,1472087202,1472087227,25
11,1472087206,1472087207,1
4,1472087206,1472087295,89
11,1472087207,1472087339,132
1,1472087233,1472087242,9
1,1472087247,1472087250,3
1,1472087258,1472087275,17
1,1472087279,1472087287,8
1,1472087293,1472087303,10
4,1472087295,1472087298,3
4,1472087298,1472087301,3
4,1472087301,1472087310,9
1,1472087308,1472087309,1
4,1472087310,1472087313,3
4,1472087313,1472087339,26
1,1472087320,1472087324,4
1,1472087327,1472087338,11
11,1472087339,1472087342,3
1,1472087342,1472087370,28
11,1472087342,1472087361,19
11,1472087361,1472087363,2
11,1472087363,1472087365,2
4,1472087363,1472087434,71
11,1472087365,1472087367,2
11,1472087369,1472087394,25
1,1472087388,1472087412,24
11,1472087394,1472087396,2
11,1472087396,1472087434,38
1,1472087419,1472087425,6
1,1472087430,1472087438,8
11,1472087434,1472087437,3
11,1472087438,1472087443,5
1,1472087442,1472087448,6
11,1472087445,1472087446,1
11,1472087446,1472087461,15
1,1472087453,1472087469,16
11,1472087462,1472087512,50
1,1472087473,1472087482,9
1,1472087488,1472087496,8
1,1472087510,1472087524,14
11,1472087512,1472087532,20
4,1472087524,1472087532,8
1,1472087529,1472087534,5
4,1472087535,1472087539,4
1,1472087540,1472087541,1
1,1472087545,1472087569,24
1,1472087585,1472087587,2
1,1472087593,1472087604,11
7,1472087600,1472087601,1
7,1472087600,1472087601,1
7,1472087600,1472087601,1
7,1472087600,1472087601,1
7,1472087600,1472087601,1
1,1472087611,1472087625,14
4,1472087624,1472087626,2
11,1472087625,1472087630,5
4,1472087627,1472087629,2
4,1472087629,1472087841,212
11,1472087630,1472087996,366
1,1472087631,1472087643,12
1,1472087646,1472087653,7
1,1472087658,1472087659,1
1,1472087662,1472087667,5
1,1472087673,1472087682,9
1,1472087685,1472087710,25
1,1472087721,1472087723,2
1,1472087826,1472087830,4
1,1472087833,1472087840,7
4,1472087841,1472087849,8
10,1472087844,1472087849,5
4,1472087849,1472087851,2
1,1472087854,1472087857,3
1,1472087863,1472087866,3
4,1472087866,1472087908,42
10,1472087867,1472087871,4
1,1472087869,1472087872,3
1,1472087902,1472087905,3
4,1472087908,1472087911,3
10,1472087910,1472087911,1
4,1472087911,1472087935,24
10,1472087912,1472087913,1
10,1472087914,1472087935,21
1,1472087915,1472087923,8
1,1472087933,1472087936,3
4,1472087935,1472087938,3
4,1472087938,1472087943,5
10,1472087940,1472087941,1
4,1472087943,1472087945,2
4,1472087945,1472087948,3
4,1472087948,1472087950,2
4,1472087951,1472087961,10
10,1472087953,1472087954,1
1,1472087957,1472087965,8
4,1472087961,1472087966,5
4,1472087966,1472087969,3
4,1472087969,1472087971,2
4,1472087972,1472087981,9
1,1472087974,1472087983,9
4,1472087985,1472087988,3
1,1472087987,1472087994,7
4,1472087989,1472087997,8
1,1472087997,1472088004,7
1,1472088010,1472088013,3
4,1472088014,1472088038,24
1,1472088018,1472088020,2
1,1472088025,1472088032,7
1,1472088036,1472088038,2
4,1472088039,1472088041,2
11,1472088040,1472088043,3
4,1472088042,1472088059,17
11,1472088043,1472088056,13
1,1472088043,1472088059,16
11,1472088057,1472088058,1
11,1472088060,1472088062,2
4,1472088060,1472088064,4
1,1472088062,1472088082,20
11,1472088062,1472088064,2
11,1472088064,1472088078,14
4,1472088080,1472088083,3
11,1472088082,1472088114,32
1,1472088106,1472088119,13
4,1472088115,1472088120,5
4,1472088120,1472088122,2
11,1472088121,1472088124,3
4,1472088122,1472088137,15
11,1472088124,1472088135,11
1,1472088124,1472088129,5
1,1472088132,1472088154,22
11,1472088135,1472088136,1
11,1472088137,1472088138,1
4,1472088137,1472088144,7
11,1472088139,1472088140,1
11,1472088140,1472088141,1
11,1472088141,1472088142,1
11,1472088143,1472088144,1
11,1472088144,1472088243,99
4,1472088144,1472088243,99
1,1472088184,1472088187,3
1,1472088192,1472088197,5
1,1472088202,1472088211,9
1,1472088233,1472088248,15
4,1472088245,1472088258,13
1,1472088253,1472088255,2
1,1472088265,1472088271,6
4,1472088271,1472088277,6
4,1472088278,1472088282,4
4,1472088283,1472088285,2
4,1472088286,1472088292,6
4,1472088292,1472088297,5
1,1472088298,1472088299,1
4,1472088300,1472088303,3
10,1472088301,1472088303,2
10,1472088303,1472088306,3
4,1472088306,1472088308,2
10,1472088307,1472088308,1
10,1472088308,1472088309,1
1,1472088311,1472088321,10
4,1472088314,1472088322,8
10,1472088317,1472088319,2
4,1472088322,1472088335,13
10,1472088325,1472088335,10
1,1472088336,1472088337,1
4,1472088338,1472088341,3
4,1472088341,1472088346,5
1,1472088343,1472088345,2
4,1472088347,1472088351,4
4,1472088354,1472088361,7
10,1472088356,1472088357,1
4,1472088362,1472088365,3
10,1472088363,1472088364,1
4,1472088365,1472088368,3
10,1472088366,1472088367,1
4,1472088368,1472088374,6
4,1472088374,1472088377,3
4,1472088377,1472088380,3
4,1472088380,1472088383,3
4,1472088383,1472088388,5
1,1472088385,1472088387,2
4,1472088388,1472088410,22
1,1472088392,1472088394,2
1,1472088404,1472088416,12
4,1472088415,1472088418,3
4,1472088419,1472088425,6
10,1472088420,1472088421,1
1,1472088420,1472088431,11
4,1472088426,1472088430,4
4,1472088432,1472088434,2
4,1472088434,1472088442,8
1,1472088437,1472088457,20
4,1472088456,1472088467,11
1,1472088465,1472088476,11
1,1472088492,1472088494,2
1,1472088501,1472088511,10
4,1472088507,1472088512,5
4,1472088512,1472088515,3
4,1472088519,1472088521,2
4,1472088521,1472088524,3
4,1472088524,1472088530,6
1,1472088525,1472088531,6
4,1472088533,1472088540,7
1,1472088534,1472088540,6
4,1472088541,1472088545,4
4,1472088545,1472088549,4
4,1472088549,1472088570,21
1,1472088553,1472088567,14
11,1472088571,1472088605,34
4,1472088573,1472088598,25
1,1472088576,1472088586,10
4,1472088599,1472088604,5
4,1472088604,1472088623,19
11,1472088605,1472088622,17
1,1472088618,1472088631,13
4,1472088626,1472088629,3
10,1472088626,1472088628,2
4,1472088629,1472088643,14
10,1472088630,1472088631,1
1,1472088634,1472088639,5
4,1472088643,1472088645,2
10,1472088643,1472088644,1
4,1472088645,1472088656,11
1,1472088648,1472088652,4
11,1472088657,1472088661,4
4,1472088658,1472088660,2
11,1472088661,1472088691,30
4,1472088661,1472088692,31
1,1472088683,1472088696,13
4,1472088696,1472088699,3
10,1472088699,1472088701,2
1,1472088700,1472088701,1
4,1472088701,1472088707,6
4,1472088708,1472088710,2
1,1472088716,1472088729,13
4,1472088731,1472088734,3
11,1472088732,1472088736,4
4,1472088734,1472088736,2
11,1472088736,1472088744,8
1,1472088736,1472088748,12
4,1472088737,1472088762,25
11,1472088744,1472088762,18
1,1472088752,1472088780,28
11,1472088762,1472088780,18
4,1472088762,1472088781,19
11,1472088780,1472088783,3
4,1472088784,1472089122,338
1,1472088872,1472088891,19
1,1472088894,1472088910,16
10,1472088903,1472088925,22
1,1472088929,1472088930,1
1,1472088940,1472088943,3
1,1472088954,1472088976,22
1,1472089029,1472089032,3
1,1472089101,1472089102,1
1,1472089117,1472089124,7
5,1472089120,1472089122,2
1,1472089368,1472089369,1
1,1472089380,1472089383,3
1,1472089386,1472089390,4
4,1472089391,1472089407,16
1,1472089430,1472089466,36
14,1472089465,1472096713,7248
1,1472089479,1472089486,7
1,1472089502,1472089525,23
14,1472089523,1472096766,7243
1,1472089563,1472089572,9
1,1472089579,1472089589,10
1,1472089620,1472089624,4
1,1472089734,1472089735,1
1,1472089739,1472089744,5
14,1472089744,1472096987,7243
1,1472089792,1472089812,20
1,1472127458,1472127470,12
1,1472127476,1472127479,3
1,1472127484,1472127510,26
1,1472127572,1472127583,11
4,1472127587,1472127635,48
1,1472127595,1472127621,26
5,1472127621,1472127630,9
1,1472127631,1472127646,15
4,1472127635,1472127638,3
4,1472127640,1472127644,4
4,1472127647,1472127657,10
4,1472127658,1472127661,3
10,1472127660,1472127661,1
4,1472127661,1472127664,3
10,1472127662,1472127664,2
4,1472127665,1472127667,2
4,1472127668,1472127670,2
4,1472127672,1472127674,2
4,1472127676,1472127680,4
1,1472127678,1472127679,1
4,1472127681,1472127683,2
10,1472127688,1472127689,1
4,1472127689,1472127714,25
1,1472127696,1472127720,24
4,1472127717,1472127771,54
1,1472127724,1472127756,32
1,1472127760,1472127767,7
4,1472127776,1472127818,42
1,1472127777,1472127799,22
1,1472127802,1472127822,20
4,1472127818,1472127824,6
4,1472127824,1472127838,14
1,1472127827,1472127829,2
4,1472127838,1472127845,7
1,1472127841,1472127875,34
4,1472127878,1472127884,6
1,1472127879,1472127885,6
4,1472127884,1472127886,2
4,1472127888,1472127896,8
1,1472127891,1472127893,2
4,1472127898,1472127903,5
1,1472127898,1472127912,14
4,1472127903,1472127913,10
4,1472127914,1472127921,7
1,1472127918,1472127919,1
4,1472127923,1472128036,113
1,1472127926,1472127933,7
4,1472128038,1472128040,2
4,1472128040,1472128044,4
4,1472128046,1472128048,2
4,1472128048,1472128052,4
4,1472128052,1472128056,4
4,1472128056,1472128059,3
10,1472128057,1472128059,2
10,1472128059,1472128061,2
4,1472128061,1472128063,2
4,1472128063,1472128066,3
4,1472128066,1472128074,8
1,1472128068,1472128069,1
4,1472128074,1472128077,3
4,1472128077,1472128082,5
1,1472128080,1472128085,5
4,1472128086,1472128089,3
4,1472128089,1472128093,4
10,1472128089,1472128090,1
4,1472128093,1472128095,2
10,1472128094,1472128095,1
4,1472128095,1472128098,3
4,1472128100,1472128102,2
4,1472128102,1472128104,2
10,1472128102,1472128103,1
4,1472128104,1472128108,4
4,1472128108,1472128110,2
4,1472128111,1472128113,2
4,1472128113,1472128117,4
4,1472128117,1472128121,4
1,1472128119,1472128120,1
4,1472128121,1472128123,2
4,1472128123,1472128128,5
4,1472128128,1472128131,3
4,1472128131,1472128137,6
10,1472128132,1472128133,1
4,1472128137,1472128141,4
1,1472128138,1472128140,2
4,1472128141,1472128145,4
4,1472128145,1472128149,4
4,1472128149,1472128153,4
1,1472128150,1472128152,2
4,1472128153,1472128159,6
1,1472128156,1472128164,8
4,1472128159,1472128164,5
4,1472128164,1472128169,5
1,1472128168,1472128169,1
4,1472128169,1472128177,8
1,1472128172,1472128184,12
4,1472128182,1472128187,5
4,1472128187,1472128190,3
4,1472128190,1472128197,7
4,1472128197,1472128204,7
4,1472128204,1472128212,8
10,1472128204,1472128205,1
10,1472128210,1472128212,2
4,1472128212,1472128215,3
4,1472128215,1472128219,4
4,1472128219,1472128228,9
4,1472128228,1472128232,4
4,1472128232,1472128236,4
10,1472128234,1472128236,2
4,1472128236,1472128241,5
1,1472128239,1472128240,1
4,1472128241,1472128244,3
4,1472128244,1472128246,2
4,1472128246,1472128249,3
4,1472128250,1472128257,7
1,1472128251,1472128256,5
4,1472128257,1472128261,4
1,1472128261,1472128266,5
14,1472128265,1472135477,7212
1,1472128269,1472128271,2
1,1472128275,1472128289,14
14,1472128289,1472135604,7315
11,1472128292,1472128298,6
4,1472128292,1472128294,2
1,1472128292,1472128294,2
4,1472128294,1472128297,3
4,1472128297,1472128319,22
11,1472128298,1472128319,21
1,1472128304,1472128306,2
1,1472128309,1472128319,10
11,1472128319,1472128404,85
1,1472128345,1472128347,2
1,1472128373,1472128377,4
4,1472128377,1472128392,15
1,1472128381,1472128383,2
1,1472128393,1472128395,2
1,1472128401,1472128404,3
5,1472128402,1472128404,2
4,1472128404,1472128407,3
4,1472128407,1472128411,4
10,1472128407,1472128408,1
4,1472128411,1472128421,10
1,1472128412,1472128422,10
4,1472128421,1472128423,2
4,1472128423,1472128426,3
10,1472128425,1472128426,1
4,1472128427,1472128431,4
10,1472128429,1472128431,2
4,1472128439,1472128445,6
10,1472128441,1472128445,4
4,1472128445,1472128447,2
4,1472128448,1472128452,4
1,1472128449,1472128455,6
4,1472128452,1472128456,4
4,1472128456,1472128460,4
1,1472128458,1472128468,10
4,1472128463,1472128469,6
4,1472128470,1472128472,2
4,1472128472,1472128474,2
4,1472128474,1472128476,2
4,1472128477,1472128479,2
4,1472128479,1472128481,2
4,1472128481,1472128485,4
4,1472128485,1472128488,3
4,1472128488,1472128490,2
4,1472128491,1472128493,2
4,1472128493,1472128496,3
4,1472128497,1472128503,6
1,1472128498,1472128510,12
14,1472128508,1472135716,7208
1,1472128514,1472128545,31
4,1472128546,1472128549,3
4,1472128549,1472128552,3
4,1472128552,1472128554,2
10,1472128554,1472128560,6
1,1472128557,1472128564,7
14,1472128563,1472135769,7206
1,1472128580,1472128597,17
1,1472128608,1472128623,15
1,1472128636,1472128638,2
1,1472128649,1472128667,18
1,1472128673,1472128687,14
1,1472128692,1472128702,10
1,1472128705,1472128712,7
1,1472128715,1472128737,22
1,1472128743,1472128750,7
1,1472128753,1472128756,3
1,1472128760,1472128782,22
4,1472128782,1472128784,2
4,1472128785,1472129792,1007
1,1472128789,1472128795,6
1,1472128816,1472128835,19
1,1472128956,1472128961,5
1,1472128986,1472129001,15
1,1472129011,1472129037,26
1,1472129040,1472129052,12
1,1472129063,1472129071,8
1,1472129138,1472129151,13
1,1472129189,1472129193,4
1,1472129333,1472129339,6
1,1472129730,1472129741,11
1,1472129747,1472129750,3
1,1472129760,1472129763,3
1,1472129770,1472129771,1
1,1472129787,1472129792,5
4,1472129793,1472129795,2
4,1472129795,1472129799,4
4,1472129799,1472129801,2
4,1472129801,1472130213,412
1,1472129813,1472129817,4
1,1472129865,1472129872,7
1,1472129877,1472129884,7
1,1472129891,1472129896,5
1,1472129912,1472129916,4
1,1472129920,1472129928,8
1,1472129976,1472129983,7
1,1472129988,1472129989,1
1,1472129995,1472130000,5
1,1472130099,1472130106,7
1,1472130210,1472130212,2
4,1472130214,1472130216,2
4,1472130218,1472130220,2
4,1472130221,1472130223,2
10,1472130221,1472130223,2
4,1472130223,1472130231,8
1,1472130227,1472130233,6
4,1472130231,1472130234,3
4,1472130234,1472130239,5
4,1472130240,1472130242,2
1,1472130240,1472130259,19
4,1472130242,1472130250,8
4,1472130253,1472130274,21
10,1472130260,1472130267,7
1,1472130262,1472130273,11
10,1472130274,1472130280,6
1,1472130277,1472130281,4
1,1472130389,1472130391,2
4,1472130392,1472130400,8
10,1472130394,1472130395,1
10,1472130396,1472130399,3
4,1472130401,1472130404,3
10,1472130402,1472130403,1
4,1472130405,1472130417,12
1,1472130409,1472130412,3
10,1472130414,1472130415,1
1,1472130415,1472130430,15
10,1472130420,1472130435,15
1,1472130434,1472130438,4
1,1472130441,1472130454,13
1,1472130487,1472130488,1
4,1472130489,1472130747,258
10,1472130491,1472130504,13
1,1472130493,1472130500,7
1,1472130504,1472130506,2
1,1472130523,1472130530,7
1,1472130539,1472130546,7
1,1472130574,1472130578,4
1,1472130582,1472130594,12
1,1472130597,1472130607,10
1,1472130613,1472130623,10
1,1472130707,1472130709,2
1,1472130736,1472130739,3
4,1472130747,1472130749,2
4,1472130750,1472130752,2
4,1472130752,1472130760,8
10,1472130753,1472130760,7
4,1472130760,1472130782,22
10,1472130761,1472130771,10
4,1472130783,1472130786,3
4,1472130786,1472130788,2
4,1472130788,1472130791,3
4,1472130791,1472130793,2
4,1472130794,1472130796,2
4,1472130796,1472130804,8
1,1472130799,1472130802,3
1,1472130809,1472130824,15
4,1472130812,1472130816,4
14,1472130822,1472138029,7207
1,1472130837,1472130842,5
4,1472130843,1472130847,4
1,1472130845,1472130856,11
4,1472130848,1472130867,19
10,1472130848,1472130851,3
14,1472130853,1472138060,7207
1,1472130860,1472130862,2
4,1472130868,1472130871,3
10,1472130869,1472130871,2
10,1472130871,1472130874,3
4,1472130874,1472130876,2
4,1472130876,1472130878,2
4,1472130879,1472130891,12
10,1472130880,1472130889,9
4,1472130891,1472130894,3
4,1472130894,1472130900,6
10,1472130895,1472130900,5
4,1472130900,1472130922,22
1,1472130902,1472130907,5
1,1472130917,1472130920,3
4,1472130922,1472130925,3
4,1472130925,1472130935,10
1,1472130932,1472130934,2
4,1472130935,1472130939,4
4,1472130939,1472130945,6
4,1472130945,1472130948,3
4,1472130948,1472130951,3
4,1472130951,1472130953,2
10,1472130951,1472130953,2
4,1472130954,1472130956,2
10,1472130954,1472130955,1
4,1472130957,1472130965,8
4,1472130965,1472130968,3
4,1472130968,1472130970,2
4,1472130970,1472130973,3
1,1472130977,1472130982,5
14,1472130981,1472138188,7207
1,1472130992,1472131003,11
1,1472131010,1472131018,8
4,1472131018,1472131139,121
1,1472131032,1472131036,4
1,1472131039,1472131050,11
1,1472131054,1472131055,1
1,1472131061,1472131077,16
1,1472131089,1472131094,5
1,1472131099,1472131110,11
1,1472131114,1472131120,6
4,1472131139,1472131840,701
1,1472131142,1472131147,5
1,1472131646,1472131668,22
5,1472131659,1472131841,182
1,1472131672,1472131689,17
1,1472131705,1472131715,10
1,1472131718,1472131726,8
1,1472131729,1472131733,4
1,1472131836,1472131847,11
1,1472131861,1472131864,3
1,1472131869,1472131875,6
1,1472131889,1472131893,4
1,1472131921,1472131930,9
1,1472131983,1472131984,1
1,1472132049,1472132051,2
5,1472132051,1472132053,2
4,1472132052,1472132468,416
1,1472132452,1472132456,4
1,1472132462,1472132465,3
1,1472132474,1472132475,1
1,1472132520,1472132529,9
5,1472132527,1472132607,80
4,1472132527,1472132612,85
1,1472132606,1472132616,10
1,1472132657,1472132660,3
1,1472132750,1472132753,3
1,1472132760,1472132770,10
14,1472132770,1472140013,7243
1,1472132775,1472132777,2
1,1472133009,1472133012,3
1,1472142216,1472142222,6
1,1472142230,1472142235,5
1,1472142255,1472142262,7
1,1472142265,1472142303,38
5,1472142285,1472142411,126
1,1472142337,1472142338,1
1,1472142366,1472142370,4
1,1472142384,1472142398,14
1,1472142401,1472142406,5
1,1472142411,1472142418,7
1,1472143011,1472143013,2
6,1472143020,1472143021,1
1,1472143022,1472143027,5
1,1472143039,1472143041,2
1,1472143045,1472143064,19
1,1472143070,1472143074,4
1,1472143079,1472143095,16
1,1472143111,1472143127,16
14,1472143127,1472150395,7268
11,1472143136,1472143195,59
4,1472143136,1472143140,4
4,1472143141,1472143143,2
4,1472143144,1472143146,2
4,1472143146,1472143149,3
1,1472143148,1472143151,3
4,1472143149,1472143154,5
4,1472143157,1472143159,2
4,1472143159,1472143162,3
4,1472143162,1472143164,2
4,1472143165,1472143167,2
1,1472143167,1472143170,3
4,1472143167,1472143169,2
4,1472143170,1472143172,2
4,1472143172,1472143175,3
1,1472143174,1472143188,14
4,1472143175,1472143177,2
4,1472143178,1472143185,7
4,1472143185,1472143187,2
4,1472143187,1472143190,3
4,1472143190,1472143192,2
4,1472143192,1472143195,3
5,1472143194,1472143195,1
1,1472143230,1472143242,12
5,1472143233,1472143234,1
1,1472143259,1472143271,12
1,1472143374,1472143382,8
14,1472143379,1472150903,7524
1,1472143477,1472143485,8
1,1472143769,1472143820,51
4,1472143779,1472143798,19
4,1472143820,1472143864,44
1,1472143849,1472143883,34
4,1472143883,1472143918,35
1,1472143886,1472143899,13
1,1472143906,1472143932,26
4,1472143932,1472144126,194
1,1472143935,1472143946,11
1,1472143950,1472143978,28
5,1472143970,1472143972,2
1,1472143985,1472143989,4
5,1472143989,1472143996,7
1,1472143993,1472143998,5
1,1472144110,1472144120,10
10,1472144125,1472144132,7
4,1472144126,1472144129,3
4,1472144133,1472144139,6
1,1472144134,1472144143,9
4,1472144140,1472144144,4
4,1472144146,1472144149,3
4,1472144153,1472144156,3
4,1472144156,1472144165,9
1,1472144157,1472144170,13
4,1472144168,1472144174,6
1,1472144177,1472144182,5
1,1472144332,1472144355,23
1,1472144358,1472144360,2
1,1472144368,1472144370,2
1,1472144374,1472144425,51
5,1472144400,1472144402,2
5,1472144413,1472144415,2
1,1472144434,1472144439,5
4,1472144438,1472144450,12
1,1472144445,1472144450,5
4,1472144451,1472144462,11
10,1472144453,1472144462,9
4,1472144462,1472144464,2
4,1472144464,1472144473,9
4,1472144473,1472144476,3
1,1472144478,1472144497,19
4,1472144491,1472144498,7
4,1472144498,1472144501,3
4,1472144502,1472144504,2
10,1472144504,1472144506,2
4,1472144508,1472144513,5
10,1472144513,1472144520,7
4,1472144520,1472144522,2
4,1472144522,1472144524,2
4,1472144526,1472144546,20
1,1472144531,1472144538,7
1,1472144542,1472144545,3
4,1472144546,1472144548,2
4,1472144548,1472144573,25
1,1472144554,1472144555,1
1,1472144558,1472144577,19
4,1472144577,1472144579,2
4,1472144584,1472144787,203
1,1472144588,1472144590,2
1,1472144618,1472144622,4
1,1472144775,1472144778,3
1,1472144787,1472144791,4
4,1472144787,1472144896,109
1,1472144837,1472144842,5
1,1472144850,1472144852,2
1,1472144891,1472144912,21
5,1472144894,1472144896,2
4,1472144896,1472144919,23
4,1472144933,1472144941,8
1,1472144952,1472144956,4
5,1472144956,1472145028,72
1,1472144960,1472144973,13
1,1472144986,1472145021,35
1,1472145026,1472145034,8
1,1472145046,1472145055,9
1,1472145145,1472145150,5
1,1472145161,1472145177,16
14,1472145177,1472152641,7464
1,1472145445,1472145447,2
1,1472145450,1472145457,7
1,1472145472,1472145483,11
1,1472145491,1472145500,9
1,1472145506,1472145529,23
4,1472145518,1472145541,23
1,1472145533,1472145555,22
1,1472145561,1472145580,19
4,1472145569,1472145580,11
1,1472145584,1472145593,9
1,1472145602,1472145623,21
4,1472145611,1472145623,12
1,1472145652,1472145661,9
4,1472145661,1472145785,124
1,1472145664,1472145678,14
1,1472145776,1472145792,16
5,1472145784,1472145785,1
4,1472145801,1472145813,12
1,1472145809,1472145836,27
4,1472145823,1472145952,129
1,1472145855,1472145858,3
1,1472145945,1472145956,11
5,1472145950,1472145952,2
4,1472145971,1472145988,17
1,1472145990,1472146003,13
4,1472145994,1472146409,415
14,1472146002,1472153472,7470
1,1472146044,1472146046,2
1,1472146226,1472146229,3
1,1472146318,1472146324,6
5,1472146322,1472146407,85
1,1472146329,1472146334,5
1,1472146400,1472146416,16
1,1472146461,1472146466,5
14,1472146466,1472153907,7441
1,1472146537,1472146547,10
1,1472146550,1472146552,2
1,1472146560,1472146563,3
1,1472146567,1472146572,5
1,1472146578,1472146582,4
1,1472146595,1472146601,6
1,1472146608,1472146613,5
1,1472146616,1472146618,2
1,1472146621,1472146628,7
1,1472146648,1472146655,7
1,1472146685,1472146688,3
1,1472146714,1472146724,10
1,1472146733,1472146756,23
1,1472146761,1472146769,8
4,1472146769,1472146773,4
1,1472146787,1472146794,7
1,1472146802,1472146821,19
4,1472146812,1472146820,8
1,1472146825,1472146828,3
14,1472146828,1472154043,7215
1,1472146849,1472146852,3
1,1472146858,1472146896,38
1,1472146905,1472146942,37
5,1472146925,1472146963,38
1,1472146945,1472146959,14
1,1472146963,1472146971,8
1,1472146985,1472147000,15
4,1472146993,1472147006,13
10,1472147001,1472147006,5
4,1472147008,1472147012,4
1,1472147009,1472147025,16
10,1472147017,1472147034,17
1,1472147034,1472147040,6
5,1472147037,1472147042,5
4,1472147042,1472147080,38
1,1472147057,1472147062,5
4,1472147090,1472147096,6
1,1472147109,1472147114,5
1,1472147402,1472147421,19
5,1472147412,1472147419,7
1,1472147437,1472147438,1
1,1472147444,1472147463,19
1,1472147551,1472147558,7
1,1472147562,1472147612,50
1,1472148031,1472148033,2
1,1472148037,1472148049,12
1,1472148057,1472148077,20
1,1472148080,1472148085,5
1,1472148090,1472148091,1
1,1472148099,1472148104,5
1,1472148200,1472148204,4
1,1472148221,1472148224,3
14,1472148225,1472155686,7461
1,1472148285,1472148290,5
1,1472148599,1472148602,3
1,1472163947,1472163954,7
1,1472163979,1472163981,2
1,1472216223,1472216226,3
6,1472216230,1472216231,1
1,1472216238,1472216249,11
1,1472216258,1472216268,10
1,1472216272,1472216286,14
1,1472222712,1472222714,2
1,1472222717,1472222736,19
1,1472226787,1472226791,4
6,1472226801,1472226803,2
1,1472226813,1472226819,6
1,1472226879,1472226883,4
14,1472226883,1472234092,7209
1,1472230842,1472230846,4
6,1472230851,1472230852,1
1,1472230859,1472230863,4
1,1472230934,1472230944,10
5,1472230942,1472231190,248
1,1472231189,1472231192,3
1,1472231230,1472231232,2
1,1472231235,1472231239,4
1,1472231247,1472231250,3
1,1472231346,1472231350,4
1,1472231354,1472231356,2
1,1472231387,1472231391,4
1,1472231395,1472231405,10
1,1472231410,1472231414,4
1,1472231447,1472231459,12
4,1472231484,1472231488,4
1,1472231536,1472231538,2
1,1472231552,1472231575,23
1,1472231582,1472231591,9
4,1472231594,1472231597,3
4,1472231597,1472231623,26
4,1472231623,1472231625,2
10,1472231624,1472231625,1
4,1472231625,1472231627,2
4,1472231627,1472231631,4
4,1472231631,1472231634,3
4,1472231634,1472231636,2
4,1472231636,1472231640,4
1,1472231637,1472231641,4
4,1472231641,1472231819,178
1,1472231647,1472231651,4
1,1472231801,1472231811,10
14,1472231808,1472239097,7289
11,1472231819,1472231826,7
4,1472231820,1472231822,2
4,1472231823,1472231825,2
4,1472231825,1472231828,3
11,1472231826,1472231831,5
1,1472231830,1472231831,1
11,1472231831,1472231833,2
4,1472231832,1472231841,9
11,1472231833,1472231837,4
1,1472231834,1472231883,49
11,1472231837,1472231840,3
11,1472231840,1472231843,3
4,1472231841,1472231844,3
11,1472231843,1472231850,7
11,1472231851,1472231855,4
11,1472231855,1472231861,6
4,1472231855,1472231857,2
4,1472231858,1472231864,6
11,1472231861,1472231864,3
11,1472231864,1472231897,33
4,1472231866,1472231868,2
4,1472231868,1472231870,2
4,1472231871,1472231873,2
4,1472231873,1472231875,2
4,1472231875,1472231878,3
4,1472231878,1472231880,2
4,1472231880,1472231882,2
4,1472231882,1472231884,2
4,1472231885,1472231887,2
4,1472231887,1472231889,2
4,1472231889,1472231896,7
4,1472231896,1472231999,103
5,1472231896,1472231897,1
1,1472231898,1472231919,21
1,1472231923,1472231930,7
1,1472231945,1472231946,1
1,1472231989,1472232003,14
4,1472232004,1472232011,7
1,1472232007,1472232014,7
4,1472232011,1472232041,30
1,1472232031,1472232041,10
1,1472232048,1472232051,3
1,1472232061,1472232069,8
1,1472232074,1472232077,3
1,1472232133,1472232139,6
1,1472232153,1472232156,3
1,1472232304,1472232306,2
1,1472232512,1472232516,4
1,1472232519,1472232529,10
4,1472232530,1472232532,2
4,1472232533,1472232537,4
1,1472232538,1472232551,13
4,1472232550,1472233177,627
1,1472232554,1472232579,25
1,1472233170,1472233175,5
5,1472233175,1472233177,2
4,1472233177,1472233893,716
1,1472233878,1472233881,3
1,1472233890,1472233895,5
1,1472233900,1472233901,1
1,1472233904,1472233906,2
4,1472233905,1472233913,8
1,1472233910,1472233912,2
1,1472233917,1472233922,5
1,1472233933,1472233936,3
1,1472233982,1472233988,6
1,1472233993,1472234004,11
1,1472234101,1472234107,6
5,1472234104,1472234107,3
1,1472234229,1472234262,33
1,1472236489,1472236492,3
1,1472236508,1472236510,2
1,1472236517,1472236526,9
6,1472236524,1472236525,1
1,1472236544,1472236546,2
1,1472236554,1472236556,2
1,1472236562,1472236569,7
1,1472236583,1472236592,9
6,1472236586,1472236587,1
14,1472236593,1472236600,7
1,1472236607,1472236613,6
1,1472236618,1472236630,12
1,1472236634,1472236650,16
1,1472236997,1472237004,7
1,1472237632,1472237635,3
1,1472237644,1472237645,1
6,1472237656,1472237658,2
1,1472237660,1472237676,16
4,1472237735,1472237738,3
1,1472237746,1472237762,16
1,1472237783,1472237785,2
1,1472237789,1472237797,8
1,1472237826,1472237829,3
1,1472237868,1472237874,6
6,1472245031,1472245033,2
1,1472245081,1472245091,10
4,1472245089,1472245100,11
1,1472245096,1472245101,5
4,1472245100,1472245103,3
1,1472245124,1472245129,5
1,1472246778,1472246789,11
4,1472246790,1472246797,7
1,1472246794,1472246796,2
4,1472246797,1472246799,2
4,1472246800,1472246803,3
4,1472246807,1472246809,2
4,1472246809,1472246833,24
1,1472246829,1472246833,4
4,1472246834,1472246836,2
4,1472246838,1472246843,5
4,1472246843,1472246846,3
4,1472246846,1472246849,3
1,1472246853,1472246855,2
1,1472246863,1472246884,21
5,1472246867,1472246869,2
1,1472246892,1472246912,20
1,1472246921,1472246926,5
14,1472246926,1472254143,7217
1,1472247626,1472247632,6
14,1472247632,1472254848,7216
1,1472247650,1472247671,21
4,1472247663,1472247781,118
1,1472247761,1472247765,4
1,1472247772,1472247779,7
4,1472247781,1472247785,4
1,1472247783,1472247788,5
4,1472247785,1472247790,5
4,1472247790,1472247795,5
4,1472247795,1472247806,11
1,1472247801,1472247804,3
4,1472247806,1472247808,2
4,1472247808,1472247811,3
4,1472247811,1472247813,2
4,1472247814,1472247816,2
4,1472247816,1472247818,2
4,1472247819,1472247821,2
4,1472247821,1472247825,4
10,1472247823,1472247825,2
4,1472247825,1472247832,7
10,1472247825,1472247828,3
1,1472247828,1472247832,4
4,1472247833,1472247838,5
1,1472247836,1472247837,1
4,1472247838,1472247842,4
4,1472247842,1472247848,6
10,1472247844,1472247845,1
1,1472247846,1472247848,2
1,1472247852,1472247853,1
4,1472247854,1472247861,7
1,1472247859,1472247860,1
4,1472247861,1472247863,2
4,1472247864,1472247868,4
4,1472247869,1472247892,23
1,1472247890,1472247896,6
10,1472247896,1472247897,1
4,1472247898,1472248012,114
10,1472247899,1472247902,3
1,1472247905,1472247907,2
1,1472247923,1472247931,8
1,1472247971,1472247973,2
1,1472247993,1472248010,17
5,1472247996,1472248007,11
4,1472248012,1472248351,339
10,1472248012,1472248016,4
10,1472248019,1472248024,5
1,1472248022,1472248024,2
1,1472248035,1472248036,1
1,1472248041,1472248056,15
1,1472248325,1472248349,24
4,1472248351,1472248353,2
4,1472248354,1472248357,3
4,1472248357,1472248359,2
4,1472248359,1472248370,11
4,1472248372,1472248376,4
1,1472248374,1472248375,1
4,1472248376,1472248379,3
4,1472248379,1472248381,2
1,1472248379,1472248380,1
4,1472248385,1472248387,2
4,1472248388,1472248391,3
4,1472248391,1472248394,3
4,1472248395,1472248403,8
1,1472248399,1472248402,3
4,1472248403,1472248406,3
4,1472248407,1472248409,2
4,1472248409,1472248412,3
1,1472248413,1472248417,4
4,1472248418,1472248421,3
4,1472248421,1472248425,4
1,1472248423,1472248424,1
4,1472248425,1472248430,5
1,1472248427,1472248433,6
4,1472248430,1472248433,3
4,1472248435,1472248487,52
1,1472248437,1472248452,15
1,1472248460,1472248461,1
1,1472248466,1472248490,24
10,1472248482,1472248483,1
4,1472248488,1472248491,3
4,1472248491,1472248493,2
4,1472248494,1472248496,2
4,1472248496,1472248602,106
1,1472248497,1472248501,4
1,1472248598,1472248602,4
4,1472248604,1472248615,11
1,1472248610,1472248614,4
4,1472248615,1472248624,9
4,1472248624,1472248638,14
1,1472248627,1472248648,21
4,1472248641,1472248677,36
1,1472248673,1472248678,5
4,1472248677,1472248690,13
1,1472248686,1472248691,5
4,1472248691,1472248693,2
4,1472248693,1472248747,54
1,1472248694,1472248700,6
1,1472248708,1472248712,4
1,1472248743,1472248747,4
4,1472248750,1472248785,35
1,1472248783,1472248797,14
4,1472248797,1472248800,3
1,1472248806,1472248810,4
1,1472250926,1472250928,2
1,1472250982,1472250983,1
1,1472250994,1472250999,5
4,1472250999,1472251016,17
1,1472251011,1472251014,3
1,1472251021,1472251030,9
4,1472251028,1472251030,2
4,1472251031,1472251063,32
1,1472251035,1472251042,7
1,1472251056,1472251062,6
4,1472251064,1472251066,2
4,1472251066,1472251068,2
4,1472251071,1472251075,4
4,1472251075,1472251117,42
1,1472251079,1472251082,3
1,1472251103,1472251115,12
4,1472251119,1472251121,2
1,1472251122,1472251132,10
1,1472251145,1472251156,11
4,1472251151,1472251215,64
1,1472251163,1472251171,8
1,1472251200,1472251212,12
11,1472251215,1472251217,2
4,1472251216,1472251237,21
11,1472251217,1472251240,23
1,1472251237,1472251258,21
11,1472251240,1472251243,3
4,1472251240,1472251243,3
4,1472251254,1472251259,5
4,1472251260,1472251262,2
4,1472251263,1472251267,4
1,1472251265,1472251279,14
4,1472251267,1472251272,5
4,1472251272,1472251275,3
4,1472251275,1472251280,5
4,1472251281,1472251285,4
1,1472251283,1472251293,10
4,1472251286,1472251313,27
1,1472251309,1472251317,8
4,1472251313,1472251322,9
11,1472251323,1472251324,1
4,1472251323,1472251337,14
11,1472251324,1472251351,27
1,1472251326,1472251341,15
4,1472251338,1472251352,14
1,1472251344,1472251359,15
5,1472251350,1472251351,1
4,1472251361,1472251363,2
11,1472251362,1472251363,1
1,1472251363,1472251365,2
11,1472251363,1472251433,70
1,1472251432,1472251444,12
11,1472251433,1472251473,40
4,1472251433,1472251445,12
4,1472251445,1472251448,3
4,1472251448,1472251450,2
1,1472251451,1472251473,22
5,1472251469,1472251473,4
8,1472251473,1472251480,7
4,1472251475,1472251477,2
4,1472251477,1472251480,3
1,1472251480,1472251500,20
4,1472251480,1472251483,3
4,1472251483,1472251486,3
4,1472251488,1472251491,3
4,1472251493,1472251495,2
4,1472251495,1472251503,8
4,1472251504,1472251507,3
1,1472251505,1472251506,1
4,1472251507,1472251580,73
1,1472251511,1472251512,1
1,1472251575,1472251584,9
4,1472251580,1472251582,2
4,1472251587,1472251590,3
4,1472251591,1472251593,2
4,1472251593,1472251595,2
4,1472251596,1472251598,2
4,1472251598,1472251601,3
10,1472251599,1472251601,2
4,1472251601,1472251603,2
4,1472251603,1472251605,2
4,1472251608,1472251614,6
4,1472251614,1472251665,51
1,1472251654,1472251664,10
4,1472251665,1472251695,30
1,1472251669,1472251694,25
11,1472251696,1472251698,2
11,1472251698,1472251714,16
4,1472251699,1472251714,15
1,1472251699,1472251728,29
5,1472251712,1472251714,2
1,1472251758,1472251762,4
1,1472251766,1472251768,2
1,1472251835,1472251849,14
1,1472251855,1472251867,12
1,1472251870,1472251886,16
4,1472251876,1472251887,11
4,1472251888,1472251895,7
4,1472251895,1472251904,9
1,1472251898,1472251903,5
1,1472251909,1472251914,5
1,1472251917,1472251921,4
1,1472251925,1472251928,3
4,1472251929,1472253761,1832
1,1472252322,1472252333,11
1,1472252419,1472252433,14
1,1472252438,1472252441,3
1,1472252563,1472252566,3
1,1472253032,1472253042,10
1,1472253064,1472253076,12
1,1472253730,1472253747,17
1,1472253755,1472253760,5
1,1472253765,1472253769,4
1,1472253775,1472253776,1
1,1472253897,1472253898,1
1,1472253905,1472253906,1
1,1472253914,1472253917,3
1,1472253929,1472253932,3
4,1472253933,1472253936,3
4,1472253936,1472253959,23
1,1472253946,1472253948,2
1,1472253957,1472253958,1
4,1472253959,1472253962,3
4,1472253964,1472253968,4
1,1472253966,1472253967,1
4,1472253968,1472463682,209714
1,1472253973,1472253978,5
1,1472254049,1472254053,4
1,1472254068,1472254070,2
1,1472254106,1472254107,1
1,1472254124,1472254128,4
1,1472255122,1472255123,1
1,1472255152,1472255153,1
1,1472463676,1472463682,6
4,1472463682,1472463686,4
4,1472463687,1472463699,12
1,1472463690,1472463691,1
1,1472463697,1472463698,1
4,1472463699,1472463780,81
1,1472463715,1472463730,15
1,1472463740,1472463749,9
1,1472463758,1472463761,3
1,1472463774,1472463783,9
4,1472463780,1472463793,13
1,1472463789,1472463792,3
4,1472463793,1472463921,128
10,1472463794,1472463797,3
1,1472463795,1472463806,11
1,1472463812,1472463827,15
1,1472463833,1472463837,4
1,1472463841,1472463847,6
1,1472463857,1472463870,13
1,1472463891,1472463896,5
1,1472463909,1472463911,2
1,1472463917,1472463937,20
4,1472463938,1472463992,54
10,1472463939,1472463945,6
1,1472463946,1472463974,28
1,1472463982,1472463990,8
4,1472463992,1472463994,2
10,1472463993,1472463995,2
4,1472463994,1472463997,3
10,1472463995,1472463997,2
4,1472463997,1472464001,4
1,1472463998,1472464006,8
4,1472464004,1472464021,17
1,1472464018,1472464020,2
1,1472464024,1472464034,10
1,1472464037,1472464063,26
1,1472464081,1472464095,14
1,1472464108,1472464109,1
1,1472464115,1472464124,9
4,1472464125,1472464127,2
4,1472464127,1472464129,2
4,1472464129,1472464131,2
4,1472464132,1472464137,5
4,1472464137,1472464141,4
10,1472464139,1472464141,2
4,1472464141,1472464144,3
4,1472464144,1472464146,2
4,1472464146,1472464153,7
1,1472464149,1472464155,6
4,1472464154,1472464158,4
4,1472464158,1472464160,2
4,1472464161,1472464163,2
4,1472464165,1472464178,13
1,1472464169,1472464179,10
4,1472464180,1472464184,4
4,1472464184,1472464188,4
4,1472464188,1472464200,12
1,1472464191,1472464203,12
1,1472464213,1472464233,20
1,1472464238,1472464242,4
4,1472464243,1472464247,4
10,1472464244,1472464246,2
4,1472464248,1472464250,2
10,1472464249,1472464250,1
10,1472464250,1472464251,1
4,1472464251,1472464257,6
1,1472464255,1472464257,2
4,1472464258,1472464263,5
10,1472464258,1472464259,1
10,1472464259,1472464263,4
4,1472464263,1472464270,7
1,1472464265,1472464270,5
4,1472464270,1472464272,2
4,1472464273,1472464278,5
10,1472464275,1472464278,3
4,1472464278,1472464281,3
4,1472464281,1472464287,6
4,1472464288,1472464297,9
1,1472464292,1472464296,4
4,1472464297,1472464299,2
10,1472464298,1472464299,1
4,1472464299,1472464303,4
4,1472464306,1472464328,22
4,1472464337,1472464342,5
4,1472464343,1472464346,3
4,1472464347,1472464349,2
4,1472464350,1472464353,3
4,1472464353,1472464359,6
10,1472464354,1472464355,1
4,1472464359,1472464362,3
4,1472464362,1472464364,2
4,1472464366,1472464369,3
1,1472464378,1472464379,1
4,1472464381,1472464384,3
4,1472464384,1472464387,3
4,1472464387,1472464389,2
4,1472464389,1472464392,3
4,1472464392,1472464395,3
4,1472464395,1472464399,4
4,1472464399,1472464401,2
4,1472464402,1472464404,2
4,1472464404,1472464406,2
4,1472464406,1472464408,2
4,1472464408,1472464416,8
1,1472464424,1472464426,2
4,1472464426,1472464433,7
1,1472464429,1472464435,6
4,1472464436,1472464445,9
1,1472464440,1472464447,7
4,1472464449,1472464452,3
4,1472464452,1472464454,2
4,1472464454,1472464456,2
4,1472464463,1472464469,6
10,1472464463,1472464464,1
1,1472464470,1472464471,1
4,1472464472,1472464475,3
10,1472464472,1472464474,2
4,1472464477,1472464480,3
1,1472464478,1472464479,1
4,1472464480,1472464483,3
4,1472464483,1472464492,9
1,1472464490,1472464491,1
4,1472464492,1472464495,3
4,1472464495,1472464497,2
4,1472464497,1472464504,7
1,1472464501,1472464502,1
4,1472464505,1472464540,35
1,1472464513,1472464545,32
4,1472464540,1472464542,2
4,1472464543,1472464546,3
4,1472464546,1472464548,2
10,1472464546,1472464548,2
4,1472464548,1472464554,6
4,1472464554,1472464561,7
4,1472464561,1472464569,8
4,1472464569,1472464574,5
4,1472464575,1472464584,9
1,1472464579,1472464583,4
4,1472464584,1472464628,44
1,1472464593,1472464603,10
1,1472464615,1472464637,22
4,1472464629,1472464633,4
4,1472464633,1472464637,4
4,1472464639,1472464642,3
1,1472464641,1472464647,6
4,1472464646,1472464657,11
1,1472464653,1472464661,8
4,1472464662,1472464664,2
1,1472464666,1472464670,4
4,1472464671,1472464696,25
1,1472464691,1472464693,2
4,1472464696,1472464715,19
1,1472464704,1472464705,1
1,1472464710,1472464714,4
4,1472464715,1472464824,109
1,1472464720,1472464730,10
1,1472464807,1472464811,4
1,1472464815,1472464817,2
1,1472464848,1472464851,3
4,1472464851,1472465016,165
1,1472464857,1472464863,6
1,1472465012,1472465015,3
4,1472465017,1472465019,2
4,1472465019,1472465022,3
4,1472465022,1472465025,3
4,1472465025,1472465028,3
1,1472465026,1472465031,5
4,1472465028,1472465091,63
10,1472465031,1472465033,2
1,1472465035,1472465039,4
1,1472465086,1472465090,4
4,1472465091,1472465093,2
4,1472465094,1472465096,2
10,1472465094,1472465095,1
4,1472465096,1472465099,3
4,1472465099,1472465102,3
4,1472465104,1472465107,3
10,1472465106,1472465107,1
10,1472465107,1472465109,2
4,1472465109,1472465129,20
10,1472465109,1472465129,20
1,1472465131,1472465141,10
4,1472465133,1472465136,3
4,1472465138,1472465142,4
1,1472465144,1472465151,7
4,1472465147,1472465173,26
1,1472465157,1472465166,9
1,1472465170,1472465174,4
4,1472465177,1472465208,31
1,1472465185,1472465190,5
1,1472465197,1472465207,10
4,1472465212,1472465214,2
4,1472465215,1472465218,3
4,1472465218,1472465223,5
4,1472465223,1472465241,18
1,1472465225,1472465230,5
1,1472465238,1472465241,3
4,1472465244,1472465271,27
1,1472465268,1472465270,2
4,1472465274,1472465292,18
1,1472465275,1472465295,20
4,1472465292,1472465296,4
4,1472465298,1472465301,3
1,1472465298,1472465300,2
4,1472465301,1472465304,3
4,1472465304,1472465308,4
4,1472465308,1472465319,11
1,1472465314,1472465319,5
1,1472465324,1472465326,2
1,1472465356,1472465360,4
4,1472465360,1472465364,4
1,1472465371,1472465385,14
4,1472465383,1472465385,2
4,1472465385,1472466458,1073
1,1472465389,1472465392,3
1,1472466367,1472466371,4
1,1472466453,1472466454,1
4,1472466474,1472466508,34
1,1472466495,1472466507,12
4,1472466509,1472466512,3
4,1472466515,1472466532,17
1,1472466518,1472466521,3
1,1472466524,1472466532,8
4,1472466533,1472466535,2
10,1472466533,1472466535,2
10,1472466535,1472466536,1
4,1472466536,1472466539,3
10,1472466536,1472466539,3
1,1472466542,1472466549,7
4,1472466550,1472466552,2
4,1472466552,1472466571,19
1,1472466554,1472466557,3
1,1472466564,1472466571,7
4,1472466572,1472466574,2
4,1472466574,1472466577,3
1,1472466575,1472466576,1
4,1472466577,1472466579,2
4,1472466580,1472466583,3
1,1472466584,1472466594,10
4,1472466586,1472466595,9
1,1472466600,1472466609,9
1,1472466619,1472466625,6
4,1472466631,1472466647,16
1,1472466632,1472466645,13
1,1472466652,1472466663,11
1,1472466669,1472466677,8
1,1472466706,1472466723,17
1,1472466891,1472466900,9
1,1472466907,1472466909,2
4,1472466910,1472467137,227
1,1472466916,1472466923,7
1,1472466980,1472466985,5
1,1472467112,1472467139,27
4,1472467140,1472467143,3
4,1472467143,1472467145,2
4,1472467146,1472467150,4
10,1472467146,1472467147,1
4,1472467150,1472467153,3
4,1472467153,1472467155,2
4,1472467155,1472467159,4
4,1472467159,1472467161,2
10,1472467159,1472467161,2
4,1472467161,1472467170,9
4,1472467170,1472467173,3
10,1472467170,1472467172,2
1,1472467175,1472467177,2
4,1472467178,1472467180,2
4,1472467184,1472467187,3
4,1472467187,1472467190,3
10,1472467188,1472467189,1
4,1472467190,1472467192,2
4,1472467193,1472467195,2
4,1472467195,1472467200,5
4,1472467202,1472467205,3
1,1472467203,1472467204,1
1,1472467211,1472467213,2
4,1472467216,1472467218,2
4,1472467219,1472467222,3
4,1472467222,1472467226,4
4,1472467226,1472467229,3
4,1472467231,1472467236,5
4,1472467238,1472467243,5
1,1472467240,1472467242,2
4,1472467243,1472467251,8
10,1472467244,1472467246,2
1,1472467246,1472467247,1
4,1472467251,1472467253,2
10,1472467251,1472467252,1
4,1472467253,1472467256,3
4,1472467256,1472467259,3
4,1472467259,1472467262,3
10,1472467260,1472467261,1
4,1472467262,1472467269,7
1,1472467267,1472467269,2
4,1472467270,1472467273,3
1,1472467275,1472467281,6
4,1472467282,1472467317,35
1,1472467294,1472467295,1
1,1472467313,1472467316,3
4,1472467317,1472467319,2
4,1472467321,1472467325,4
1,1472467325,1472467330,5
4,1472467327,1472467331,4
4,1472467331,1472467333,2
1,1472467349,1472467355,6
4,1472467352,1472467356,4
4,1472467356,1472467381,25
1,1472467371,1472467383,12
4,1472467384,1472467479,95
1,1472467389,1472467392,3
1,1472467406,1472467414,8
1,1472467428,1472467431,3
1,1472467469,1472467478,9
4,1472467480,1472467490,10
10,1472467482,1472467484,2
4,1472467490,1472467492,2
4,1472467492,1472467494,2
4,1472467495,1472467500,5
4,1472467501,1472467503,2
4,1472467503,1472467505,2
4,1472467505,1472467508,3
4,1472467508,1472467512,4
4,1472467513,1472467515,2
4,1472467516,1472467519,3
4,1472467519,1472467521,2
4,1472467521,1472467539,18
1,1472467531,1472467537,6
10,1472467539,1472467552,13
1,1472467551,1472467553,2
4,1472467554,1472467556,2
4,1472467557,1472467560,3
4,1472467565,1472467567,2
4,1472467569,1472467571,2
4,1472467571,1472467573,2
4,1472467574,1472467578,4
4,1472467578,1472467585,7
10,1472467581,1472467583,2
4,1472467585,1472467589,4
4,1472467589,1472467598,9
1,1472467593,1472467597,4
1,1472467618,1472467620,2
4,1472467621,1472467623,2
4,1472467624,1472467629,5
4,1472467629,1472467635,6
4,1472467635,1472467644,9
4,1472467644,1472467648,4
1,1472467651,1472467657,6
1,1472467673,1472467677,4
4,1472467677,1472467680,3
4,1472467680,1472467700,20
1,1472467685,1472467689,4
1,1472467699,1472467700,1
4,1472467701,1472467706,5
1,1472467703,1472467706,3
1,1472467723,1472467726,3
4,1472467726,1472467828,102
1,1472467729,1472467738,9
1,1472467750,1472467752,2
1,1472467771,1472467778,7
1,1472467789,1472467795,6
1,1472467815,1472467826,11
4,1472467828,1472467833,5
4,1472467833,1472467851,18
1,1472467840,1472467843,3
4,1472467851,1472472072,4221
1,1472467860,1472467867,7
1,1472467925,1472467929,4
1,1472467933,1472467936,3
1,1472471812,1472471814,2
1,1472471819,1472471823,4
1,1472471827,1472471833,6
1,1472471837,1472471843,6
1,1472471855,1472471856,1
1,1472471864,1472471879,15
1,1472471884,1472471892,8
1,1472471907,1472471910,3
1,1472471921,1472471927,6
1,1472471940,1472471943,3
1,1472471947,1472471952,5
1,1472472012,1472472027,15
1,1472472037,1472472055,18
1,1472472066,1472472069,3
4,1472472072,1472472075,3
10,1472472072,1472472073,1
10,1472472073,1472472075,2
4,1472472075,1472472078,3
4,1472472078,1472472082,4
4,1472472082,1472472085,3
1,1472472086,1472472088,2
4,1472472088,1472472092,4
4,1472472093,1472472096,3
4,1472472097,1472472100,3
4,1472472100,1472472102,2
4,1472472102,1472472105,3
4,1472472105,1472472109,4
4,1472472113,1472472115,2
4,1472472115,1472472118,3
4,1472472118,1472472120,2
4,1472472121,1472472124,3
1,1472472123,1472472124,1
4,1472472125,1472472127,2
4,1472472127,1472472129,2
4,1472472129,1472472135,6
4,1472472135,1472472138,3
4,1472472142,1472472170,28
1,1472472144,1472472169,25
4,1472472170,1472472183,13
1,1472472173,1472472178,5
1,1472472185,1472472194,9
4,1472472195,1472472199,4
4,1472472200,1472472202,2
4,1472472202,1472472204,2
4,1472472205,1472472223,18
1,1472472210,1472472220,10
1,1472472241,1472472246,5
4,1472472247,1472472250,3
4,1472472251,1472472253,2
4,1472472256,1472472258,2
4,1472472258,1472472262,4
10,1472472261,1472472262,1
1,1472472267,1472472276,9
1,1472472422,1472472433,11
1,1472472436,1472472445,9
4,1472472451,1472472453,2
10,1472472452,1472472454,2
4,1472472453,1472472458,5
1,1472472456,1472472458,2
4,1472472459,1472472466,7
10,1472472459,1472472463,4
1,1472472462,1472472466,4
1,1472472470,1472472480,10
4,1472472487,1472472506,19
10,1472472488,1472472491,3
1,1472472490,1472472494,4
1,1472472497,1472472502,5
11,1472472507,1472472509,2
4,1472472508,1472472540,32
11,1472472509,1472472540,31
1,1472472515,1472472517,2
1,1472472539,1472472545,6
4,1472472544,1472472546,2
1,1472472549,1472472553,4
1,1472472559,1472472577,18
4,1472472571,1472472578,7
4,1472472581,1472472585,4
1,1472472584,1472472593,9
4,1472472585,1472472641,56
1,1472472602,1472472611,9
1,1472472623,1472472629,6
1,1472472634,1472472640,6
4,1472472641,1472472643,2
4,1472472644,1472472646,2
4,1472472647,1472472650,3
4,1472472656,1472472658,2
1,1472472661,1472472665,4
4,1472472666,1472472668,2
10,1472472666,1472472668,2
4,1472472669,1472472671,2
10,1472472669,1472472671,2
10,1472472671,1472472683,12
4,1472472685,1472472688,3
4,1472472688,1472472691,3
4,1472472695,1472472705,10
1,1472472696,1472472698,2
4,1472472705,1472472712,7
4,1472472717,1472472724,7
1,1472472721,1472472722,1
10,1472472724,1472472799,75
1,1472472726,1472472747,21
1,1472472798,1472472800,2
4,1472472801,1472472809,8
1,1472472810,1472472824,14
4,1472472828,1472472830,2
4,1472472830,1472472832,2
10,1472472835,1472472837,2
4,1472472837,1472472839,2
4,1472472839,1472472844,5
4,1472472844,1472472851,7
1,1472472847,1472472851,4
4,1472472851,1472472853,2
4,1472472854,1472472859,5
1,1472472870,1472472874,4
4,1472472876,1472472898,22
1,1472472882,1472472892,10
4,1472472898,1472472900,2
4,1472472900,1472472906,6
1,1472472901,1472472904,3
4,1472472906,1472472908,2
4,1472472908,1472472915,7
1,1472472910,1472472914,4
4,1472472915,1472472918,3
1,1472472918,1472472920,2
4,1472472920,1472472947,27
1,1472472925,1472472927,2
1,1472472931,1472472933,2
1,1472472937,1472472961,24
4,1472472948,1472472957,9
4,1472472960,1472473019,59
1,1472472976,1472472978,2
1,1472472985,1472472991,6
1,1472473003,1472473010,7
1,1472473013,1472473018,5
4,1472473023,1472473087,64
1,1472473041,1472473049,8
1,1472473058,1472473063,5
1,1472473075,1472473079,4
4,1472473087,1472473095,8
1,1472473090,1472473091,1
4,1472473095,1472473125,30
1,1472473097,1472473102,5
1,1472473108,1472473110,2
1,1472473115,1472473124,9
4,1472473125,1472473134,9
10,1472473127,1472473128,1
1,1472473130,1472473137,7
4,1472473134,1472473156,22
1,1472473149,1472473152,3
4,1472473160,1472473165,5
10,1472473162,1472473165,3
4,1472473165,1472473167,2
4,1472473167,1472473171,4
10,1472473170,1472473171,1
4,1472473171,1472473176,5
1,1472473173,1472473182,9
4,1472473178,1472473199,21
1,1472473193,1472473195,2
4,1472473199,1472473202,3
4,1472473202,1472473229,27
1,1472473203,1472473208,5
1,1472473212,1472473215,3
1,1472473220,1472473235,15
1,1472473252,1472473254,2
1,1472473263,1472473266,3
1,1472473288,1472473290,2
1,1472473294,1472473300,6
1,1472473304,1472473309,5
1,1472473322,1472473333,11
4,1472473327,1472473334,7
4,1472473334,1472473341,7
10,1472473336,1472473337,1
4,1472473341,1472473344,3
4,1472473344,1472473351,7
4,1472473351,1472473381,30
1,1472473378,1472473379,1
1,1472473388,1472473389,1
4,1472473400,1472473403,3
4,1472473403,1472473405,2
4,1472473405,1472473415,10
1,1472473411,1472473422,11
4,1472473419,1472473423,4
4,1472473423,1472473426,3
4,1472473428,1472473489,61
1,1472473433,1472473436,3
1,1472473472,1472473478,6
1,1472473486,1472473487,1
1,1472473492,1472473506,14
1,1472473512,1472473530,18
4,1472473527,1472473530,3
4,1472473530,1472473571,41
1,1472473533,1472473535,2
1,1472473540,1472473541,1
1,1472473555,1472473558,3
1,1472473566,1472473570,4
4,1472473571,1472473573,2
4,1472473573,1472473578,5
4,1472473578,1472473580,2
4,1472473582,1472473584,2
4,1472473584,1472473587,3
4,1472473587,1472473606,19
1,1472473591,1472473592,1
1,1472473604,1472473605,1
4,1472473610,1472473614,4
4,1472473614,1472473618,4
4,1472473621,1472473624,3
4,1472473624,1472473630,6
4,1472473630,1472473641,11
4,1472473641,1472473644,3
10,1472473643,1472473644,1
4,1472473644,1472473651,7
4,1472473658,1472473663,5
1,1472473659,1472473663,4
4,1472473667,1472473669,2
10,1472473667,1472473668,1
4,1472473669,1472473677,8
1,1472473673,1472473678,5
4,1472473677,1472473680,3
4,1472473681,1472473706,25
1,1472473696,1472473700,4
1,1472473742,1472473746,4
1,1472473753,1472473758,5
1,1472473770,1472473773,3
4,1472473775,1472473777,2
1,1472473785,1472473786,1
4,1472473787,1472473789,2
4,1472473789,1472473792,3
4,1472473792,1472473808,16
4,1472473808,1472473816,8
4,1472473818,1472473869,51
1,1472473823,1472473826,3
1,1472473834,1472473838,4
1,1472473868,1472473870,2
4,1472473870,1472473873,3
4,1472473873,1472473902,29
1,1472473877,1472473881,4
1,1472473885,1472473890,5
1,1472473900,1472473901,1
4,1472473902,1472473919,17
1,1472473912,1472473918,6
1,1472473951,1472473956,5
4,1472473957,1472474105,148
1,1472473962,1472473972,10
1,1472474095,1472474104,9
1,1472474110,1472474118,8
1,1472474445,1472474446,1
1,1472869259,1472869266,7
5,1472869263,1472869265,2
4,1472869265,1472869314,49
1,1472869295,1472869300,5
1,1472869310,1472869328,18
4,1472869324,1472869332,8
1,1472869332,1472869351,19
4,1472869334,1472869352,18
4,1472869352,1474217077,1347725
1,1472869362,1472869379,17
1,1472869384,1472869386,2
1,1472869391,1472869403,12
1,1472869411,1472869413,2
1,1472869418,1472869420,2
1,1474191660,1474191674,14
1,1474191678,1474191691,13
1,1474191702,1474191711,9
1,1474191770,1474191775,5
1,1474191838,1474191839,1
1,1474192116,1474192129,13
1,1474192154,1474192158,4
1,1474192187,1474192188,1
1,1474192194,1474192198,4
1,1474192249,1474192252,3
1,1474192410,1474192447,37
1,1474192460,1474192466,6
1,1474192491,1474192501,10
1,1474217072,1474217093,21
5,1474217076,1474217077,1
1,1474217100,1474217103,3
4,1474217109,1474217112,3
1,1474218439,1474218442,3
1,1474275402,1474275419,17
5,1474275419,1474275437,18
1,1474275436,1474275442,6
4,1474275444,1474275448,4
1,1474275446,1474275448,2
4,1474275448,1474275465,17
1,1474275457,1474275469,12
4,1474275473,1474275487,14
1,1474275474,1474275484,10
4,1474275488,1474275494,6
4,1474275495,1474275504,9
4,1474275504,1474275507,3
1,1474275508,1474275510,2
4,1474275512,1474275515,3
4,1474275516,1474275519,3
4,1474275519,1474275524,5
1,1474275526,1474275528,2
4,1474275529,1474275537,8
1,1474275531,1474275539,8
4,1474275537,1474275541,4
4,1474275541,1474275546,5
4,1474275546,1474275548,2
4,1474275548,1474275553,5
1,1474275549,1474275552,3
4,1474275553,1474275556,3
4,1474275557,1474275564,7
1,1474275558,1474275568,10
4,1474275565,1474275570,5
10,1474275565,1474275566,1
4,1474275570,1474275588,18
1,1474275582,1474275587,5
4,1474275588,1474275591,3
4,1474275592,1474275597,5
1,1474275594,1474275607,13
4,1474275600,1474275607,7
1,1474275624,1474275637,13
4,1474275627,1474275632,5
4,1474275632,1474275636,4
1,1474275647,1474275670,23
4,1474275651,1474275654,3
4,1474275655,1474275660,5
10,1474275655,1474275656,1
4,1474275660,1474275666,6
10,1474275661,1474275662,1
4,1474275671,1474275682,11
1,1474275679,1474275691,12
4,1474275682,1474275688,6
4,1474275689,1474275710,21
1,1474275709,1474275714,5
4,1474275711,1474275715,4
4,1474275717,1474275723,6
1,1474275718,1474275722,4
4,1474275724,1474275735,11
1,1474275727,1474275737,10
4,1474275739,1474275743,4
1,1474275740,1474275742,2
4,1474275744,1474275772,28
4,1474275773,1474275775,2
4,1474275776,1474275780,4
1,1474275780,1474275782,2
4,1474275783,1474275785,2
4,1474275787,1474275802,15
4,1474275803,1474275806,3
4,1474275806,1474275808,2
4,1474275808,1474275811,3
4,1474275811,1474275813,2
4,1474275813,1474275834,21
4,1474275836,1474275840,4
1,1474275838,1474275839,1
4,1474275841,1474275843,2
4,1474275843,1474275849,6
4,1474275850,1474275852,2
4,1474275852,1474275859,7
1,1474275855,1474275875,20
4,1474275859,1474275864,5
4,1474275871,1474275877,6
1,1474275880,1474275886,6
4,1474275885,1474275889,4
4,1474275889,1474275897,8
1,1474275893,1474275900,7
4,1474275900,1474275908,8
1,1474275904,1474275912,8
4,1474275910,1474276308,398
1,1474276305,1474276307,2
4,1474276308,1474276311,3
4,1474276311,1474276315,4
4,1474276315,1474276318,3
4,1474276319,1474276327,8
1,1474276322,1474276351,29
4,1474276333,1474276340,7
4,1474276344,1474276350,6
4,1474276353,1474276409,56
1,1474276405,1474276408,3
4,1474276409,1474276412,3
4,1474276413,1474276416,3
4,1474276417,1474276420,3
4,1474276420,1474276423,3
4,1474276424,1474276427,3
4,1474276427,1474276429,2
4,1474276429,1474276436,7
4,1474276436,1474276439,3
1,1474276437,1474276439,2
4,1474276440,1474276442,2
1,1474276443,1474276447,4
1,1474276485,1474276509,24
4,1474276494,1474276497,3
4,1474276497,1474276511,14
4,1474276511,1474276513,2
4,1474276513,1474276516,3
4,1474276517,1474276520,3
4,1474276520,1474276591,71
1,1474276530,1474276539,9
1,1474276587,1474276590,3
4,1474276592,1474276594,2
4,1474276594,1474276596,2
4,1474276596,1474276598,2
4,1474276598,1474276601,3
4,1474276602,1474276604,2
4,1474276604,1474276608,4
4,1474276608,1474276615,7
10,1474276619,1474276622,3
4,1474276629,1474276638,9
10,1474276629,1474276630,1
1,1474276632,1474276638,6
4,1474276638,1474276641,3
4,1474276642,1474276645,3
4,1474276646,1474276653,7
1,1474276647,1474276655,8
4,1474276653,1474276656,3
4,1474276656,1474276658,2
4,1474276658,1474276660,2
4,1474276660,1474276662,2
4,1474276662,1474276667,5
10,1474276663,1474276664,1
4,1474276667,1474276674,7
4,1474276674,1474276678,4
4,1474276678,1474276684,6
10,1474276679,1474276680,1
4,1474276684,1474276687,3
1,1474276689,1474276693,4
10,1474276693,1474276695,2
4,1474276695,1474276701,6
4,1474276702,1474276706,4
1,1474276703,1474276715,12
4,1474276711,1474276717,6
4,1474276717,1474276720,3
1,1474276718,1474276726,8
4,1474276720,1474276724,4
4,1474276724,1474276727,3
4,1474276727,1474276744,17
1,1474276742,1474276743,1
4,1474276744,1474276746,2
4,1474276746,1474276750,4
4,1474276754,1474276763,9
10,1474276754,1474276756,2
1,1474276758,1474276773,15
4,1474276766,1474276769,3
4,1474276772,1474276799,27
1,1474276797,1474276798,1
4,1474276800,1474276803,3
10,1474276802,1474276803,1
4,1474276804,1474276806,2
4,1474276806,1474276809,3
4,1474276809,1474276812,3
4,1474276812,1474276814,2
4,1474276814,1474276829,15
10,1474276816,1474276817,1
1,1474276822,1474276837,15
4,1474276830,1474276835,5
4,1474276838,1474276843,5
1,1474276840,1474276846,6
4,1474276844,1474276848,4
4,1474276855,1474276927,72
1,1474276924,1474276926,2
4,1474276934,1474276948,14
1,1474276936,1474276946,10
4,1474276948,1474276952,4
10,1474276953,1474276954,1
1,1474276953,1474276955,2
4,1474276955,1474276959,4
10,1474276956,1474276957,1
4,1474276959,1474276972,13
1,1474276967,1474276975,8
4,1474276973,1474276984,11
1,1474276980,1474276984,4
4,1474276985,1474276987,2
4,1474276988,1474277006,18
1,1474277002,1474277004,2
1,1474277009,1474277011,2
4,1474277013,1474277017,4
1,1474277015,1474277016,1
4,1474277017,1474277022,5
4,1474277022,1474277024,2
4,1474277035,1474277037,2
4,1474277037,1474277040,3
4,1474277042,1474277046,4
1,1474277043,1474277044,1
4,1474277046,1474277049,3
4,1474277049,1474277051,2
4,1474277051,1474277054,3
10,1474277051,1474277052,1
4,1474277054,1474277057,3
4,1474277058,1474277097,39
1,1474277092,1474277096,4
4,1474277097,1474277141,44
1,1474277099,1474277113,14
1,1474277120,1474277126,6
1,1474277129,1474277151,22
1,1474277154,1474277160,6
1,1474277517,1474277522,5
1,1474368277,1474368286,9
4,1474368287,1474368296,9
4,1474368303,1474368331,28
1,1474368309,1474368333,24
4,1474368341,1474368345,4
4,1474368345,1474368348,3
4,1474368348,1474368350,2
4,1474368351,1474368361,10
10,1474368353,1474368361,8
1,1474368355,1474368362,7
4,1474368361,1474368369,8
10,1474368363,1474368369,6
1,1474368365,1474368369,4
4,1474368369,1474368374,5
10,1474368372,1474368374,2
4,1474368375,1474368377,2
4,1474368377,1474368379,2
4,1474368381,1474368384,3
4,1474368384,1474368387,3
4,1474368387,1474368408,21
10,1474368389,1474368408,19
1,1474368393,1474368394,1
1,1474368397,1474368410,13
4,1474368408,1474368411,3
4,1474368411,1474368413,2
4,1474368413,1474368415,2
1,1474368418,1474368426,8
4,1474368420,1474368424,4
4,1474368424,1474368427,3
4,1474368427,1474368477,50
10,1474368430,1474368435,5
1,1474368431,1474368464,33
1,1474368474,1474368476,2
4,1474368478,1474368481,3
4,1474368482,1474368537,55
1,1474368484,1474368502,18
1,1474368516,1474368519,3
1,1474368529,1474368536,7
4,1474368537,1474368574,37
1,1474368540,1474368550,10
14,1474368550,1474369357,807
1,1474368553,1474368564,11
11,1474368573,1474368908,335
4,1474368574,1474368577,3
4,1474368577,1474368580,3
4,1474368580,1474368583,3
4,1474368594,1474368608,14
1,1474368597,1474368601,4
1,1474368605,1474368609,4
4,1474368608,1474368616,8
1,1474368616,1474368625,9
4,1474368617,1474368620,3
4,1474368620,1474368624,4
4,1474368624,1474368626,2
4,1474368627,1474368629,2
4,1474368630,1474368632,2
4,1474368632,1474368634,2
4,1474368634,1474368636,2
4,1474368637,1474368649,12
1,1474368648,1474368658,10
4,1474368729,1474368734,5
4,1474368741,1474368746,5
1,1474368745,1474368749,4
4,1474368746,1474368751,5
4,1474368753,1474368757,4
1,1474368754,1474368759,5
4,1474368758,1474368761,3
4,1474368765,1474368768,3
4,1474368769,1474368771,2
4,1474368772,1474368776,4
4,1474368776,1474368779,3
4,1474368780,1474368782,2
4,1474368782,1474368786,4
4,1474368786,1474368789,3
4,1474368789,1474368791,2
4,1474368792,1474368801,9
4,1474368801,1474368810,9
4,1474368816,1474368838,22
4,1474368838,1474368842,4
4,1474368842,1474368846,4
4,1474368850,1474368857,7
4,1474368858,1474368861,3
4,1474368868,1474368872,4
4,1474368872,1474368884,12
4,1474368893,1474368895,2
4,1474368896,1474368898,2
4,1474368900,1474368905,5
11,1474368908,1474369250,342
4,1474368909,1474369153,244
1,1474369052,1474369155,103
1,1474369159,1474369160,1
1,1474369163,1474369181,18
1,1474369186,1474369244,58
4,1474369246,1474369248,2
4,1474369248,1474369250,2
11,1474369250,1474369253,3
4,1474369250,1474369253,3
4,1474369253,1474369357,104
11,1474369253,1474369357,104
1,1474369253,1474369272,19
1,1474369275,1474369346,71
10,1474369350,1474369351,1
1,1474369354,1474369361,7
5,1474369355,1474369357,2
4,1474369362,1474369364,2
4,1474369364,1474369376,12
10,1474369365,1474369376,11
1,1474369366,1474369369,3
1,1474369374,1474369376,2
4,1474369376,1474369396,20
1,1474369394,1474369396,2
4,1474369397,1474369407,10
10,1474369397,1474369407,10
4,1474369407,1474369422,15
4,1474369422,1474369426,4
10,1474369423,1474369424,1
4,1474369428,1474369436,8
10,1474369429,1474369436,7
4,1474369436,1474369441,5
10,1474369438,1474369440,2
4,1474369441,1474369445,4
1,1474369442,1474369446,4
1,1474371824,1474371829,5
1,1474897315,1474897325,10
1,1474897359,1474897364,5
4,1474897365,1474897367,2
10,1474897367,1474897380,13
1,1474897370,1474897374,4
1,1474897378,1474897383,5
4,1474897380,1474897385,5
10,1474897382,1474897385,3
4,1474897387,1474897389,2
4,1474897390,1474897393,3
4,1474897393,1474897395,2
4,1474897396,1474897429,33
10,1474897396,1474897424,28
1,1474897397,1474897403,6
1,1474897407,1474897412,5
1,1474897417,1474897424,7
1,1474897427,1474897449,22
4,1474897429,1474897437,8
4,1474897437,1474897482,45
1,1474897456,1474897463,7
14,1474897464,1474905281,7817
1,1474897472,1474897473,1
11,1474897481,1474897536,55
4,1474897483,1474897485,2
4,1474897486,1474897488,2
4,1474897489,1474897491,2
4,1474897491,1474897493,2
4,1474897494,1474897501,7
4,1474897502,1474897504,2
4,1474897505,1474897507,2
4,1474897507,1474897509,2
4,1474897510,1474897512,2
4,1474897512,1474897515,3
4,1474897515,1474897517,2
4,1474897518,1474897520,2
4,1474897520,1474897522,2
4,1474897522,1474897525,3
4,1474897525,1474897527,2
4,1474897527,1474897529,2
4,1474897530,1474897532,2
4,1474897532,1474897537,5
11,1474897536,1474897545,9
1,1474897542,1474897547,5
11,1474897545,1474898079,534
4,1474897545,1474897547,2
4,1474897548,1474897550,2
4,1474897550,1474897565,15
1,1474897553,1474897568,15
4,1474897570,1474897610,40
1,1474897579,1474897585,6
1,1474897591,1474897593,2
1,1474897596,1474897598,2
4,1474897613,1474897623,10
4,1474897624,1474897629,5
4,1474897632,1474897637,5
4,1474897638,1474897644,6
4,1474897650,1474897652,2
4,1474897652,1474897654,2
4,1474897655,1474897657,2
4,1474897657,1474897659,2
4,1474897659,1474897661,2
4,1474897661,1474897663,2
4,1474897664,1474897666,2
4,1474897666,1474897668,2
1,1474897668,1474897674,6
4,1474897668,1474897670,2
4,1474897670,1474897673,3
4,1474897673,1474897675,2
4,1474897675,1474897677,2
4,1474897678,1474897680,2
4,1474897680,1474897682,2
4,1474897682,1474897685,3
1,1474897684,1474897707,23
4,1474897685,1474897687,2
4,1474897687,1474897690,3
4,1474897690,1474897692,2
4,1474897692,1474897694,2
4,1474897695,1474897697,2
4,1474897697,1474897699,2
4,1474897699,1474897701,2
4,1474897702,1474897704,2
4,1474897704,1474897706,2
4,1474897707,1474897709,2
4,1474897709,1474897711,2
1,1474897710,1474897744,34
4,1474897712,1474897714,2
4,1474897714,1474897716,2
4,1474897716,1474897718,2
4,1474897719,1474897721,2
4,1474897721,1474897723,2
4,1474897723,1474897725,2
4,1474897726,1474897728,2
4,1474897728,1474897730,2
4,1474897730,1474897732,2
4,1474897733,1474897735,2
4,1474897735,1474897737,2
4,1474897737,1474897739,2
4,1474897740,1474897742,2
4,1474897742,1474897744,2
4,1474897744,1474897746,2
4,1474897747,1474897749,2
1,1474897748,1474897781,33
4,1474897749,1474897751,2
4,1474897751,1474897753,2
4,1474897753,1474897756,3
4,1474897756,1474897758,2
4,1474897758,1474897760,2
4,1474897760,1474897763,3
4,1474897763,1474897765,2
4,1474897766,1474897768,2
4,1474897768,1474897770,2
4,1474897771,1474897773,2
4,1474897773,1474897775,2
4,1474897775,1474897778,3
4,1474897778,1474897780,2
4,1474897780,1474897782,2
4,1474897782,1474897785,3
4,1474897785,1474897787,2
4,1474897787,1474897789,2
4,1474897790,1474897792,2
4,1474897792,1474897794,2
4,1474897794,1474897796,2
4,1474897797,1474897799,2
4,1474897799,1474897801,2
4,1474897802,1474897804,2
4,1474897804,1474897806,2
4,1474897806,1474897808,2
4,1474897808,1474897810,2
4,1474897811,1474897813,2
4,1474897813,1474897815,2
4,1474897815,1474897817,2
4,1474897818,1474897820,2
4,1474897820,1474897822,2
4,1474897822,1474897824,2
4,1474897824,1474897827,3
4,1474897827,1474897829,2
4,1474897829,1474897831,2
4,1474897832,1474897834,2
4,1474897834,1474897836,2
4,1474897836,1474897838,2
4,1474897839,1474897841,2
4,1474897841,1474897843,2
4,1474897843,1474897845,2
4,1474897846,1474897848,2
4,1474897848,1474897850,2
4,1474897850,1474897852,2
4,1474897852,1474897854,2
4,1474897855,1474897857,2
4,1474897857,1474897859,2
4,1474897859,1474897861,2
4,1474897861,1474897863,2
4,1474897864,1474897866,2
4,1474897866,1474897868,2
4,1474897868,1474897870,2
4,1474897870,1474897872,2
4,1474897873,1474897875,2
4,1474897875,1474897877,2
4,1474897877,1474897879,2
4,1474897880,1474897882,2
4,1474897882,1474897884,2
4,1474897884,1474897886,2
4,1474897886,1474897888,2
4,1474897889,1474897891,2
4,1474897891,1474897893,2
4,1474897893,1474897895,2
4,1474897895,1474897897,2
4,1474897898,1474897900,2
4,1474897900,1474897902,2
4,1474897902,1474897904,2
4,1474897904,1474897906,2
4,1474897907,1474897909,2
4,1474897909,1474897911,2
4,1474897911,1474897913,2
4,1474897913,1474897916,3
4,1474897916,1474897918,2
4,1474897918,1474897920,2
4,1474897920,1474897923,3
4,1474897923,1474897925,2
4,1474897925,1474897928,3
4,1474897928,1474897930,2
4,1474897930,1474897932,2
4,1474897932,1474897934,2
4,1474897935,1474897937,2
4,1474897937,1474897939,2
4,1474897939,1474897941,2
4,1474897941,1474897943,2
4,1474897944,1474897946,2
4,1474897946,1474897948,2
4,1474897948,1474897950,2
4,1474897950,1474897952,2
4,1474897953,1474897955,2
4,1474897955,1474897957,2
4,1474897957,1474897959,2
4,1474897960,1474897962,2
4,1474897962,1474897964,2
1,1474897962,1474897966,4
4,1474897964,1474897966,2
4,1474897967,1474897969,2
4,1474897969,1474897971,2
4,1474897971,1474897974,3
1,1474897973,1474897981,8
4,1474897974,1474897976,2
4,1474897976,1474897978,2
4,1474897978,1474897980,2
4,1474897981,1474897983,2
4,1474897983,1474897985,2
1,1474897985,1474897998,13
4,1474897986,1474897988,2
4,1474897988,1474897990,2
4,1474897990,1474897992,2
4,1474897992,1474897994,2
4,1474897995,1474897997,2
4,1474897997,1474897999,2
4,1474897999,1474898001,2
4,1474898001,1474898003,2
4,1474898004,1474898006,2
4,1474898006,1474898008,2
4,1474898008,1474898010,2
1,1474898010,1474898018,8
4,1474898011,1474898013,2
4,1474898013,1474898015,2
4,1474898015,1474898017,2
4,1474898018,1474898020,2
4,1474898020,1474898022,2
4,1474898022,1474898024,2
4,1474898024,1474898026,2
1,1474898025,1474898046,21
4,1474898027,1474898029,2
4,1474898029,1474898031,2
4,1474898032,1474898034,2
4,1474898034,1474898036,2
4,1474898036,1474898038,2
4,1474898039,1474898041,2
4,1474898041,1474898043,2
4,1474898044,1474898046,2
4,1474898046,1474898048,2
4,1474898048,1474898050,2
4,1474898051,1474898053,2
1,1474898051,1474898071,20
4,1474898053,1474898055,2
4,1474898055,1474898057,2
4,1474898058,1474898060,2
4,1474898060,1474898062,2
4,1474898062,1474898065,3
4,1474898065,1474898067,2
4,1474898067,1474898070,3
4,1474898070,1474898072,2
4,1474898072,1474898074,2
4,1474898074,1474898077,3
1,1474898075,1474898077,2
5,1474898077,1474898079,2
4,1474898081,1474898100,19
1,1474898096,1474898099,3
4,1474898101,1474898104,3
11,1474898102,1474898105,3
1,1474898106,1474898110,4
4,1474898107,1474898113,6
14,1474898110,1474905591,7481
11,1474898113,1474898391,278
4,1474898113,1474898116,3
4,1474898116,1474898118,2
4,1474898118,1474898123,5
4,1474898123,1474898125,2
4,1474898127,1474898129,2
4,1474898129,1474898131,2
4,1474898131,1474898134,3
4,1474898134,1474898136,2
4,1474898136,1474898139,3
1,1474898138,1474898143,5
4,1474898139,1474898142,3
4,1474898142,1474898151,9
1,1474898146,1474898150,4
4,1474898151,1474898155,4
1,1474898158,1474898169,11
4,1474898159,1474898161,2
4,1474898162,1474898165,3
4,1474898165,1474898167,2
4,1474898168,1474898170,2
4,1474898173,1474898175,2
4,1474898176,1474898289,113
1,1474898176,1474898178,2
1,1474898185,1474898190,5
1,1474898216,1474898234,18
1,1474898238,1474898246,8
1,1474898297,1474898302,5
1,1474898322,1474898329,7
1,1474898361,1474898362,1
4,1474898389,1474898392,3
1,1474898392,1474898400,8
14,1474898400,1474906058,7658
11,1474898404,1474898446,42
4,1474898404,1474898407,3
4,1474898407,1474898409,2
4,1474898410,1474898412,2
4,1474898412,1474898415,3
4,1474898416,1474898418,2
4,1474898418,1474898421,3
4,1474898421,1474898423,2
4,1474898424,1474898426,2
4,1474898426,1474898428,2
4,1474898429,1474898431,2
4,1474898432,1474898435,3
4,1474898435,1474898437,2
4,1474898437,1474898440,3
4,1474898441,1474898444,3
11,1474898446,1474898455,9
4,1474898447,1474898461,14
1,1474898451,1474898484,33
11,1474898456,1474898460,4
11,1474898461,1474898507,46
1,1474898503,1474898539,36
11,1474898507,1474898523,16
4,1474898507,1474898526,19
11,1474898524,1474898857,333
1,1474898553,1474898554,1
1,1474898559,1474898570,11
1,1474898580,1474898660,80
1,1474898664,1474898682,18
1,1474898688,1474898697,9
1,1474898718,1474898743,25
4,1474898730,1474898791,61
1,1474898789,1474898792,3
4,1474898794,1474898818,24
1,1474898797,1474898799,2
1,1474898806,1474898818,12
4,1474898819,1474898834,15
1,1474898829,1474898833,4
4,1474898834,1474898846,12
4,1474898846,1474898859,13
1,1474898853,1474898855,2
5,1474898855,1474898857,2
1,1474898859,1474898863,4
1,1474898878,1474898879,1
10,1474898880,1474898887,7
1,1474898883,1474898892,9
4,1474898887,1474898893,6
10,1474898894,1474898912,18
4,1474898912,1474898917,5
4,1474898918,1474898920,2
4,1474898921,1474898932,11
10,1474898921,1474898932,11
4,1474898932,1474898935,3
4,1474898935,1474898938,3
4,1474898938,1474898941,3
4,1474898941,1474898948,7
1,1474898943,1474898951,8
4,1474898949,1474898951,2
10,1474898952,1474898954,2
4,1474898955,1474898973,18
1,1474898956,1474898958,2
1,1474898962,1474898972,10
4,1474898974,1474898976,2
4,1474898976,1474898979,3
10,1474898980,1474898987,7
4,1474898987,1474898993,6
10,1474898995,1474899001,6
4,1474899001,1474899010,9
1,1474899005,1474899008,3
4,1474899011,1474899014,3
10,1474899012,1474899014,2
10,1474899014,1474899016,2
4,1474899016,1474899019,3
10,1474899018,1474899019,1
4,1474899020,1474899023,3
1,1474899021,1474899022,1
4,1474899023,1474899029,6
10,1474899026,1474899029,3
4,1474899029,1474899035,6
1,1474899031,1474899034,3
4,1474899036,1474899040,4
10,1474899038,1474899040,2
4,1474899052,1474899069,17
1,1474899055,1474899062,7
14,1474899057,1474906283,7226
11,1474899068,1474899083,15
1,1474899068,1474899071,3
4,1474899069,1474899071,2
4,1474899071,1474899074,3
4,1474899074,1474899079,5
1,1474899076,1474899088,12
4,1474899079,1474899083,4
4,1474899091,1474899129,38
1,1474899094,1474899101,7
1,1474899115,1474899118,3
11,1474899129,1474899172,43
4,1474899129,1474899132,3
4,1474899132,1474899135,3
4,1474899135,1474899137,2
4,1474899137,1474899140,3
4,1474899141,1474899143,2
4,1474899144,1474899146,2
4,1474899146,1474899148,2
4,1474899148,1474899150,2
4,1474899151,1474899153,2
4,1474899153,1474899155,2
4,1474899156,1474899160,4
4,1474899160,1474899162,2
4,1474899162,1474899165,3
4,1474899166,1474899169,3
4,1474899169,1474899172,3
11,1474899172,1474899182,10
1,1474899172,1474899199,27
11,1474899182,1474899187,5
4,1474899188,1474899191,3
1,1474899204,1474899231,27
1,1474899236,1474899251,15
1,1474900426,1474900427,1
6,1474900450,1474900452,2
1,1474900454,1474900456,2
1,1474900465,1474900468,3
4,1474900540,1474900543,3
1,1474900716,1474900722,6
1,1474900749,1474900756,7
1,1474901071,1474901073,2
1,1474901077,1474901080,3
1,1474901083,1474901086,3
1,1474901102,1474901112,10
14,1474901112,1474905985,4873
11,1474901115,1474901319,204
4,1474901115,1474901118,3
4,1474901118,1474901121,3
4,1474901121,1474901123,2
4,1474901123,1474901125,2
4,1474901125,1474901192,67
1,1474901192,1474901194,2
4,1474901193,1474901212,19
1,1474901210,1474901237,27
4,1474901212,1474901214,2
4,1474901222,1474901225,3
4,1474901225,1474901227,2
4,1474901228,1474901230,2
4,1474901230,1474901232,2
4,1474901233,1474901235,2
4,1474901235,1474901239,4
4,1474901239,1474901241,2
4,1474901242,1474901253,11
1,1474901254,1474901264,10
4,1474901265,1474901268,3
4,1474901279,1474901282,3
4,1474901282,1474901286,4
4,1474901290,1474901292,2
4,1474901292,1474901295,3
4,1474901296,1474901303,7
4,1474901308,1474901310,2
4,1474901310,1474901313,3
4,1474901313,1474901317,4
4,1474901318,1474901328,10
11,1474901319,1474901324,5
1,1474901322,1474901401,79
11,1474901325,1474905985,4660
1,1474901439,1474901465,26
1,1474901510,1474901520,10
1,1474901525,1474901531,6
4,1474901532,1474901534,2
4,1474901534,1474901537,3
4,1474901537,1474901575,38
4,1474901575,1474901577,2
4,1474901577,1474901603,26
1,1474901579,1474901591,12
1,1474901594,1474901601,7
4,1474901603,1474901607,4
4,1474901607,1474901611,4
4,1474901611,1474901618,7
1,1474901617,1474901619,2
4,1474901620,1474901622,2
4,1474901622,1474901636,14
1,1474901626,1474901644,18
4,1474901637,1474905985,4348
1,1474901648,1474901651,3
1,1474901665,1474901709,44
1,1474901714,1474901721,7
1,1474901735,1474901739,4
1,1474901748,1474901796,48
1,1474901802,1474901810,8
1,1474901815,1474901820,5
1,1474901823,1474901866,43
1,1474901879,1474901898,19
1,1474901902,1474901970,68
1,1474901974,1474901976,2
1,1474901982,1474901985,3
1,1474902519,1474902526,7
1,1474902531,1474902536,5
1,1474903055,1474903059,4
1,1474903067,1474903069,2
1,1474903080,1474903110,30
1,1474903129,1474903136,7
1,1474903265,1474903267,2
1,1474903311,1474903313,2
1,1474903342,1474903349,7
1,1474903352,1474903361,9
1,1474903366,1474903376,10
1,1474903380,1474903383,3
1,1474903395,1474903412,17
1,1474903417,1474903419,2
1,1474903434,1474903437,3
1,1474903442,1474903457,15
1,1474903463,1474903468,5
1,1474903477,1474903480,3
1,1474903490,1474903494,4
1,1474903504,1474903506,2
1,1474903510,1474903522,12
1,1474903526,1474903544,18
1,1474903554,1474903556,2
1,1474903646,1474903648,2
1,1474903652,1474903662,10
1,1474903669,1474903672,3
1,1474905927,1474905929,2
1,1474905978,1474905986,8
5,1474905981,1474905992,11
1,1474905989,1474906001,12
4,1474905992,1474906002,10
1,1474906005,1474906026,21
4,1474906007,1474906052,45
1,1474906030,1474906031,1
1,1474906040,1474906055,15
4,1474906056,1474906138,82
10,1474906058,1474906059,1
1,1474906059,1474906073,14
1,1474906076,1474906089,13
1,1474906095,1474906102,7
4,1474906138,1474906140,2
4,1474906140,1474906142,2
4,1474906142,1474906145,3
4,1474906145,1474906149,4
1,1474906147,1474906154,7
1,1474906211,1474906214,3
4,1474906215,1474906217,2
10,1474906216,1474906217,1
4,1474906218,1474906220,2
1,1474906221,1474906223,2
1,1474906384,1474906395,11
1,1474906492,1474906495,3
1,1474906542,1474906558,16
4,1474906559,1474906568,9
1,1474906565,1474906572,7
4,1474906576,1474906587,11
1,1474906577,1474906605,28
4,1474906595,1474906602,7
4,1474906602,1476745913,1839311
1,1474906611,1474906617,6
1,1474906623,1474906660,37
1,1474906798,1474906800,2
1,1476745907,1476745911,4
4,1476745915,1476745919,4
1,1476745917,1476745918,1
4,1476745920,1476793357,47437
1,1476745924,1476745939,15
1,1476746131,1476746143,12
1,1476746148,1476746155,7
1,1476746162,1476746167,5
1,1476746176,1476746184,8
1,1476746209,1476746217,8
1,1476746224,1476746228,4
1,1476751538,1476751539,1
1,1476791181,1476791191,10
1,1476791212,1476791229,17
1,1476791296,1476791297,1
1,1476791321,1476791322,1
1,1476791327,1476791330,3
1,1476791341,1476791347,6
1,1476791449,1476791478,29
1,1476791484,1476791494,10
1,1476791497,1476791515,18
1,1476791536,1476791544,8
1,1476793164,1476793169,5
1,1476793209,1476793216,7
1,1476793232,1476793236,4
1,1476793241,1476793255,14
1,1476793261,1476793265,4
5,1476793265,1476793274,9
1,1476793275,1476793280,5
5,1476793280,1476793286,6
1,1476793287,1476793298,11
1,1476793309,1476793317,8
1,1476793325,1476793338,13
5,1476793338,1476793345,7
1,1476793347,1476793376,29
4,1476793366,1476793369,3
4,1476793369,1476793387,18
1,1476793385,1476793386,1
4,1476793387,1476793391,4
4,1476793391,1476793393,2
4,1476793397,1476793399,2
4,1476793399,1476793401,2
4,1476793401,1476793404,3
4,1476793404,1476793407,3
4,1476793408,1476793410,2
4,1476793412,1476793414,2
4,1476793414,1476793420,6
4,1476793420,1476793424,4
1,1476793421,1476793423,2
4,1476793424,1476793437,13
1,1476793429,1476793436,7
4,1476793437,1476793439,2
4,1476793440,1476793450,10
4,1476793450,1476793454,4
10,1476793452,1476793454,2
4,1476793454,1476793456,2
4,1476793462,1476793466,4
1,1476793462,1476793468,6
4,1476793466,1476793476,10
10,1476793466,1476793468,2
1,1476793474,1476793476,2
4,1476793476,1476793478,2
4,1476793479,1476793481,2
4,1476793482,1476793487,5
4,1476793487,1476793490,3
4,1476793490,1476793493,3
4,1476793493,1476793500,7
1,1476793498,1476793499,1
4,1476793500,1476793502,2
4,1476793502,1476793505,3
4,1476793505,1476793578,73
1,1476793529,1476793534,5
1,1476793537,1476793550,13
1,1476793554,1476793560,6
1,1476793568,1476793581,13
4,1476793579,1476793581,2
4,1476793582,1476793587,5
10,1476793582,1476793583,1
1,1476793585,1476793589,4
4,1476793588,1476793624,36
1,1476793621,1476793623,2
1,1476793633,1476793642,9
4,1476793644,1476793646,2
4,1476793647,1476793649,2
4,1476793649,1476793657,8
10,1476793649,1476793651,2
4,1476793657,1476793667,10
10,1476793657,1476793664,7
10,1476793665,1476793667,2
4,1476793667,1476793671,4
10,1476793667,1476793671,4
4,1476793671,1476793674,3
4,1476793674,1476793677,3
1,1476793675,1476793677,2
4,1476793677,1476793679,2
4,1476793683,1476793685,2
4,1476793685,1476793689,4
4,1476793689,1476793697,8
4,1476793698,1476793701,3
10,1476793699,1476793701,2
4,1476793702,1476793704,2
4,1476793709,1476793713,4
4,1476793713,1476793718,5
1,1476793715,1476793717,2
4,1476793718,1476793724,6
1,1476793720,1476793722,2
4,1476793725,1476793728,3
10,1476793726,1476793728,2
1,1476793730,1476793737,7
4,1476793733,1476793738,5
4,1476793738,1476793740,2
4,1476793740,1476793743,3
4,1476793743,1476793746,3
4,1476793746,1476793748,2
10,1476793746,1476793747,1
4,1476793748,1476793805,57
1,1476793799,1476793804,5
4,1476793805,1476793809,4
4,1476793809,1476793813,4
1,1476793811,1476793813,2
4,1476793813,1476793816,3
4,1476793816,1476793818,2
4,1476793818,1476793820,2
4,1476793821,1476793824,3
1,1476793822,1476793833,11
4,1476793824,1476793827,3
4,1476793829,1476793845,16
1,1476793836,1476793843,7
1,1476794259,1476794261,2
1,1476794271,1476794276,5
5,1476794276,1476794286,10
1,1476794294,1476794303,9
1,1476794307,1476794311,4
1,1476794318,1476794321,3
1,1476794324,1476794332,8
4,1476794332,1476794340,8
4,1476794340,1476794342,2
4,1476794343,1476794346,3
4,1476794346,1476794348,2
4,1476794348,1476794350,2
4,1476794350,1476794353,3
4,1476794353,1476794356,3
10,1476794353,1476794354,1
4,1476794356,1476794358,2
4,1476794358,1476794361,3
4,1476794362,1476794364,2
4,1476794365,1476794371,6
1,1476794367,1476794368,1
10,1476794368,1476794371,3
4,1476794371,1476794389,18
1,1476794382,1476794388,6
4,1476794389,1476794391,2
10,1476794390,1476794391,1
4,1476794391,1476794394,3
4,1476794394,1476794396,2
4,1476794396,1476794398,2
4,1476794398,1476794400,2
4,1476794401,1476794403,2
1,1476794404,1476794406,2
4,1476794406,1476794408,2
4,1476794408,1476794442,34
1,1476794413,1476794427,14
1,1476794432,1476794434,2
1,1476794439,1476794441,2
4,1476794443,1476794447,4
4,1476794447,1476794449,2
10,1476794447,1476794448,1
4,1476794449,1476794452,3
4,1476794452,1476794454,2
4,1476794454,1476794456,2
4,1476794457,1476794468,11
1,1476794459,1476794461,2
4,1476794468,1476794470,2
4,1476794470,1476794481,11
1,1476794473,1476794479,6
4,1476794481,1476794485,4
10,1476794482,1476794484,2
4,1476794486,1476794488,2
4,1476794488,1476794490,2
4,1476794490,1476794493,3
4,1476794493,1476794498,5
4,1476794498,1476794501,3
1,1476794504,1476794507,3
1,1476794514,1476794517,3
1,1476794604,1476794623,19
1,1476794629,1476794634,5
5,1476794634,1476794642,8
1,1476794642,1476794653,11
4,1476794650,1476794654,4
4,1476794655,1476794657,2
4,1476794657,1476794660,3
4,1476794660,1476794662,2
4,1476794662,1476794665,3
10,1476794663,1476794664,1
4,1476794665,1476794668,3
4,1476794668,1476794671,3
4,1476794671,1476794677,6
4,1476794677,1476794684,7
10,1476794678,1476794683,5
4,1476794684,1476794687,3
4,1476794688,1476794690,2
4,1476794690,1476794693,3
4,1476794693,1476794699,6
10,1476794694,1476794698,4
1,1476794695,1476794698,3
4,1476794699,1476794703,4
4,1476794708,1476794712,4
10,1476794708,1476794712,4
4,1476794712,1476794714,2
4,1476794714,1476794719,5
10,1476794717,1476794719,2
4,1476794719,1476794723,4
10,1476794721,1476794723,2
4,1476794723,1476794725,2
4,1476794725,1476794750,25
1,1476794735,1476794740,5
4,1476794750,1476794754,4
1,1476794752,1476794753,1
4,1476794754,1476794757,3
10,1476794754,1476794755,1
4,1476794757,1476794759,2
4,1476794759,1476794767,8
1,1476794763,1476794765,2
4,1476794767,1476794783,16
10,1476794769,1476794783,14
1,1476794770,1476794779,9
4,1476794786,1476794788,2
4,1476794788,1476794793,5
1,1476794789,1476794794,5
4,1476794793,1476794796,3
4,1476794796,1476794799,3
4,1476794799,1476794805,6
10,1476794800,1476794805,5
4,1476794805,1476794809,4
4,1476794809,1476794812,3
4,1476794814,1476794817,3
1,1476794815,1476794816,1
4,1476794817,1476794820,3
4,1476794820,1476794823,3
4,1476794824,1476794829,5
1,1476794826,1476794828,2
4,1476794829,1476794832,3
4,1476794832,1476794845,13
1,1476794835,1476794837,2
1,1476794842,1476794854,12
4,1476794849,1476794852,3
4,1476794855,1476794862,7
10,1476794860,1476794862,2
4,1476794862,1476794869,7
1,1476794866,1476794868,2
4,1476794870,1476794874,4
4,1476794874,1476794883,9
1,1476794879,1476794882,3
4,1476794883,1476794885,2
4,1476794886,1476794890,4
1,1476794887,1476794889,2
4,1476794890,1476794893,3
4,1476794893,1476794895,2
4,1476794895,1476794901,6
1,1476794899,1476794900,1
4,1476794902,1476794904,2
4,1476794904,1476794907,3
4,1476794907,1476794910,3
4,1476794910,1476794912,2
4,1476794913,1476794915,2
4,1476794915,1476794917,2
10,1476794916,1476794917,1
10,1476794917,1476794920,3
4,1476794920,1476794923,3
4,1476794924,1476794932,8
4,1476794933,1476794943,10
4,1476794943,1476794947,4
1,1476794944,1476794949,5
10,1476794947,1476794949,2
4,1476794950,1476794952,2
4,1476794952,1476794955,3
4,1476794956,1476794958,2
10,1476794956,1476794958,2
4,1476794958,1476794961,3
4,1476794961,1476794975,14
1,1476794964,1476794972,8
4,1476794975,1476794977,2
4,1476794977,1476794980,3
4,1476794980,1476794982,2
10,1476794980,1476794982,2
4,1476794982,1476794985,3
10,1476794983,1476794985,2
4,1476794986,1476794988,2
10,1476794986,1476794988,2
10,1476794988,1476795001,13
1,1476795001,1476795008,7
1,1476795123,1476795129,6
4,1476795124,1476795131,7
4,1476795131,1476795138,7
1,1476795135,1476795137,2
4,1476795139,1476795142,3
4,1476795144,1476795150,6
1,1476795147,1476795149,2
4,1476795151,1476795159,8
10,1476795152,1476795158,6
4,1476795159,1476795168,9
1,1476795165,1476795168,3
4,1476795169,1476795172,3
4,1476795172,1476795175,3
1,1476795172,1476795174,2
4,1476795176,1476795182,6
1,1476795179,1476795181,2
10,1476795182,1476795184,2
4,1476795184,1476795192,8
10,1476795184,1476795192,8
4,1476795192,1476795201,9
1,1476795194,1476795197,3
4,1476795201,1476795204,3
10,1476795201,1476795202,1
4,1476795208,1476795212,4
10,1476795209,1476795212,3
10,1476795212,1476795219,7
4,1476795219,1476795224,5
10,1476795226,1476795230,4
4,1476795230,1476795234,4
10,1476795230,1476795234,4
4,1476795234,1476795236,2
4,1476795237,1476795250,13
10,1476795237,1476795238,1
4,1476795255,1476795258,3
4,1476795259,1476795278,19
1,1476795276,1476795277,1
4,1476795278,1476795280,2
10,1476795279,1476795280,1
4,1476795282,1476795286,4
1,1476795283,1476795284,1
4,1476795286,1476795298,12
1,1476795295,1476795300,5
4,1476795301,1476795338,37
1,1476795306,1476795308,2
1,1476795316,1476795330,14
14,1476795330,1476802586,7256
11,1476795336,1476795341,5
4,1476795338,1476795341,3
11,1476795341,1476795386,45
1,1476795342,1476795356,14
4,1476795347,1476795386,39
1,1476795359,1476795362,3
1,1476795379,1476795388,9
5,1476795384,1476795386,2
4,1476795390,1476795394,4
10,1476795391,1476795394,3
4,1476795395,1476795399,4
4,1476795399,1476795405,6
10,1476795401,1476795404,3
4,1476795405,1476795411,6
1,1476795407,1476795411,4
4,1476795411,1476795413,2
4,1476795413,1476795416,3
4,1476795416,1476795419,3
1,1476795417,1476795422,5
4,1476795420,1476795423,3
4,1476795423,1476795425,2
4,1476795425,1476795429,4
1,1476795427,1476795428,1
4,1476795429,1476795440,11
1,1476795432,1476795440,8
14,1476795435,1476802673,7238
11,1476795439,1476795443,4
4,1476795441,1476795443,2
11,1476795443,1476795473,30
1,1476795445,1476795453,8
4,1476795446,1476795473,27
1,1476795469,1476795476,7
5,1476795472,1476795473,1
4,1476795477,1476795490,13
1,1476795479,1476795493,14
14,1476795482,1476802807,7325
11,1476795488,1476795494,6
4,1476795490,1476795493,3
11,1476795494,1476795532,38
4,1476795494,1476795516,22
1,1476795516,1476795518,2
1,1476795522,1476795541,19
11,1476795533,1476795534,1
4,1476795533,1476795605,72
11,1476795540,1476795541,1
11,1476795541,1476795544,3
1,1476795544,1476795555,11
11,1476795546,1476795586,40
1,1476795574,1476795588,14
11,1476795587,1476795605,18
1,1476795601,1476795619,18
11,1476795605,1476795607,2
4,1476795605,1476795621,16
4,1476795621,1476795627,6
10,1476795621,1476795627,6
4,1476795627,1476795632,5
4,1476795632,1476795635,3
4,1476795636,1476795645,9
10,1476795636,1476795637,1
1,1476795640,1476795644,4
4,1476795646,1476795648,2
4,1476795648,1476795661,13
1,1476795650,1476795652,2
4,1476795661,1476795669,8
1,1476795664,1476795668,4
4,1476795669,1476795672,3
4,1476795672,1476795676,4
1,1476795672,1476795673,1
4,1476795676,1476795691,15
1,1476795682,1476795689,7
4,1476795691,1476795693,2
10,1476795693,1476795696,3
1,1476795708,1476795714,6
1,1476795719,1476795741,22
4,1476795720,1476795725,5
10,1476795726,1476795727,1
4,1476795729,1476795735,6
4,1476795736,1476795739,3
4,1476795742,1476795771,29
10,1476795744,1476795745,1
1,1476795747,1476795755,8
1,1476795762,1476795766,4
10,1476795767,1476795771,4
4,1476795771,1476795775,4
4,1476795775,1476795781,6
4,1476795781,1476795784,3
10,1476795783,1476795784,1
10,1476795785,1476795788,3
4,1476795788,1476795807,19
1,1476795796,1476795803,7
14,1476795801,1476803036,7235
11,1476795806,1476795809,3
4,1476795807,1476795810,3
11,1476795810,1476795813,3
1,1476795811,1476795827,16
11,1476795813,1476795815,2
11,1476795815,1476795836,21
4,1476795821,1476795837,16
1,1476795834,1476795851,17
5,1476795835,1476795836,1
10,1476795848,1476795851,3
4,1476795851,1476795859,8
1,1476795855,1476795867,12
4,1476795860,1476795865,5
1,1476795870,1476795901,31
14,1476795876,1476803350,7474
11,1476795881,1476795886,5
4,1476795883,1476795886,3
11,1476795886,1476796150,264
4,1476795886,1476795890,4
1,1476795915,1476795916,1
4,1476795931,1476795933,2
4,1476795933,1476795935,2
4,1476795935,1476795937,2
4,1476795937,1476795942,5
1,1476795940,1476795941,1
4,1476795942,1476795946,4
1,1476795945,1476795947,2
1,1476795951,1476795955,4
4,1476795957,1476795959,2
4,1476795959,1476795961,2
4,1476795961,1476795971,10
1,1476795977,1476795982,5
1,1476796006,1476796007,1
4,1476796008,1476796016,8
4,1476796016,1476796018,2
4,1476796019,1476796034,15
4,1476796034,1476796038,4
10,1476796035,1476796038,3
4,1476796039,1476796041,2
4,1476796041,1476796044,3
4,1476796044,1476796047,3
4,1476796047,1476796049,2
4,1476796050,1476796052,2
4,1476796053,1476796055,2
4,1476796056,1476796058,2
4,1476796058,1476796071,13
1,1476796067,1476796076,9
4,1476796071,1476796076,5
4,1476796076,1476796079,3
4,1476796079,1476796096,17
1,1476796081,1476796085,4
4,1476796096,1476796098,2
4,1476796098,1476796104,6
4,1476796104,1476796108,4
4,1476796108,1476796122,14
1,1476796118,1476796125,7
4,1476796123,1476796137,14
10,1476796123,1476796125,2
1,1476796134,1476796156,22
4,1476796140,1476796151,11
5,1476796149,1476796150,1
14,1476796156,1476803390,7234
11,1476796160,1476796165,5
4,1476796162,1476796165,3
11,1476796165,1476796190,25
4,1476796165,1476796190,25
1,1476796167,1476796171,4
1,1476796186,1476796197,11
5,1476796189,1476796190,1
4,1476796198,1476796201,3
4,1476796201,1476796216,15
1,1476796202,1476796204,2
1,1476796208,1476796212,4
14,1476796210,1476804895,8685
11,1476796215,1476796218,3
4,1476796216,1476796219,3
11,1476796218,1476797695,1477
1,1476796219,1476796234,15
1,1476796268,1476796293,25
1,1476796365,1476796369,4
1,1476796374,1476796378,4
1,1476796444,1476796447,3
1,1476797654,1476797661,7
4,1476797662,1476797665,3
4,1476797665,1476797667,2
10,1476797666,1476797667,1
4,1476797667,1476797669,2
4,1476797670,1476797676,6
10,1476797673,1476797675,2
10,1476797675,1476797676,1
4,1476797676,1476797682,6
4,1476797683,1476797687,4
1,1476797684,1476797687,3
4,1476797688,1476797695,7
1,1476797692,1476797699,7
5,1476797694,1476797695,1
1,1476797703,1476797706,3
1,1476797754,1476797759,5
1,1476797814,1476797817,3
1,1476876168,1476876181,13
1,1476876198,1476876202,4
1,1476876209,1476876221,12
5,1476876216,1476876217,1
1,1476876230,1476876250,20
4,1476876243,1476876245,2
4,1476876245,1476876251,6
4,1476876251,1476876287,36
1,1476876256,1476876261,5
1,1476876264,1476876296,32
4,1476876287,1476876290,3
4,1476876290,1476876297,7
4,1476876297,1476876301,4
4,1476876301,1476876309,8
10,1476876301,1476876305,4
1,1476876305,1476876307,2
4,1476876310,1476876313,3
4,1476876313,1476876317,4
4,1476876320,1476876330,10
10,1476876320,1476876330,10
4,1476876330,1476876334,4
1,1476876334,1476876338,4
4,1476876334,1476876366,32
14,1476876338,1476883558,7220
1,1476876345,1476876347,2
1,1476876359,1476876365,6
4,1476876370,1476876374,4
4,1476876375,1476876473,98
1,1476876379,1476876386,7
14,1476876386,1476883597,7211
1,1476876400,1476876410,10
1,1476876444,1476876471,27
4,1476876473,1476876475,2
4,1476876475,1476876477,2
4,1476876477,1476876479,2
10,1476876477,1476876479,2
10,1476876479,1476876481,2
4,1476876481,1476876486,5
10,1476876482,1476876484,2
1,1476876483,1476876486,3
4,1476876487,1476876489,2
4,1476876489,1476876491,2
4,1476876491,1476876493,2
10,1476876492,1476876493,1
4,1476876494,1476876497,3
4,1476876497,1476876499,2
4,1476876499,1476876502,3
4,1476876502,1476876505,3
4,1476876506,1476876595,89
4,1476876595,1476876597,2
4,1476876597,1476876602,5
4,1476876602,1476876627,25
10,1476876604,1476876620,16
10,1476876620,1476876622,2
10,1476876624,1476876627,3
4,1476876627,1476876629,2
4,1476876630,1476876640,10
1,1476876644,1476876645,1
4,1476876646,1476876650,4
10,1476876647,1476876648,1
4,1476876650,1476876654,4
10,1476876652,1476876653,1
4,1476876655,1476876659,4
4,1476876659,1476876669,10
4,1476876669,1476876671,2
4,1476876672,1476876676,4
10,1476876674,1476876676,2
4,1476876676,1476876682,6
4,1476876682,1476876688,6
1,1476876684,1476876688,4
4,1476876689,1476876691,2
4,1476876691,1476876694,3
4,1476876694,1476876696,2
4,1476876697,1476876699,2
4,1476876699,1476876710,11
1,1476876701,1476876706,5
4,1476876710,1476876719,9
1,1476876712,1476876714,2
4,1476876719,1476876726,7
1,1476876720,1476876722,2
4,1476876726,1476876735,9
1,1476876727,1476876734,7
4,1476876736,1476876738,2
4,1476876738,1476876741,3
4,1476876741,1476876746,5
1,1476876744,1476876749,5
4,1476876746,1476876750,4
4,1476876750,1476876757,7
1,1476876755,1476876757,2
4,1476876759,1476876777,18
1,1476876774,1476876776,2
4,1476876777,1476876782,5
1,1476876780,1476876796,16
4,1476876783,1476876789,6
4,1476876790,1476876794,4
4,1476876795,1476876797,2
4,1476876797,1476876801,4
1,1476876799,1476876805,6
4,1476876801,1476876804,3
4,1476876805,1476876808,3
10,1476876807,1476876808,1
1,1476876809,1476876834,25
4,1476876810,1476876813,3
10,1476876810,1476876812,2
4,1476876815,1476876819,4
4,1476876820,1476876823,3
4,1476876825,1476876828,3
4,1476876835,1476876872,37
1,1476876867,1476876877,10
4,1476876872,1476876875,3
4,1476876875,1476876878,3
4,1476876881,1476876884,3
4,1476876885,1476876887,2
4,1476876890,1476876892,2
4,1476876893,1476876895,2
4,1476876898,1476876902,4
4,1476876904,1476876917,13
1,1476876915,1476876926,11
4,1476876917,1476876992,75
14,1476876925,1476884170,7245
1,1476876972,1476876979,7
1,1476876984,1476877001,17
4,1476876993,1476877081,88
14,1476877001,1476884207,7206
1,1476877020,1476877030,10
1,1476877063,1476877083,20
4,1476877082,1476877084,2
4,1476877084,1476877086,2
4,1476877087,1476877089,2
4,1476877089,1476877091,2
10,1476877091,1476877095,4
1,1476877092,1476877097,5
4,1476877100,1476877103,3
10,1476877100,1476877101,1
10,1476877101,1476877103,2
4,1476877103,1476877105,2
4,1476877106,1476877108,2
4,1476877108,1476877115,7
1,1476877111,1476877114,3
1,1476877119,1476877120,1
4,1476877122,1476877125,3
4,1476877125,1476877143,18
1,1476877128,1476877140,12
14,1476877135,1476884348,7213
11,1476877142,1476877148,6
4,1476877144,1476877146,2
4,1476877147,1476877164,17
1,1476877148,1476877163,15
4,1476877165,1476877167,2
4,1476877168,1476877170,2
4,1476877171,1476877174,3
4,1476877175,1476877178,3
4,1476877178,1476877201,23
1,1476877186,1476877194,8
14,1476877193,1476884532,7339
11,1476877199,1476877203,4
4,1476877201,1476877203,2
11,1476877203,1476877332,129
4,1476877204,1476877248,44
1,1476877208,1476877216,8
1,1476877220,1476877222,2
1,1476877225,1476877228,3
1,1476877238,1476877247,9
4,1476877248,1476877251,3
4,1476877251,1476877270,19
4,1476877271,1476877286,15
1,1476877274,1476877277,3
1,1476877282,1476877285,3
4,1476877286,1476877292,6
4,1476877292,1476877294,2
4,1476877294,1476877298,4
4,1476877298,1476877300,2
4,1476877301,1476877309,8
1,1476877304,1476877309,5
1,1476877312,1476877338,26
5,1476877331,1476877332,1
4,1476877332,1476877450,118
14,1476877337,1476884543,7206
1,1476877432,1476877433,1
1,1476877441,1476877455,14
4,1476877453,1476877456,3
4,1476877456,1476877458,2
4,1476877459,1476877461,2
10,1476877459,1476877460,1
4,1476877461,1476877464,3
10,1476877463,1476877464,1
4,1476877464,1476877467,3
4,1476877467,1476877525,58
1,1476877471,1476877484,13
14,1476877477,1476884682,7205
1,1476877500,1476877514,14
1,1476877519,1476877527,8
4,1476877525,1476877527,2
4,1476877528,1476877530,2
4,1476877530,1476877538,8
1,1476877532,1476877541,9
4,1476877543,1476877548,5
10,1476877544,1476877545,1
4,1476877548,1476877551,3
10,1476877549,1476877550,1
4,1476877551,1476877553,2
4,1476877553,1476877555,2
4,1476877555,1476877560,5
10,1476877558,1476877560,2
4,1476877560,1476877565,5
4,1476877566,1476877570,4
10,1476877568,1476877570,2
4,1476877570,1476877576,6
1,1476877573,1476877576,3
4,1476877577,1476877582,5
1,1476877580,1476877581,1
4,1476877582,1476877585,3
4,1476877585,1476877588,3
10,1476877587,1476877588,1
4,1476877589,1476877591,2
10,1476877589,1476877591,2
4,1476877591,1476877593,2
4,1476877593,1476877597,4
1,1476877596,1476877599,3
4,1476877597,1476877600,3
4,1476877600,1476877603,3
4,1476877603,1476877610,7
10,1476877604,1476877609,5
1,1476877605,1476877640,35
4,1476877610,1476877623,13
4,1476877628,1476877630,2
4,1476877635,1476877640,5
1,1476877646,1476877660,14
14,1476877656,1476884861,7205
1,1476877663,1476877670,7
4,1476877671,1476877675,4
10,1476877674,1476877675,1
4,1476877676,1476877678,2
4,1476877678,1476877680,2
4,1476877680,1476877683,3
10,1476877682,1476877683,1
4,1476877683,1476877686,3
4,1476877686,1476877688,2
4,1476877689,1476877691,2
4,1476877691,1476877693,2
4,1476877693,1476877699,6
10,1476877695,1476877697,2
4,1476877700,1476877702,2
4,1476877703,1476877706,3
4,1476877706,1476877708,2
4,1476877708,1476877711,3
4,1476877711,1476877713,2
1,1476877716,1476877719,3
14,1476877719,1476884924,7205
1,1476877725,1476877740,15
4,1476877735,1476877741,6
4,1476877741,1476877743,2
4,1476877743,1476877746,3
4,1476877746,1476877748,2
4,1476877748,1476877752,4
10,1476877748,1476877751,3
1,1476877749,1476877763,14
4,1476877752,1476877756,4
4,1476877760,1476877763,3
1,1476877768,1476877773,5
14,1476877771,1476884976,7205
1,1476877778,1476877786,8
4,1476877787,1476877795,8
1,1476877791,1476877795,4
4,1476877795,1476877797,2
4,1476877797,1476877800,3
10,1476877798,1476877800,2
4,1476877800,1476877807,7
1,1476877802,1476877816,14
4,1476877810,1476877814,4
4,1476877817,1476877821,4
10,1476877817,1476877821,4
4,1476877821,1476877823,2
4,1476877823,1476877828,5
1,1476877825,1476877827,2
4,1476877829,1476877865,36
1,1476877832,1476877833,1
1,1476877838,1476877841,3
14,1476877841,1476885046,7205
1,1476877850,1476877854,4
1,1476877859,1476877867,8
4,1476877865,1476877868,3
4,1476877868,1476877870,2
4,1476877870,1476877876,6
10,1476877871,1476877872,1
1,1476877872,1476877875,3
4,1476877876,1476877879,3
1,1476877878,1476877892,14
4,1476877882,1476877888,6
4,1476877895,1476877897,2
10,1476877898,1476877900,2
4,1476877900,1476877903,3
4,1476877904,1476877907,3
1,1476877905,1476877906,1
4,1476877907,1476877912,5
1,1476877910,1476877911,1
4,1476877912,1476877914,2
4,1476877915,1476877943,28
1,1476877937,1476877969,32
4,1476877943,1476877948,5
4,1476877948,1476877956,8
10,1476877949,1476877954,5
4,1476877958,1476877962,4
14,1476877969,1476885174,7205
1,1476877977,1476877990,13
4,1476877991,1476877994,3
4,1476877994,1476877998,4
4,1476877998,1476878002,4
10,1476877999,1476878000,1
1,1476878000,1476878012,12
4,1476878002,1476878007,5
4,1476878007,1476878010,3
4,1476878010,1476878013,3
4,1476878013,1476878016,3
10,1476878015,1476878016,1
4,1476878017,1476878021,4
10,1476878017,1476878018,1
1,1476878019,1476878020,1
4,1476878021,1476878023,2
10,1476878022,1476878023,1
4,1476878023,1476878027,4
1,1476878024,1476878028,4
4,1476878029,1476878031,2
10,1476878030,1476878031,1
4,1476878032,1476878037,5
4,1476878037,1476878039,2
4,1476878039,1476878048,9
10,1476878040,1476878046,6
4,1476878049,1476878051,2
4,1476878051,1476878053,2
1,1476878053,1476878058,5
14,1476878058,1476885263,7205
1,1476878066,1476878070,4
1,1476878089,1476878094,5
1,1476878129,1476878136,7
1,1476878261,1476878268,7
4,1476878267,1476878271,4
4,1476878272,1476878274,2
1,1476880111,1476880114,3
1,1476880131,1476880133,2
1,1476880138,1476880143,5
1,1476880146,1476880153,7
1,1476880156,1476880161,5
1,1476880165,1476880171,6
5,1476880171,1476880176,5
1,1476880177,1476880187,10
4,1476880185,1476880188,3
4,1476880192,1476880194,2
4,1476880195,1476880197,2
10,1476880195,1476880197,2
4,1476880197,1476880199,2
4,1476880199,1476880201,2
4,1476880201,1476880204,3
4,1476880204,1476880206,2
4,1476880206,1476880209,3
10,1476880207,1476880209,2
4,1476880209,1476880212,3
4,1476880212,1476880215,3
4,1476880215,1476880218,3
4,1476880218,1476880220,2
4,1476880221,1476880224,3
10,1476880221,1476880222,1
4,1476880225,1476880228,3
1,1476880225,1476880227,2
4,1476880228,1476880232,4
4,1476880232,1476880236,4
1,1476880233,1476880242,9
4,1476880239,1476880241,2
4,1476880243,1476880246,3
1,1476880245,1476880250,5
4,1476880247,1476880250,3
4,1476880251,1476880256,5
1,1476880253,1476880258,5
4,1476880256,1476880258,2
4,1476880259,1476880261,2
10,1476880260,1476880261,1
4,1476880261,1476880268,7
1,1476880263,1476880270,7
4,1476880269,1476880271,2
4,1476880271,1476880276,5
1,1476880273,1476880278,5
4,1476880276,1476880279,3
4,1476880279,1476880282,3
4,1476880282,1476880294,12
1,1476880282,1476880300,18
4,1476880297,1476880301,4
4,1476880301,1476880331,30
1,1476880304,1476880320,16
14,1476880319,1476887526,7207
1,1476880327,1476880334,7
4,1476880331,1476880336,5
4,1476880336,1476880340,4
1,1476880338,1476880339,1
4,1476880340,1476880342,2
4,1476880343,1476880345,2
10,1476880343,1476880345,2
4,1476880346,1476880353,7
1,1476880348,1476880353,5
4,1476880353,1476880356,3
4,1476880356,1476880360,4
4,1476880360,1476880362,2
4,1476880362,1476880368,6
4,1476880368,1476880371,3
10,1476880369,1476880371,2
4,1476880371,1476880374,3
4,1476880374,1476880376,2
4,1476880376,1476880378,2
4,1476880378,1476880381,3
4,1476880381,1476880384,3
4,1476880384,1476880387,3
10,1476880386,1476880387,1
4,1476880387,1476880389,2
4,1476880389,1476880395,6
10,1476880392,1476880395,3
4,1476880395,1476880398,3
4,1476880398,1476880401,3
4,1476880402,1476880404,2
1,1476880407,1476880413,6
4,1476880414,1476880416,2
4,1476880416,1476880418,2
4,1476880419,1476880425,6
1,1476880421,1476880424,3
4,1476880425,1476880428,3
4,1476880428,1476880433,5
1,1476880429,1476880436,7
4,1476880436,1476880438,2
1,1476880447,1476880456,9
4,1476880454,1476880456,2
4,1476880457,1476880461,4
1,1476880459,1476880460,1
4,1476880461,1476880463,2
4,1476880463,1476880466,3
4,1476880466,1476880468,2
4,1476880468,1476880475,7
1,1476880470,1476880474,4
4,1476880476,1476880479,3
10,1476880477,1476880479,2
4,1476880479,1476880483,4
10,1476880479,1476880483,4
10,1476880483,1476880486,3
4,1476880486,1476880489,3
10,1476880487,1476880489,2
4,1476880489,1476880491,2
4,1476880491,1476880493,2
10,1476880492,1476880493,1
4,1476880493,1476880527,34
1,1476880497,1476880499,2
1,1476880503,1476880508,5
4,1476880527,1476880530,3
10,1476880528,1476880530,2
4,1476880530,1476880532,2
4,1476880532,1476880536,4
4,1476880536,1476880543,7
1,1476880537,1476880551,14
4,1476880544,1476880548,4
4,1476880548,1476880553,5
4,1476880553,1476880555,2
10,1476880554,1476880556,2
4,1476880556,1476880558,2
1,1476880560,1476880562,2
4,1476880562,1476880564,2
4,1476880564,1476880574,10
10,1476880566,1476880569,3
1,1476880567,1476880584,17
4,1476880574,1476880576,2
4,1476880578,1476880582,4
10,1476880578,1476880579,1
4,1476880582,1476880596,14
1,1476880588,1476880589,1
1,1476880593,1476880598,5
4,1476880597,1476880599,2
4,1476880599,1476880602,3
10,1476880600,1476880602,2
4,1476880602,1476880608,6
10,1476880603,1476880604,1
1,1476880605,1476880615,10
4,1476880608,1476880616,8
4,1476880616,1476880618,2
4,1476880618,1476880643,25
10,1476880619,1476880620,1
1,1476880638,1476880666,28
4,1476880643,1476880646,3
4,1476880646,1476880658,12
4,1476880666,1476880669,3
10,1476880667,1476880669,2
1,1476880669,1476880797,128
4,1476880671,1476880675,4
10,1476880672,1476880674,2
4,1476880678,1476880685,7
4,1476880686,1476880689,3
4,1476880692,1476880699,7
4,1476880699,1476880702,3
4,1476880705,1476880708,3
4,1476880709,1476880719,10
4,1476880720,1476880723,3
4,1476880726,1476880733,7
4,1476880734,1476880737,3
4,1476880740,1476880742,2
4,1476880744,1476880750,6
4,1476880750,1476880754,4
4,1476880757,1476880767,10
4,1476880768,1476880774,6
4,1476880775,1476880778,3
4,1476880781,1476880783,2
4,1476880786,1476880790,4
4,1476880790,1476880801,11
1,1476880808,1476880842,34
1,1476880851,1476880876,25
1,1476880888,1476880889,1
1,1476880899,1476880906,7
4,1476880907,1476880911,4
1,1476880913,1476880917,4
14,1476880917,1476888122,7205
1,1476880925,1476880968,43
4,1476880929,1476880945,16
4,1476880949,1476880957,8
4,1476880957,1476880961,4
4,1476880963,1476880966,3
4,1476880969,1476880971,2
4,1476880971,1476880976,5
10,1476880973,1476880976,3
10,1476880976,1476880977,1
4,1476880977,1476880980,3
4,1476880982,1476880984,2
4,1476880984,1476881001,17
10,1476880985,1476880986,1
1,1476880991,1476880993,2
1,1476881002,1476881008,6
14,1476881006,1476888213,7207
1,1476881016,1476881024,8
1,1476881028,1476881029,1
4,1476881031,1476881033,2
4,1476881034,1476881091,57
1,1476881036,1476881040,4
14,1476881040,1476888245,7205
1,1476881048,1476881049,1
1,1476881057,1476881066,9
1,1476881070,1476881101,31
4,1476881092,1476881115,23
1,1476881113,1476881146,33
4,1476881115,1476881120,5
4,1476881122,1476881125,3
4,1476881125,1476881127,2
4,1476881127,1476881130,3
4,1476881130,1476881134,4
1,1476881226,1476881245,19
1,1476881251,1476881254,3
1,1476881259,1476881275,16
4,1476881275,1476881277,2
10,1476881276,1476881277,1
4,1476881278,1476881280,2
4,1476881282,1476881287,5
1,1476881283,1476881290,7
4,1476881288,1476881291,3
4,1476881291,1476881293,2
4,1476881293,1476881296,3
4,1476881297,1476881299,2
10,1476881297,1476881299,2
4,1476881299,1476881301,2
4,1476881301,1476881303,2
4,1476881303,1476881305,2
10,1476881304,1476881305,1
4,1476881306,1476881309,3
10,1476881306,1476881307,1
4,1476881309,1476881316,7
1,1476881313,1476881314,1
4,1476881317,1476881319,2
4,1476881319,1476881322,3
4,1476881322,1476881325,3
10,1476881323,1476881324,1
4,1476881325,1476881327,2
4,1476881327,1476881330,3
4,1476881330,1476881336,6
4,1476881336,1476881338,2
4,1476881338,1476881340,2
10,1476881339,1476881340,1
4,1476881340,1476881343,3
4,1476881343,1476881345,2
10,1476881343,1476881344,1
4,1476881348,1476881350,2
4,1476881350,1476881353,3
4,1476881353,1476881357,4
10,1476881355,1476881357,2
4,1476881357,1476881360,3
4,1476881362,1476881394,32
1,1476881366,1476881367,1
1,1476881376,1476881393,17
4,1476881394,1476881415,21
1,1476881402,1476881407,5
1,1476881412,1476881414,2
4,1476881416,1476881420,4
10,1476881417,1476881420,3
4,1476881420,1476881422,2
4,1476881422,1476881424,2
4,1476881425,1476881428,3
4,1476881428,1476881432,4
4,1476881432,1476881481,49
1,1476881444,1476881455,11
1,1476881461,1476881485,24
4,1476881481,1476881483,2
1,1476881494,1476881498,4
1,1476881502,1476881504,2
1,1476881519,1476881521,2
1,1476881546,1476881550,4
4,1476881551,1476881553,2
4,1476881553,1476881556,3
10,1476881555,1476881556,1
4,1476881556,1476881559,3
4,1476881559,1476881645,86
1,1476881562,1476881571,9
1,1476881640,1476881644,4
4,1476881648,1476881652,4
10,1476881650,1476881652,2
4,1476881652,1476881658,6
10,1476881654,1476881657,3
4,1476881659,1476881686,27
1,1476881683,1476881685,2
4,1476881686,1476881689,3
10,1476881687,1476881689,2
4,1476881689,1476881694,5
4,1476881695,1476881698,3
10,1476881697,1476881698,1
4,1476881698,1476881701,3
1,1476881699,1476881700,1
4,1476881701,1476881703,2
4,1476881703,1476881706,3
4,1476881708,1476881710,2
4,1476881710,1476881713,3
10,1476881710,1476881711,1
4,1476881713,1476881715,2
4,1476881717,1476881720,3
10,1476881719,1476881720,1
4,1476881720,1476881732,12
1,1476881725,1476881731,6
4,1476881733,1476881735,2
4,1476881735,1476881738,3
4,1476881738,1476881740,2
4,1476881740,1476881744,4
4,1476881744,1476881752,8
1,1476881747,1476881751,4
4,1476881753,1476881755,2
1,1476881756,1476881762,6
4,1476881762,1476881789,27
1,1476881779,1476881784,5
4,1476881790,1476881792,2
4,1476881792,1476881794,2
4,1476881795,1476881800,5
4,1476881800,1476881802,2
4,1476881802,1476881805,3
4,1476881805,1476881808,3
4,1476881808,1476881810,2
4,1476881810,1476881815,5
4,1476881815,1476881825,10
1,1476881822,1476881824,2
4,1476881825,1476881829,4
4,1476881829,1476881841,12
1,1476881831,1476881833,2
1,1476881837,1476881842,5
4,1476881841,1476881843,2
4,1476881843,1476881847,4
4,1476881849,1476881851,2
10,1476881849,1476881851,2
4,1476881851,1476881854,3
4,1476881854,1476881858,4
1,1476881858,1476881863,5
4,1476881860,1476881865,5
10,1476881861,1476881862,1
4,1476881865,1476881868,3
4,1476881868,1476881879,11
1,1476881872,1476881882,10
10,1476881877,1476881879,2
4,1476881879,1476881889,10
1,1476881886,1476881894,8
4,1476881889,1476881891,2
10,1476881889,1476881890,1
4,1476881892,1476881905,13
10,1476881893,1476881894,1
1,1476881903,1476881904,1
4,1476881906,1476881908,2
4,1476881908,1476881911,3
1,1476881909,1476881910,1
4,1476881911,1476881919,8
10,1476881913,1476881915,2
1,1476881915,1476881918,3
4,1476881919,1476881921,2
4,1476881922,1476881925,3
4,1476881925,1476881932,7
1,1476881930,1476881931,1
4,1476881933,1476881941,8
10,1476881934,1476881940,6
1,1476881935,1476881940,5
4,1476881941,1476881956,15
10,1476881942,1476881951,9
1,1476881943,1476881952,9
4,1476881956,1476882018,62
1,1476881966,1476881979,13
1,1476881983,1476881988,5
1,1476881991,1476881993,2
1,1476882007,1476882016,9
4,1476882019,1476882021,2
4,1476882021,1476882024,3
4,1476882025,1476882027,2
4,1476882029,1476882033,4
1,1476882031,1476882036,5
4,1476882033,1476882042,9
1,1476882039,1476882044,5
4,1476882045,1476882048,3
4,1476882049,1476882051,2
4,1476882052,1476882055,3
4,1476882056,1476882062,6
4,1476882062,1476882064,2
4,1476882064,1476882067,3
4,1476882067,1476882070,3
1,1476882072,1476882088,16
4,1476882076,1476882085,9
4,1476882087,1476882095,8
4,1476882096,1476882099,3
4,1476882099,1476882104,5
4,1476882104,1476882110,6
1,1476882105,1476882109,4
4,1476882114,1476882116,2
4,1476882116,1476882118,2
4,1476882118,1476882121,3
4,1476882121,1476882125,4
1,1476882122,1476882139,17
4,1476882127,1476882130,3
4,1476882132,1476882194,62
1,1476882186,1476882192,6
4,1476882194,1476882198,4
4,1476882199,1476882201,2
4,1476882201,1476882204,3
4,1476882204,1476882209,5
4,1476882210,1476882216,6
1,1476882219,1476882221,2
4,1476882222,1476882226,4
4,1476882226,1476882242,16
10,1476882227,1476882237,10
1,1476882229,1476882240,11
4,1476882242,1476882244,2
10,1476882244,1476882246,2
4,1476882246,1476882248,2
4,1476882249,1476882251,2
10,1476882249,1476882251,2
4,1476882251,1476882253,2
4,1476882254,1476882267,13
10,1476882256,1476882267,11
1,1476882258,1476882261,3
10,1476882267,1476882268,1
4,1476882268,1476882271,3
4,1476882271,1476882274,3
4,1476882275,1476882277,2
4,1476882280,1476882282,2
1,1476882284,1476882289,5
4,1476882290,1476882296,6
1,1476882294,1476882300,6
4,1476882296,1476882301,5
4,1476882302,1476882304,2
10,1476882302,1476882304,2
4,1476882304,1476882307,3
4,1476882307,1476882312,5
4,1476882313,1476882315,2
1,1476882316,1476882317,1
4,1476882327,1476882330,3
4,1476882335,1476882338,3
4,1476882338,1476882343,5
10,1476882338,1476882343,5
4,1476882343,1476882346,3
4,1476882349,1476882361,12
1,1476882353,1476882370,17
4,1476882361,1476882366,5
4,1476882366,1476882371,5
4,1476882372,1476882374,2
4,1476882374,1476882377,3
4,1476882377,1476882380,3
4,1476882380,1476882382,2
4,1476882382,1476882387,5
1,1476882384,1476882389,5
4,1476882387,1476882391,4
4,1476882391,1476882396,5
4,1476882399,1476882401,2
1,1476882401,1476882411,10
4,1476882401,1476882412,11
4,1476882413,1476882415,2
4,1476882415,1476882417,2
4,1476882417,1476882420,3
4,1476882421,1476882424,3
4,1476882424,1476882427,3
4,1476882427,1476882438,11
1,1476882432,1476882436,4
4,1476882438,1476882443,5
4,1476882443,1476882462,19
1,1476882445,1476882452,7
4,1476882463,1476882465,2
4,1476882465,1476882467,2
4,1476882467,1476882469,2
4,1476882469,1476882471,2
4,1476882472,1476882475,3
4,1476882476,1476882488,12
4,1476882488,1476882491,3
4,1476882491,1476882493,2
4,1476882493,1476882495,2
4,1476882495,1476882588,93
4,1476882589,1476882593,4
10,1476882591,1476882593,2
4,1476882594,1476882596,2
4,1476882596,1476882598,2
4,1476882599,1476882616,17
4,1476882617,1476882619,2
4,1476882620,1476882623,3
1,1476882621,1476882622,1
4,1476882623,1476882631,8
4,1476882631,1476882634,3
4,1476882634,1476882637,3
4,1476882637,1476882641,4
4,1476882641,1476882643,2
4,1476882645,1476882647,2
4,1476882647,1476882649,2
4,1476882650,1476882652,2
4,1476882653,1476882656,3
4,1476882656,1476882659,3
4,1476882659,1476882663,4
4,1476882663,1476882666,3
4,1476882666,1476882669,3
4,1476882669,1476882676,7
10,1476882671,1476882676,5
4,1476882677,1476882680,3
4,1476882682,1476882685,3
10,1476882683,1476882685,2
4,1476882685,1476882688,3
10,1476882686,1476882688,2
1,1476882689,1476882691,2
4,1476882691,1476882732,41
10,1476882692,1476882694,2
1,1476882703,1476882704,1
1,1476882724,1476882732,8
4,1476882732,1476882735,3
4,1476882735,1476882737,2
4,1476882737,1476882739,2
4,1476882739,1476882752,13
1,1476882744,1476882754,10
1,1476882760,1476882762,2
1,1476882792,1476882798,6
4,1476882843,1476882845,2
4,1476882846,1476882848,2
4,1476882848,1476882850,2
4,1476882852,1476882865,13
1,1476882853,1476882859,6
1,1476882863,1476882865,2
4,1476882866,1476882868,2
4,1476882868,1476882871,3
4,1476882871,1476882874,3
4,1476882879,1476882887,8
1,1476882880,1476882886,6
4,1476882888,1476882892,4
10,1476882889,1476882892,3
4,1476882892,1476882894,2
4,1476882894,1476882896,2
4,1476882897,1476882903,6
10,1476882898,1476882899,1
4,1476882903,1476882906,3
1,1476882904,1476882906,2
4,1476882906,1476882909,3
4,1476882910,1476882912,2
4,1476882912,1476882914,2
4,1476882915,1476882922,7
1,1476882915,1476882921,6
4,1476882923,1476882925,2
4,1476882926,1476882928,2
4,1476882928,1476882931,3
10,1476882928,1476882930,2
4,1476882931,1476882934,3
1,1476882934,1476882941,7
4,1476882937,1476882942,5
4,1476882943,1476882945,2
10,1476882945,1476882946,1
4,1476882946,1476882948,2
4,1476882949,1476882951,2
4,1476882951,1476882953,2
4,1476882953,1476882957,4
4,1476882957,1476882989,32
1,1476882958,1476882961,3
1,1476882982,1476882987,5
4,1476882990,1476882993,3
10,1476882991,1476882993,2
4,1476882993,1476882996,3
4,1476882996,1476882998,2
1,1476882999,1476883025,26
4,1476883002,1476883010,8
4,1476883012,1476883015,3
4,1476883019,1476883023,4
4,1476883025,1476883058,33
1,1476883028,1476883032,4
1,1476883038,1476883040,2
1,1476883048,1476883054,6
4,1476883058,1476883060,2
10,1476883058,1476883059,1
4,1476883060,1476883064,4
4,1476883066,1476883148,82
1,1476883068,1476883079,11
1,1476883108,1476883118,10
1,1476883132,1476883153,21
4,1476883154,1476883158,4
1,1476883157,1476883170,13
4,1476883160,1476883164,4
4,1476883168,1476883173,5
4,1476883173,1476883175,2
1,1476883226,1476883228,2
4,1476883233,1476883248,15
1,1476883234,1476883240,6
1,1476883243,1476883266,23
4,1476883266,1476883323,57
1,1476883295,1476883308,13
5,1476883308,1476883314,6
1,1476883315,1476883327,12
4,1476883328,1476883330,2
4,1476883331,1476883333,2
4,1476883333,1476883336,3
4,1476883337,1476883339,2
4,1476883340,1476883342,2
10,1476883340,1476883342,2
4,1476883342,1476883344,2
4,1476883344,1476883350,6
10,1476883345,1476883346,1
10,1476883346,1476883350,4
4,1476883350,1476883352,2
4,1476883352,1476883354,2
4,1476883354,1476883356,2
4,1476883356,1476883360,4
10,1476883357,1476883360,3
4,1476883360,1476883362,2
4,1476883364,1476883368,4
4,1476883369,1476883372,3
1,1476883369,1476883371,2
4,1476883372,1476883377,5
4,1476883378,1476883381,3
1,1476883379,1476883382,3
4,1476883382,1476883390,8
10,1476883384,1476883390,6
4,1476883390,1476883393,3
4,1476883393,1476883395,2
4,1476883396,1476883409,13
1,1476883407,1476883408,1
4,1476883410,1476883413,3
10,1476883411,1476883413,2
4,1476883413,1476883416,3
4,1476883416,1476883419,3
4,1476883419,1476883421,2
10,1476883419,1476883421,2
4,1476883421,1476883423,2
4,1476883424,1476883426,2
4,1476883426,1476883428,2
1,1476883431,1476883436,5
4,1476883437,1476883458,21
10,1476883439,1476883440,1
1,1476883440,1476883445,5
14,1476883443,1476890650,7207
1,1476883452,1476883456,4
4,1476883458,1476883460,2
4,1476883460,1476883462,2
4,1476883463,1476883465,2
4,1476883465,1476883467,2
4,1476883467,1476883474,7
1,1476883470,1476883477,7
4,1476883474,1476883477,3
4,1476883478,1476883480,2
4,1476883481,1476883485,4
1,1476883483,1476883484,1
4,1476883485,1476883503,18
1,1476883501,1476883503,2
4,1476883504,1476883506,2
4,1476883506,1476883508,2
4,1476883509,1476883511,2
4,1476883511,1476883514,3
4,1476883514,1476883516,2
4,1476883516,1476883518,2
4,1476883518,1476883533,15
1,1476883531,1476883535,4
4,1476883533,1476883536,3
4,1476883536,1476883539,3
4,1476883539,1476883542,3
10,1476883540,1476883541,1
10,1476883542,1476883544,2
4,1476883544,1476883546,2
4,1476883546,1476883553,7
1,1476883548,1476883560,12
4,1476883553,1476883557,4
4,1476883557,1476883561,4
4,1476883562,1476883565,3
4,1476883565,1476883568,3
10,1476883567,1476883568,1
1,1476883569,1476883570,1
4,1476883571,1476883573,2
4,1476883573,1476883577,4
4,1476883577,1476883580,3
10,1476883579,1476883580,1
4,1476883580,1476883582,2
4,1476883582,1476883584,2
4,1476883585,1476883588,3
4,1476883588,1476883591,3
4,1476883591,1476883593,2
4,1476883593,1476883596,3
10,1476883593,1476883594,1
4,1476883596,1476883598,2
4,1476883598,1476883615,17
1,1476883610,1476883613,3
4,1476883617,1476883620,3
10,1476883619,1476883620,1
4,1476883620,1476883622,2
4,1476883622,1476883629,7
4,1476883629,1476883633,4
1,1476883630,1476883632,2
4,1476883633,1476883635,2
4,1476883635,1476883644,9
4,1476883645,1476883647,2
4,1476883647,1476883655,8
10,1476883648,1476883650,2
1,1476883649,1476883661,12
1,1476883674,1476883678,4
4,1476883679,1476883688,9
1,1476883682,1476883687,5
4,1476883688,1476883691,3
4,1476883691,1476883698,7
1,1476883694,1476883697,3
4,1476883699,1476883702,3
4,1476883702,1476883710,8
1,1476883706,1476883721,15
4,1476883710,1476883713,3
4,1476883718,1476883722,4
4,1476883723,1476883725,2
4,1476883726,1476883759,33
1,1476883730,1476883733,3
14,1476883733,1476890938,7205
1,1476883739,1476883743,4
1,1476883750,1476883757,7
4,1476883759,1476883762,3
4,1476883762,1476883765,3
4,1476883765,1476883768,3
4,1476883769,1476883771,2
4,1476883771,1476883774,3
4,1476883774,1476883820,46
1,1476883776,1476883780,4
14,1476883780,1476890985,7205
1,1476883798,1476883820,22
4,1476883820,1476883823,3
10,1476883823,1476883824,1
4,1476883824,1476883826,2
4,1476883827,1476883829,2
1,1476883830,1476883839,9
4,1476883833,1476883839,6
10,1476883834,1476883836,2
4,1476883839,1476883842,3
10,1476883840,1476883842,2
4,1476883842,1476883845,3
1,1476883842,1476883845,3
4,1476883848,1476883850,2
10,1476883848,1476883850,2
4,1476883850,1476883852,2
10,1476883850,1476883851,1
4,1476883852,1476883855,3
4,1476883855,1476883862,7
1,1476883857,1476883859,2
10,1476883859,1476883862,3
1,1476883866,1476883877,11
4,1476883869,1476883872,3
4,1476883872,1476883874,2
4,1476883878,1476883881,3
4,1476883881,1476883884,3
1,1476883882,1476883892,10
4,1476883886,1476883888,2
4,1476883888,1476883890,2
10,1476883889,1476883890,1
4,1476883890,1476883893,3
10,1476883894,1476883901,7
4,1476883901,1476883903,2
4,1476883903,1476883906,3
1,1476883903,1476883908,5
4,1476883908,1476883911,3
10,1476883909,1476883910,1
4,1476883912,1476884045,133
1,1476883915,1476883920,5
14,1476883920,1476891125,7205
1,1476883942,1476883944,2
1,1476884038,1476884044,6
4,1476884045,1476884049,4
4,1476884049,1476884051,2
1,1476884052,1476884064,12
4,1476884057,1476884060,3
4,1476884060,1476884458,398
14,1476884064,1476891269,7205
1,1476884090,1476884094,4
1,1476884441,1476884443,2
1,1476884453,1476884457,4
4,1476884458,1476884461,3
4,1476884461,1476884465,4
4,1476884465,1476884469,4
1,1476884470,1476884476,6
4,1476884477,1476884480,3
4,1476884480,1476884482,2
4,1476884482,1476884491,9
4,1476884491,1476884494,3
4,1476884494,1476884496,2
4,1476884497,1476884500,3
4,1476884500,1476884502,2
4,1476884503,1476884507,4
1,1476884508,1476884517,9
4,1476884519,1476884523,4
4,1476884523,1476884525,2
10,1476884525,1476884529,4
4,1476884529,1476884531,2
4,1476884531,1476884541,10
1,1476884533,1476884540,7
4,1476884541,1476884543,2
1,1476884546,1476884548,2
4,1476884549,1476884552,3
10,1476884550,1476884552,2
4,1476884552,1476884555,3
1,1476884560,1476884566,6
4,1476884562,1476884585,23
14,1476884566,1476891772,7206
1,1476884569,1476884572,3
1,1476884581,1476884584,3
4,1476884585,1476884590,5
4,1476884590,1476884612,22
4,1476884612,1476884614,2
4,1476884614,1476884617,3
4,1476884617,1476884623,6
1,1476884621,1476884622,1
4,1476884623,1476884640,17
1,1476884626,1476884631,5
14,1476884630,1476891835,7205
1,1476884636,1476884639,3
4,1476884641,1476884657,16
1,1476884644,1476884646,2
14,1476884646,1476891851,7205
1,1476884653,1476884662,9
4,1476884657,1476884675,18
14,1476884661,1476891866,7205
1,1476884669,1476884690,21
4,1476884675,1476884679,4
4,1476884682,1476884712,30
14,1476884690,1476891895,7205
1,1476884704,1476884716,12
4,1476884712,1476884743,31
10,1476884713,1476884715,2
14,1476884716,1476891921,7205
1,1476884740,1476884747,7
4,1476884743,1476884760,17
14,1476884747,1476891952,7205
1,1476884757,1476884763,6
4,1476884761,1476884764,3
4,1476884765,1476884767,2
1,1476884767,1476884771,4
14,1476884771,1476891976,7205
1,1476884805,1476884824,19
4,1476884810,1476884814,4
4,1476884814,1476884818,4
4,1476884818,1476884824,6
4,1476884824,1476884827,3
1,1476884828,1476884834,6
4,1476884831,1476884836,5
4,1476884836,1476884840,4
1,1476884838,1476884840,2
4,1476884841,1476884843,2
4,1476884843,1476884846,3
1,1476884844,1476884845,1
4,1476884847,1476884857,10
1,1476884851,1476884855,4
4,1476884858,1476884863,5
1,1476884860,1476884869,9
4,1476884863,1476884866,3
4,1476884867,1476884870,3
4,1476884870,1476884873,3
10,1476884871,1476884873,2
1,1476884873,1476884882,9
4,1476884875,1476884879,4
4,1476884880,1476884884,4
4,1476884884,1476884886,2
4,1476884886,1476884889,3
4,1476884889,1476884891,2
1,1476884892,1476884909,17
4,1476884895,1476884898,3
4,1476884898,1476884900,2
4,1476884902,1476884905,3
4,1476884906,1476886794,1888
1,1476884912,1476884990,78
14,1476884938,1476892144,7206
1,1476886773,1476886793,20
4,1476886795,1476886798,3
4,1476886798,1476886800,2
10,1476886799,1476886800,1
4,1476886800,1476886803,3
10,1476886802,1476886803,1
4,1476886803,1476886806,3
4,1476886806,1476886819,13
1,1476886807,1476886809,2
1,1476886814,1476886818,4
4,1476886819,1476886822,3
10,1476886820,1476886822,2
10,1476886822,1476886825,3
4,1476886824,1476886827,3
10,1476886825,1476886826,1
4,1476886827,1476886829,2
4,1476886829,1476886834,5
1,1476886831,1476886833,2
4,1476886834,1476886837,3
4,1476886837,1476886840,3
10,1476886837,1476886840,3
4,1476886840,1476886844,4
1,1476886842,1476886847,5
4,1476886845,1476886848,3
10,1476886847,1476886848,1
4,1476886848,1476886851,3
4,1476886852,1476886863,11
10,1476886853,1476886863,10
4,1476886863,1476886865,2
10,1476886863,1476886865,2
4,1476886866,1476886868,2
4,1476886868,1476886871,3
4,1476886871,1476886873,2
10,1476886872,1476886873,1
4,1476886874,1476886885,11
1,1476886877,1476886885,8
4,1476886886,1476886888,2
4,1476886888,1476886890,2
1,1476886893,1476886896,3
4,1476886899,1476886901,2
4,1476886902,1476886904,2
4,1476886904,1476886911,7
1,1476886909,1476886914,5
4,1476886911,1476886915,4
4,1476886915,1476886920,5
1,1476886918,1476886923,5
4,1476886923,1476886952,29
1,1476886941,1476886950,9
4,1476886952,1476886959,7
10,1476886953,1476886959,6
4,1476886959,1476886967,8
1,1476886963,1476886967,4
4,1476886968,1476886970,2
4,1476886970,1476886973,3
1,1476886971,1476886973,2
4,1476886974,1476886976,2
4,1476886978,1476886986,8
1,1476886980,1476886986,6
4,1476886986,1476886988,2
4,1476886989,1476886992,3
4,1476886992,1476886995,3
4,1476886995,1476887019,24
1,1476886998,1476887004,6
14,1476887001,1476894208,7207
1,1476887008,1476887029,21
4,1476887025,1476887040,15
14,1476887029,1476894234,7205
1,1476887037,1476887040,3
4,1476887042,1476887605,563
1,1476887043,1476887047,4
14,1476887046,1476894252,7206
1,1476887063,1476887068,5
1,1476887075,1476887083,8
1,1476887594,1476887604,10
4,1476887605,1476887607,2
4,1476887607,1476887612,5
4,1476887612,1476887623,11
1,1476887626,1476887675,49
4,1476887627,1476887631,4
4,1476887631,1476887633,2
4,1476887633,1476887640,7
4,1476887641,1476887644,3
4,1476887646,1476887653,7
4,1476887653,1476887656,3
4,1476887656,1476887659,3
4,1476887659,1476887662,3
4,1476887662,1476887666,4
4,1476887666,1476887800,134
14,1476887672,1476894877,7205
1,1476887681,1476887683,2
1,1476887794,1476887796,2
4,1476887800,1477998972,1111172
1,1476887814,1476887821,7
1,1476899795,1476899798,3
1,1478002533,1478002548,15
1,1478002557,1478002559,2
1,1478002569,1478002571,2
4,1478002572,1478002575,3
4,1478002575,1478002802,227
1,1478002578,1478002581,3
1,1478002596,1478002606,10
1,1478002612,1478002613,1
1,1478002618,1478002625,7
1,1478002633,1478002638,5
1,1478002651,1478002652,1
1,1478002668,1478002681,13
1,1478002690,1478002694,4
1,1478002698,1478002711,13
1,1478002726,1478002734,8
1,1478002745,1478002751,6
1,1478002759,1478002761,2
1,1478002775,1478002779,4
1,1478002786,1478002789,3
1,1478002800,1478002801,1
4,1478002802,1478002808,6
10,1478002805,1478002808,3
4,1478002808,1478002816,8
10,1478002809,1478002816,7
1,1478002817,1478002832,15
1,1478002871,1478002881,10
5,1478002881,1478002901,20
1,1478002900,1478002901,1
1,1478002909,1478002915,6
1,1478002923,1478002929,6
1,1478002932,1478002939,7
5,1478002939,1478002950,11
1,1478002943,1478002973,30
4,1478002953,1478002966,13
4,1478002970,1478002974,4
4,1478002975,1478002981,6
10,1478002976,1478002981,5
4,1478002981,1478002983,2
4,1478002983,1478002985,2
4,1478002986,1478002989,3
4,1478002990,1478002992,2
4,1478002992,1478002997,5
4,1478002998,1478003000,2
1,1478003001,1478003005,4
4,1478003003,1478003010,7
4,1478003010,1478003030,20
1,1478003013,1478003015,2
4,1478003030,1478003036,6
1,1478003033,1478003035,2
4,1478003044,1478003052,8
4,1478003052,1478003054,2
10,1478003052,1478003054,2
4,1478003054,1478003056,2
4,1478003057,1478003061,4
4,1478003063,1478003066,3
4,1478003067,1478003071,4
10,1478003067,1478003071,4
4,1478003071,1478003075,4
4,1478003076,1478003078,2
4,1478003078,1478003080,2
4,1478003082,1478003106,24
1,1478003085,1478003119,34
4,1478003114,1478003120,6
4,1478003122,1478003134,12
1,1478003123,1478003131,8
10,1478003132,1478003134,2
4,1478003137,1478003276,139
1,1478003138,1478003143,5
1,1478003267,1478003279,12
4,1478003278,1478003311,33
1,1478003283,1478003287,4
1,1478003303,1478003310,7
10,1478003311,1478003313,2
4,1478003314,1478003317,3
4,1478003317,1478003320,3
4,1478003320,1478003323,3
4,1478003324,1478003378,54
1,1478003326,1478003332,6
1,1478003352,1478003356,4
1,1478003364,1478003366,2
1,1478003375,1478003376,1
4,1478003378,1478003380,2
4,1478003381,1478003383,2
4,1478003383,1478003401,18
1,1478003397,1478003400,3
4,1478003401,1478003405,4
1,1478003409,1478003411,2
4,1478003413,1478003417,4
1,1478003414,1478003425,11
4,1478003422,1478003427,5
4,1478003429,1478003431,2
4,1478003431,1478003441,10
4,1478003442,1478003448,6
4,1478003448,1478003508,60
1,1478003481,1478003492,11
5,1478003492,1478003499,7
1,1478003500,1478003510,10
4,1478003511,1478003514,3
4,1478003515,1478003518,3
10,1478003516,1478003518,2
4,1478003518,1478003520,2
4,1478003520,1478003522,2
4,1478003522,1478003525,3
10,1478003522,1478003523,1
10,1478003524,1478003525,1
10,1478003525,1478003526,1
4,1478003526,1478003528,2
4,1478003528,1478003532,4
10,1478003530,1478003532,2
4,1478003532,1478003535,3
10,1478003532,1478003535,3
4,1478003535,1478003537,2
4,1478003538,1478003540,2
10,1478003538,1478003540,2
4,1478003541,1478003545,4
10,1478003541,1478003543,2
4,1478003546,1478003553,7
10,1478003547,1478003549,2
1,1478003550,1478003557,7
10,1478003557,1478003560,3
4,1478003560,1478003564,4
10,1478003561,1478003564,3
4,1478003564,1478003567,3
4,1478003568,1478003628,60
10,1478003569,1478003628,59
4,1478003628,1478003635,7
4,1478003635,1478003641,6
4,1478003641,1478003645,4
1,1478003641,1478003645,4
4,1478003646,1478003648,2
10,1478003647,1478003648,1
4,1478003650,1478003653,3
4,1478003653,1478003655,2
4,1478003655,1478003661,6
10,1478003655,1478003656,1
1,1478003657,1478003660,3
4,1478003663,1478003665,2
4,1478003666,1478003668,2
4,1478003668,1478003673,5
1,1478003669,1478003674,5
4,1478003673,1478003675,2
4,1478003675,1478003680,5
1,1478003678,1478003679,1
4,1478003680,1478003682,2
4,1478003682,1478003686,4
10,1478003684,1478003686,2
4,1478003686,1478003689,3
10,1478003688,1478003689,1
4,1478003689,1478003691,2
4,1478003691,1478003694,3
4,1478003694,1478003697,3
1,1478003698,1478003718,20
4,1478003701,1478003704,3
4,1478003706,1478003709,3
14,1478003716,1478007326,3610
1,1478003728,1478003735,7
4,1478003733,1478003736,3
4,1478003736,1478003738,2
4,1478003738,1478003742,4
10,1478003738,1478003739,1
1,1478003739,1478003750,11
10,1478003742,1478003743,1
4,1478003745,1478003750,5
4,1478003750,1478003752,2
1,1478003753,1478003760,7
4,1478003755,1478003760,5
4,1478003761,1478003763,2
4,1478003763,1478003767,4
4,1478003767,1478003770,3
1,1478003768,1478003769,1
4,1478003771,1478003777,6
1,1478003773,1478003778,5
4,1478003779,1478003783,4
4,1478003783,1478003786,3
4,1478003787,1478003790,3
4,1478003792,1478003796,4
10,1478003793,1478003794,1
4,1478003796,1478003799,3
1,1478003796,1478003799,3
4,1478003800,1478003809,9
1,1478003803,1478003812,9
4,1478003809,1478003813,4
4,1478003813,1478003823,10
1,1478003816,1478003835,19
4,1478003824,1478003831,7
4,1478003832,1478003836,4
4,1478003836,1478003838,2
4,1478003838,1478003843,5
10,1478003839,1478003840,1
1,1478003840,1478003849,9
4,1478003847,1478003849,2
4,1478003849,1478003852,3
4,1478003852,1478003858,6
1,1478003853,1478003869,16
4,1478003858,1478003863,5
4,1478003863,1478003870,7
4,1478003870,1478003873,3
4,1478003873,1478003876,3
10,1478003874,1478003876,2
4,1478003876,1478003926,50
1,1478003882,1478003890,8
14,1478003887,1478007495,3608
1,1478003895,1478003900,5
1,1478003912,1478003947,35
14,1478003916,1478007519,3603
4,1478003926,1478003944,18
1,1478003950,1478003973,23
4,1478003958,1478003961,3
4,1478003961,1478003966,5
4,1478003968,1478003973,5
4,1478003974,1478003978,4
1,1478003977,1478003981,4
4,1478003979,1478003981,2
4,1478003982,1478003984,2
4,1478003987,1478003991,4
4,1478003992,1478003995,3
4,1478004003,1478004007,4
10,1478004004,1478004007,3
4,1478004007,1478004086,79
1,1478004009,1478004013,4
1,1478004022,1478004031,9
14,1478004026,1478007636,3610
1,1478004035,1478004042,7
1,1478004045,1478004094,49
4,1478004086,1478004095,9
4,1478004095,1478004100,5
1,1478004097,1478004099,2
4,1478004100,1478004103,3
4,1478004103,1478004107,4
4,1478004107,1478004111,4
1,1478004108,1478004113,5
4,1478004112,1478004114,2
4,1478004114,1478004118,4
4,1478004118,1478004156,38
1,1478004119,1478004124,5
14,1478004124,1478007736,3612
1,1478004127,1478004128,1
1,1478004135,1478004144,9
14,1478004144,1478007746,3602
1,1478004147,1478004158,11
4,1478004156,1478004158,2
4,1478004158,1478004164,6
10,1478004159,1478004162,3
1,1478004162,1478004163,1
4,1478004165,1478004168,3
10,1478004166,1478004167,1
4,1478004169,1478004171,2
4,1478004172,1478004178,6
1,1478004176,1478004188,12
4,1478004178,1478004182,4
4,1478004185,1478004189,4
4,1478004189,1478004191,2
4,1478004194,1478004208,14
1,1478004206,1478004207,1
4,1478004208,1478004224,16
1,1478004212,1478004213,1
1,1478004219,1478004223,4
4,1478004224,1478004255,31
10,1478004225,1478004227,2
1,1478004226,1478004232,6
14,1478004229,1478007836,3607
1,1478004236,1478004254,18
4,1478004255,1478004259,4
10,1478004257,1478004259,2
4,1478004259,1478004263,4
4,1478004263,1478004267,4
10,1478004265,1478004267,2
4,1478004267,1478004272,5
4,1478004272,1478004275,3
4,1478004275,1478004278,3
1,1478004279,1478004283,4
4,1478004283,1478004285,2
4,1478004286,1478004289,3
4,1478004289,1478004371,82
1,1478004291,1478004306,15
14,1478004306,1478007916,3610
1,1478004311,1478004313,2
1,1478004317,1478004322,5
1,1478004349,1478004369,20
4,1478004371,1478004384,13
10,1478004372,1478004382,10
4,1478004384,1478004386,2
4,1478004386,1478004389,3
4,1478004389,1478004393,4
4,1478004393,1478004396,3
4,1478004396,1478004398,2
4,1478004398,1478004402,4
4,1478004403,1478004409,6
10,1478004405,1478004408,3
4,1478004410,1478004414,4
10,1478004411,1478004414,3
4,1478004414,1478004416,2
4,1478004417,1478004425,8
10,1478004417,1478004424,7
4,1478004425,1478004429,4
10,1478004426,1478004428,2
1,1478004431,1478004435,4
4,1478004435,1478004645,210
1,1478004438,1478004448,10
1,1478004561,1478004580,19
1,1478004612,1478004615,3
1,1478004632,1478004637,5
5,1478004637,1478004641,4
1,1478004642,1478004644,2
4,1478004645,1478004661,16
1,1478004651,1478004661,10
4,1478004661,1478004664,3
4,1478004666,1478004676,10
1,1478004673,1478004681,8
4,1478004676,1478004691,15
1,1478004688,1478004690,2
4,1478004691,1478004694,3
4,1478004695,1478004697,2
4,1478004697,1478004716,19
4,1478004717,1478004719,2
10,1478004717,1478004718,1
4,1478004719,1478004723,4
10,1478004720,1478004723,3
4,1478004723,1478004725,2
4,1478004725,1478004728,3
10,1478004725,1478004728,3
4,1478004728,1478004737,9
4,1478004737,1478004739,2
4,1478004739,1478004742,3
4,1478004742,1478004747,5
4,1478004747,1478004750,3
4,1478004750,1478004754,4
10,1478004751,1478004754,3
4,1478004754,1478004763,9
10,1478004756,1478004757,1
1,1478004759,1478004770,11
4,1478004763,1478004771,8
4,1478004771,1478004773,2
4,1478004773,1478004776,3
4,1478004776,1478004778,2
4,1478004778,1478004781,3
4,1478004781,1478004783,2
4,1478004783,1478004785,2
4,1478004785,1478004788,3
10,1478004786,1478004788,2
4,1478004789,1478004791,2
4,1478004791,1478004794,3
4,1478004794,1478004796,2
4,1478004796,1478004800,4
4,1478004800,1478004805,5
4,1478004805,1478004808,3
4,1478004809,1478004812,3
4,1478004812,1478004814,2
4,1478004814,1478004822,8
1,1478004820,1478004830,10
4,1478004823,1478004830,7
4,1478004830,1478004833,3
10,1478004831,1478004833,2
4,1478004833,1478004835,2
4,1478004835,1478004838,3
4,1478004838,1478004845,7
1,1478004841,1478004845,4
4,1478004846,1478004856,10
1,1478004848,1478004855,7
4,1478004858,1478004862,4
1,1478004859,1478004861,2
4,1478004862,1478004867,5
10,1478004863,1478004864,1
1,1478004865,1478004866,1
4,1478004867,1478004870,3
4,1478004870,1478004872,2
4,1478004873,1478004879,6
1,1478004875,1478004881,6
4,1478004879,1478004882,3
4,1478004882,1478004890,8
10,1478004883,1478004884,1
10,1478004884,1478004885,1
1,1478004885,1478004892,7
4,1478004890,1478004896,6
4,1478004896,1478004899,3
4,1478004899,1478004907,8
1,1478004903,1478004909,6
4,1478004907,1478004910,3
4,1478004910,1478004915,5
4,1478004915,1478004984,69
1,1478004919,1478004924,5
14,1478004922,1478008533,3611
1,1478004931,1478004942,11
1,1478004955,1478004958,3
1,1478004961,1478004982,21
4,1478004984,1478004986,2
4,1478004986,1478004988,2
4,1478004988,1478004991,3
4,1478004991,1478004993,2
4,1478004993,1478004995,2
10,1478004993,1478004994,1
10,1478004995,1478004997,2
4,1478004997,1478005002,5
4,1478005002,1478005005,3
4,1478005005,1478005007,2
4,1478005009,1478005016,7
4,1478005017,1478005020,3
10,1478005019,1478005020,1
4,1478005021,1478005028,7
10,1478005021,1478005028,7
4,1478005028,1478005031,3
10,1478005029,1478005031,2
4,1478005031,1478005034,3
10,1478005031,1478005032,1
10,1478005032,1478005034,2
4,1478005035,1478005037,2
10,1478005035,1478005037,2
4,1478005037,1478005041,4
1,1478005039,1478005040,1
4,1478005041,1478005049,8
4,1478005050,1478005052,2
4,1478005052,1478005055,3
4,1478005055,1478005057,2
4,1478005057,1478005061,4
10,1478005057,1478005061,4
4,1478005061,1478005063,2
4,1478005063,1478005069,6
4,1478005071,1478005074,3
10,1478005073,1478005074,1
10,1478005076,1478005077,1
4,1478005077,1478005081,4
10,1478005080,1478005081,1
4,1478005085,1478005090,5
10,1478005086,1478005090,4
10,1478005091,1478005096,5
4,1478005096,1478005101,5
4,1478005102,1478005113,11
10,1478005103,1478005104,1
10,1478005109,1478005113,4
4,1478005115,1478005118,3
10,1478005121,1478005122,1
1,1478005123,1478005124,1
4,1478005125,1478005127,2
4,1478005128,1478005131,3
4,1478005133,1478005149,16
1,1478005138,1478005140,2
4,1478005154,1478005156,2
4,1478005156,1478005160,4
10,1478005157,1478005158,1
4,1478005160,1478005163,3
4,1478005164,1478005167,3
4,1478005170,1478005174,4
1,1478005171,1478005172,1
4,1478005174,1478005177,3
4,1478005177,1478005184,7
4,1478005184,1478005187,3
4,1478005187,1478005192,5
10,1478005189,1478005192,3
4,1478005192,1478005194,2
4,1478005194,1478005197,3
4,1478005197,1478005199,2
1,1478005200,1478005204,4
4,1478005205,1478005210,5
4,1478005210,1478005212,2
1,1478005210,1478005215,5
4,1478005212,1478005215,3
4,1478005216,1478005219,3
4,1478005219,1478005238,19
10,1478005219,1478005238,19
4,1478005238,1478005245,7
1,1478005241,1478005251,10
4,1478005252,1478005255,3
4,1478005255,1478005257,2
4,1478005257,1478005260,3
4,1478005260,1478005265,5
1,1478005262,1478005265,3
1,1478005562,1478005565,3
1,1478005668,1478005682,14
1,1478005686,1478005691,5
4,1478005692,1478005713,21
1,1478005695,1478005713,18
4,1478005718,1478005728,10
4,1478005728,1478005732,4
1,1478005730,1478005731,1
4,1478005732,1478005736,4
4,1478005736,1478005739,3
4,1478005739,1478005742,3
4,1478005742,1478005745,3
4,1478005745,1478005747,2
4,1478005748,1478005815,67
1,1478005752,1478005757,5
1,1478005769,1478005771,2
1,1478005774,1478005780,6
14,1478005779,1478009386,3607
1,1478005787,1478005791,4
1,1478005796,1478005814,18
1,1478005817,1478005822,5
14,1478005820,1478009427,3607
1,1478005828,1478005832,4
1,1478005837,1478005840,3
1,1478005844,1478005846,2
1,1478005849,1478005857,8
1,1478006722,1478006726,4
1,1478006762,1478006764,2
1,1478006775,1478006798,23
1,1478006811,1478006813,2
4,1478006814,1478006816,2
4,1478006816,1478006819,3
4,1478006819,1478006822,3
4,1478006822,1478006824,2
4,1478006825,1478006828,3
4,1478006829,1478006832,3
10,1478006829,1478006832,3
4,1478006834,1478006839,5
1,1478006837,1478006839,2
4,1478006842,1478006845,3
4,1478006845,1478006848,3
10,1478006847,1478006848,1
4,1478006850,1478006852,2
4,1478006852,1478006856,4
4,1478006856,1478006895,39
1,1478006877,1478006895,18
4,1478006895,1478006898,3
4,1478006898,1478006900,2
4,1478006900,1478006906,6
4,1478006906,1478006918,12
1,1478006909,1478006923,14
4,1478006924,1478006927,3
4,1478006927,1478006992,65
1,1478006933,1478006940,7
1,1478006946,1478006950,4
1,1478006960,1478006963,3
1,1478006978,1478006990,12
4,1478006992,1478007003,11
10,1478006993,1478007002,9
1,1478006995,1478007002,7
4,1478007003,1478007040,37
1,1478007007,1478007016,9
1,1478007020,1478007030,10
4,1478007040,1478007054,14
1,1478007042,1478007054,12
1,1478007060,1478007068,8
1,1478007073,1478007084,11
4,1478007080,1478007085,5
1,1478007093,1478007104,11
1,1478007112,1478007116,4
1,1478007123,1478007124,1
1,1478007133,1478007141,8
1,1478007144,1478007149,5
1,1478007163,1478007172,9
4,1478007165,1478007173,8
4,1478007173,1478007184,11
10,1478007173,1478007175,2
1,1478007175,1478007184,9
4,1478007184,1478007186,2
4,1478007186,1478007198,12
1,1478007191,1478007220,29
4,1478007202,1478007216,14
4,1478007220,1478007225,5
1,1478007302,1478007304,2
4,1478007312,1478007416,104
1,1478007314,1478007330,16
1,1478007338,1478007347,9
14,1478007345,1478010953,3608
1,1478007355,1478007360,5
1,1478007377,1478007379,2
1,1478007387,1478007395,8
1,1478007399,1478007402,3
1,1478007410,1478007415,5
4,1478007417,1478007420,3
4,1478007420,1478007424,4
4,1478007424,1478007426,2
4,1478007426,1478007432,6
1,1478007428,1478007432,4
4,1478007432,1478007436,4
4,1478007436,1478007442,6
1,1478007438,1478007440,2
4,1478007442,1478007471,29
1,1478007447,1478007450,3
14,1478007450,1478011055,3605
1,1478007463,1478007473,10
4,1478007471,1478007474,3
4,1478007474,1478007476,2
4,1478007476,1478007491,15
1,1478007479,1478007486,7
4,1478007491,1478007497,6
4,1478007497,1478007500,3
4,1478007500,1478007504,4
4,1478007504,1478007515,11
1,1478007506,1478007515,9
1,1478007526,1478007529,3
4,1478007530,1478007536,6
1,1478007533,1478007535,2
4,1478007536,1478007538,2
1,1478007541,1478007543,2
1,1478007554,1478007565,11
4,1478007560,1478007568,8
4,1478007569,1478007578,9
1,1478007574,1478007576,2
1,1478007580,1478007581,1
4,1478007582,1478007584,2
1,1478007590,1478007593,3
4,1478007591,1478007610,19
1,1478007597,1478007600,3
14,1478007600,1478011205,3605
1,1478007607,1478007634,27
4,1478007614,1478007617,3
4,1478007619,1478007622,3
4,1478007623,1478007625,2
4,1478007630,1478007635,5
4,1478007635,1478007638,3
4,1478007638,1478007645,7
1,1478007641,1478007644,3
4,1478007646,1478007649,3
4,1478007649,1478007661,12
10,1478007650,1478007653,3
1,1478007658,1478007660,2
4,1478007661,1478007696,35
10,1478007662,1478007665,3
1,1478007665,1478007678,13
14,1478007670,1478011275,3605
1,1478007688,1478007695,7
4,1478007696,1478007739,43
1,1478007700,1478007704,4
14,1478007704,1478011310,3606
1,1478007728,1478007738,10
1,1478007742,1478007746,4
14,1478007746,1478011351,3605
1,1478007753,1478007765,12
4,1478007763,1478007766,3
4,1478007766,1478007770,4
1,1478007768,1478007770,2
4,1478007770,1478007774,4
4,1478007774,1478007776,2
4,1478007777,1478007782,5
10,1478007778,1478007779,1
1,1478007780,1478007781,1
4,1478007782,1478007784,2
4,1478007784,1478007786,2
4,1478007787,1478007793,6
1,1478007788,1478007793,5
4,1478007794,1478007797,3
4,1478007797,1478007799,2
4,1478007799,1478007801,2
4,1478007801,1478007836,35
1,1478007805,1478007808,3
14,1478007808,1478011414,3606
1,1478007822,1478007835,13
4,1478007836,1478007839,3
4,1478007839,1478007843,4
10,1478007839,1478007843,4
4,1478007843,1478007846,3
4,1478007847,1478007849,2
4,1478007852,1478008006,154
1,1478007852,1478007858,6
14,1478007858,1478011464,3606
1,1478007874,1478007891,17
1,1478007990,1478008015,25
4,1478008008,1478008016,8
4,1478008016,1478008025,9
1,1478008020,1478008027,7
4,1478008025,1478008029,4
1,1478008032,1478008051,19
4,1478008039,1478008048,9
4,1478008051,1478008073,22
1,1478008057,1478008060,3
1,1478008064,1478008072,8
4,1478008073,1478008075,2
4,1478008076,1478008078,2
4,1478008078,1478008085,7
10,1478008079,1478008082,3
1,1478008079,1478008089,10
4,1478008086,1478008090,4
4,1478008091,1478008094,3
1,1478008094,1478008112,18
4,1478008094,1478008104,10
4,1478008113,1478008121,8
1,1478008119,1478008130,11
4,1478008131,1478008135,4
4,1478008135,1478008203,68
1,1478008135,1478008143,8
1,1478008149,1478008151,2
1,1478008163,1478008165,2
1,1478008172,1478008177,5
14,1478008176,1478011783,3607
1,1478008193,1478008200,7
14,1478008195,1478011797,3602
4,1478008203,1478008206,3
4,1478008206,1478008217,11
4,1478008217,1478008229,12
4,1478008229,1478008424,195
1,1478008235,1478008252,17
1,1478008301,1478008318,17
1,1478008337,1478008342,5
1,1478008390,1478008406,16
1,1478008411,1478008423,12
4,1478008424,1478008427,3
10,1478008427,1478008429,2
4,1478008429,1478008431,2
4,1478008431,1478008433,2
1,1478008435,1478008439,4
4,1478008439,1478008441,2
4,1478008442,1478008444,2
4,1478008444,1478008446,2
4,1478008446,1478008448,2
4,1478008448,1478008454,6
4,1478008454,1478008457,3
4,1478008457,1478008468,11
1,1478008461,1478008462,1
4,1478008471,1478008476,5
4,1478008476,1478008483,7
1,1478008478,1478008489,11
4,1478008485,1478008488,3
4,1478008501,1478008909,408
1,1478008528,1478008530,2
1,1478008580,1478008595,15
1,1478008599,1478008616,17
1,1478008901,1478008908,7
5,1478008908,1478008909,1
4,1478008909,1478009350,441
1,1478009332,1478009336,4
4,1478009356,1478009367,11
1,1478009381,1478009404,23
1,1478009426,1478009434,8
1,1478009443,1478009452,9
4,1478009457,1478009496,39
1,1478009461,1478009468,7
4,1478009496,1478009529,33
1,1478009498,1478009510,12
1,1478009515,1478009534,19
4,1478009534,1478009536,2
4,1478009536,1478009539,3
1,1478009540,1478009548,8
4,1478009546,1478009549,3
4,1478009549,1478009555,6
10,1478009551,1478009555,4
1,1478009557,1478009566,9
4,1478009568,1478009573,5
1,1478009570,1478009582,12
4,1478009576,1478009578,2
4,1478009578,1478009582,4
4,1478009582,1478009590,8
4,1478009591,1478009594,3
4,1478009595,1478009597,2
4,1478009597,1478009604,7
1,1478009601,1478009617,16
4,1478009606,1478009613,7
4,1478009618,1478009620,2
4,1478009620,1478009622,2
4,1478009623,1478009626,3
4,1478009626,1478009629,3
4,1478009629,1478009635,6
1,1478009631,1478009634,3
4,1478009637,1478009645,8
1,1478009639,1478009645,6
1,1478009648,1478009650,2
4,1478009649,1478009651,2
4,1478009651,1478009664,13
1,1478009655,1478009663,8
4,1478009664,1478009666,2
4,1478009667,1478009677,10
1,1478009673,1478009675,2
4,1478009677,1478009691,14
1,1478009679,1478009680,1
1,1478009688,1478009694,6
4,1478009696,1478009702,6
1,1478009699,1478009704,5
4,1478009702,1478009713,11
1,1478009710,1478009713,3
4,1478009717,1478009730,13
1,1478009724,1478009728,4
1,1478009736,1478009742,6
4,1478009758,1478009890,132
1,1478009769,1478009771,2
1,1478009881,1478009892,11
1,1478009967,1478009971,4
4,1478009982,1478009995,13
4,1478010001,1478012401,2400
1,1478010002,1478010004,2
1,1478010031,1478010034,3
1,1478010062,1478010101,39
1,1478010122,1478010125,3
1,1478010219,1478010223,4
1,1478010228,1478010234,6
14,1478010234,1478014320,4086
1,1478012397,1478012399,2
5,1478012400,1478012401,1
1,1478013583,1478013587,4
4,1478013601,1478013621,20
4,1478013628,1478013972,344
1,1478013967,1478013977,10
5,1478013970,1478013972,2
4,1478013989,1478014010,21
1,1478013994,1478013996,2
1,1478014005,1478014010,5
1,1478014015,1478014018,3
4,1478014016,1478014220,204
1,1478014022,1478014024,2
1,1478014035,1478014041,6
1,1478014049,1478014053,4
1,1478014204,1478014206,2
1,1478014217,1478014225,8
4,1478014227,1478014230,3
1,1478014228,1478014230,2
4,1478014231,1478014233,2
4,1478014234,1478014237,3
4,1478014238,1478014241,3
1,1478014241,1478014245,4
4,1478014241,1478014259,18
1,1478014251,1478014255,4
4,1478014261,1478014263,2
4,1478014264,1478014266,2
4,1478014266,1478014269,3
4,1478014272,1478014274,2
4,1478014276,1478014300,24
1,1478014281,1478014284,3
1,1478014292,1478014299,7
4,1478014303,1478014305,2
4,1478014306,1478014309,3
4,1478014309,1478014313,4
4,1478014313,1478014397,84
1,1478014327,1478014331,4
1,1478014389,1478014394,5
1,1478014397,1478014401,4
4,1478014402,1478014405,3
4,1478014407,1478014411,4
4,1478014411,1478014417,6
4,1478014417,1478014426,9
1,1478014422,1478014429,7
4,1478014430,1478014433,3
4,1478014433,1478014436,3
4,1478014436,1478014439,3
1,1478014437,1478014438,1
4,1478014440,1478014444,4
1,1478014448,1478014471,23
4,1478014448,1478014468,20
4,1478014473,1478014478,5
4,1478014478,1478014544,66
1,1478014478,1478014481,3
1,1478014525,1478014547,22
4,1478014549,1478014551,2
4,1478014552,1478014555,3
4,1478014556,1478014562,6
4,1478014562,1478014570,8
1,1478014564,1478014569,5
4,1478014570,1478014572,2
1,1478014577,1478014600,23
4,1478014591,1478014594,3
4,1478014596,1478014601,5
4,1478014601,1478014603,2
1,1478014607,1478014617,10
1,1478014621,1478014635,14
1,1478014651,1478014654,3
1,1478014690,1478014709,19
1,1478014715,1478014723,8
4,1478014718,1478014721,3
4,1478014721,1478014723,2
4,1478014723,1478015216,493
1,1478015191,1478015198,7
1,1478015201,1478015204,3
1,1478015208,1478015217,9
1,1478015221,1478015223,2
4,1478015226,1478015232,6
1,1478015227,1478015247,20
4,1478015232,1478015238,6
4,1478015238,1478015287,49
1,1478015250,1478015252,2
1,1478015257,1478015263,6
1,1478015279,1478015295,16
4,1478015295,1478015311,16
1,1478015298,1478015312,14
1,1478015315,1478015318,3
4,1478015319,1478015321,2
4,1478015321,1478015373,52
1,1478015324,1478015329,5
1,1478015355,1478015388,33
4,1478015376,1478015384,8
4,1478015388,1478015403,15
1,1478015391,1478015402,11
4,1478015405,1478015412,7
1,1478015405,1478015426,21
1,1478015434,1478015444,10
4,1478015446,1478015450,4
1,1478015450,1478015458,8
1,1478016183,1478016186,3
1,1478519925,1478519945,20
1,1478519958,1478519974,16
5,1478519974,1478519982,8
1,1478519983,1478519998,15
4,1478519996,1478520000,4
4,1478520000,1478520002,2
4,1478520004,1478520006,2
4,1478520006,1478520010,4
4,1478520010,1478520014,4
10,1478520012,1478520014,2
4,1478520014,1478520019,5
1,1478520016,1478520019,3
4,1478520019,1478520023,4
4,1478520023,1478520027,4
4,1478520030,1478520032,2
10,1478520031,1478520032,1
4,1478520032,1478520034,2
10,1478520033,1478520034,1
4,1478520034,1478520037,3
10,1478520035,1478520037,2
10,1478520037,1478520038,1
4,1478520038,1478520049,11
4,1478520051,1478520054,3
10,1478520051,1478520054,3
10,1478520054,1478520059,5
4,1478520059,1478520062,3
4,1478520063,1478520066,3
10,1478520063,1478520066,3
4,1478520066,1478520073,7
4,1478520074,1478520076,2
4,1478520076,1478520078,2
4,1478520078,1478520082,4
4,1478520083,1478520085,2
10,1478520084,1478520085,1
4,1478520085,1478520088,3
4,1478520088,1478520091,3
4,1478520091,1478520095,4
4,1478520096,1478520098,2
10,1478520097,1478520098,1
4,1478520098,1478520100,2
4,1478520100,1478520104,4
4,1478520104,1478520107,3
4,1478520107,1478520109,2
4,1478520109,1478520115,6
4,1478520115,1478520117,2
4,1478520117,1478520119,2
4,1478520120,1478520123,3
10,1478520121,1478520123,2
4,1478520123,1478520127,4
10,1478520124,1478520127,3
4,1478520127,1478520129,2
4,1478520130,1478520138,8
1,1478520135,1478520136,1
4,1478520138,1478520141,3
4,1478520141,1478520144,3
4,1478520145,1478520147,2
10,1478520146,1478520147,1
4,1478520148,1478520150,2
4,1478520150,1478520152,2
4,1478520152,1478520155,3
4,1478520157,1478520166,9
4,1478520167,1478520169,2
4,1478520169,1478520172,3
4,1478520173,1478520179,6
4,1478520179,1478520185,6
1,1478520180,1478520182,2
1,1478520188,1478520197,9
14,1478520197,1478524000,3803
11,1478520207,1478520214,7
4,1478520210,1478520214,4
11,1478520214,1478520264,50
4,1478520214,1478520234,20
1,1478520214,1478520224,10
1,1478520232,1478520233,1
4,1478520235,1478520237,2
4,1478520238,1478520240,2
4,1478520240,1478520243,3
4,1478520243,1478520247,4
4,1478520247,1478520249,2
4,1478520250,1478520265,15
1,1478520261,1478520281,20
11,1478520264,1478520400,136
1,1478520355,1478520358,3
4,1478520358,1478520363,5
4,1478520364,1478520401,37
1,1478520374,1478520379,5
1,1478520388,1478520409,21
5,1478520399,1478520400,1
14,1478520409,1478524016,3607
1,1478520472,1478520474,2
4,1478520475,1478520478,3
4,1478520478,1478520480,2
4,1478520482,1478520485,3
4,1478520485,1478520487,2
4,1478520487,1478520489,2
4,1478520493,1478520520,27
1,1478520516,1478520544,28
4,1478520520,1478520526,6
4,1478520528,1478520533,5
4,1478520535,1478520539,4
4,1478520545,1478520548,3
4,1478520549,1478520551,2
4,1478520551,1478520553,2
4,1478520554,1478520556,2
4,1478520557,1478520562,5
4,1478520562,1478520766,204
1,1478520566,1478520573,7
14,1478520573,1478524181,3608
1,1478520593,1478520603,10
1,1478520610,1478520614,4
1,1478520746,1478520749,3
1,1478520758,1478520762,4
14,1478520762,1478524449,3687
11,1478520764,1478520769,5
4,1478520766,1478520770,4
11,1478520769,1478520849,80
1,1478520773,1478520778,5
1,1478520782,1478520798,16
4,1478520787,1478520790,3
4,1478520799,1478520827,28
1,1478520817,1478520824,7
4,1478520828,1478520831,3
4,1478520831,1478520833,2
4,1478520833,1478520836,3
4,1478520836,1478520850,14
10,1478520837,1478520838,1
1,1478520838,1478520902,64
5,1478520847,1478520849,2
14,1478520853,1478524459,3606
14,1478520883,1478524486,3603
4,1478520900,1478520903,3
4,1478520903,1478520906,3
4,1478520906,1478520908,2
10,1478520907,1478520908,1
4,1478520911,1478520945,34
1,1478520912,1478520915,3
14,1478520915,1478524520,3605
1,1478520922,1478520928,6
1,1478520933,1478520949,16
1,1478520986,1478520989,3
1,1478521149,1478521156,7
4,1478521154,1478521163,9
1,1478521160,1478521163,3
1,1478521254,1478521258,4
1,1478521264,1478521265,1
4,1478521266,1478521268,2
4,1478521268,1478521270,2
4,1478521270,1478521275,5
4,1478521275,1478521279,4
4,1478521279,1478521282,3
10,1478521280,1478521281,1
4,1478521282,1478521285,3
10,1478521283,1478521285,2
4,1478521285,1478521287,2
10,1478521287,1478521289,2
4,1478521289,1478521294,5
1,1478521290,1478521298,8
4,1478521295,1478521300,5
4,1478521300,1478521303,3
1,1478521301,1478521302,1
4,1478521303,1478521306,3
4,1478521307,1478521310,3
4,1478521310,1478521312,2
4,1478521312,1478521316,4
4,1478521316,1478521321,5
4,1478521321,1478521323,2
4,1478521323,1478521325,2
4,1478521325,1478521328,3
10,1478521327,1478521328,1
4,1478521328,1478521330,2
4,1478521330,1478521333,3
4,1478521333,1478521335,2
4,1478521335,1478521337,2
4,1478521337,1478521344,7
1,1478521341,1478521342,1
4,1478521344,1478521352,8
1,1478521345,1478521355,10
4,1478521354,1478521356,2
4,1478521356,1478521364,8
1,1478521613,1478521614,1
6,1478521646,1478521648,2
1,1478521659,1478521661,2
4,1478521667,1478521669,2
4,1478521670,1478521673,3
4,1478521674,1478521679,5
4,1478521679,1478521688,9
4,1478521688,1478521691,3
1,1478521688,1478521690,2
4,1478521691,1478521693,2
4,1478521693,1478521699,6
4,1478521699,1478521702,3
10,1478521700,1478521701,1
1,1478521703,1478521707,4
4,1478521706,1478521710,4
4,1478521710,1478521716,6
1,1478521712,1478521715,3
4,1478521716,1478521724,8
10,1478521717,1478521719,2
1,1478521719,1478521729,10
4,1478521727,1478521730,3
1,1478521733,1478521735,2
4,1478521736,1478521743,7
1,1478521741,1478521744,3
4,1478521743,1478521745,2
4,1478521745,1478521748,3
1,1478521749,1478521761,12
4,1478521758,1478521761,3
4,1478521762,1478521764,2
4,1478521764,1478521766,2
4,1478521768,1478521771,3
4,1478521774,1478521782,8
1,1478521778,1478521817,39
4,1478521788,1478521791,3
4,1478521791,1478521796,5
4,1478521799,1478521882,83
14,1478521809,1478525415,3606
1,1478521824,1478521829,5
1,1478521832,1478521839,7
1,1478521849,1478521851,2
1,1478521869,1478521881,12
4,1478521883,1478521886,3
10,1478521883,1478521886,3
4,1478521887,1478521891,4
10,1478521891,1478521892,1
4,1478521892,1478521907,15
10,1478521892,1478521907,15
4,1478521907,1478521920,13
1,1478521915,1478521923,8
4,1478521920,1478521924,4
4,1478521924,1478521926,2
4,1478521927,1478521935,8
10,1478521927,1478521928,1
1,1478521928,1478521935,7
4,1478521936,1478521942,6
1,1478521940,1478521942,2
1,1478521946,1478521950,4
4,1478521951,1478521953,2
4,1478521953,1478521956,3
4,1478521956,1478521962,6
4,1478521962,1478521967,5
1,1478521964,1478521966,2
4,1478521968,1478521974,6
10,1478521968,1478521969,1
1,1478521972,1478521974,2
4,1478521974,1478521979,5
4,1478521980,1478521982,2
10,1478521980,1478521982,2
4,1478521982,1478521997,15
1,1478521995,1478522011,16
4,1478521997,1478522061,64
14,1478522001,1478525606,3605
1,1478522014,1478522016,2
1,1478522047,1478522051,4
1,1478522057,1478522059,2
1,1478522063,1478522066,3
14,1478522066,1478525670,3604
1,1478522073,1478522075,2
1,1478522085,1478522090,5
1,1478522110,1478522112,2
1,1478522128,1478522135,7
4,1478522136,1478522138,2
4,1478522138,1478522187,49
1,1478522160,1478522164,4
1,1478522184,1478522186,2
4,1478522187,1478522190,3
10,1478522189,1478522190,1
4,1478522190,1478522196,6
1,1478522192,1478522196,4
4,1478522197,1478522226,29
1,1478522199,1478522203,4
14,1478522202,1478525810,3608
1,1478522220,1478522225,5
4,1478522226,1478522230,4
1,1478522230,1478522237,7
1,1478522248,1478522253,5
14,1478522251,1478525856,3605
1,1478522257,1478522268,11
1,1478522282,1478522288,6
1,1478522327,1478522337,10
10,1478522330,1478522334,4
10,1478522335,1478522337,2
10,1478522339,1478522342,3
1,1478522341,1478522352,11
1,1478522355,1478522360,5
1,1478522369,1478522374,5
4,1478522374,1478522376,2
10,1478522376,1478522378,2
4,1478522378,1478522381,3
10,1478522378,1478522381,3
10,1478522382,1478522387,5
1,1478522384,1478522389,5
4,1478522387,1478522413,26
1,1478522394,1478522404,10
1,1478522407,1478522412,5
4,1478522414,1478522416,2
4,1478522417,1478522421,4
4,1478522421,1478522474,53
1,1478522421,1478522425,4
14,1478522425,1478526033,3608
1,1478522434,1478522442,8
1,1478522446,1478522450,4
1,1478522458,1478522461,3
1,1478522468,1478522471,3
4,1478522474,1478522477,3
4,1478522477,1478522480,3
4,1478522480,1478522488,8
10,1478522480,1478522482,2
1,1478522484,1478522488,4
1,1478522491,1478522498,7
14,1478522498,1478526186,3688
11,1478522503,1478522508,5
4,1478522503,1478522506,3
4,1478522506,1478522508,2
11,1478522508,1478522586,78
1,1478522513,1478522553,40
1,1478522559,1478522569,10
1,1478522573,1478522596,23
5,1478522582,1478522583,1
5,1478522585,1478522586,1
4,1478522586,1478522593,7
4,1478522593,1478522596,3
1,1478522601,1478522602,1
4,1478522606,1478522608,2
4,1478522609,1478522612,3
4,1478522612,1478522615,3
4,1478522615,1478522619,4
4,1478522625,1478522627,2
4,1478522628,1478522631,3
4,1478522631,1478522633,2
4,1478522633,1478522818,185
1,1478522639,1478522643,4
14,1478522643,1478526248,3605
1,1478522650,1478522652,2
1,1478522663,1478522666,3
1,1478522670,1478522671,1
1,1478522675,1478522677,2
1,1478522746,1478522750,4
1,1478522784,1478522787,3
1,1478522792,1478522799,7
1,1478522812,1478522817,5
4,1478522819,1478522822,3
4,1478522822,1478522824,2
4,1478522824,1478522838,14
4,1478522838,1478522840,2
4,1478522841,1478522844,3
4,1478522844,1478522847,3
4,1478522847,1478522850,3
10,1478522848,1478522850,2
4,1478522851,1478522853,2
4,1478522853,1478522855,2
4,1478522856,1478522864,8
4,1478522864,1478522866,2
10,1478522865,1478522866,1
4,1478522866,1478522869,3
10,1478522869,1478522870,1
4,1478522870,1478522873,3
1,1478522871,1478522872,1
4,1478522873,1478522880,7
10,1478522873,1478522880,7
4,1478522881,1478522884,3
4,1478522884,1478522904,20
1,1478522890,1478522898,8
14,1478522898,1478526520,3622
11,1478522903,1478522907,4
4,1478522904,1478522907,3
11,1478522907,1478522920,13
4,1478522907,1478522920,13
1,1478522908,1478522914,6
1,1478522917,1478522931,14
4,1478522925,1478522930,5
1,1478522934,1478522942,8
4,1478522940,1478522943,3
4,1478522943,1478522965,22
1,1478522947,1478522960,13
14,1478522960,1478526586,3626
11,1478522964,1478522968,4
4,1478522965,1478522968,3
11,1478522968,1478522984,16
1,1478522982,1478522992,10
11,1478522984,1478522985,1
4,1478522984,1478523086,102
1,1478523034,1478523040,6
1,1478523044,1478523052,8
1,1478523072,1478523076,4
1,1478523080,1478523082,2
4,1478523086,1478523088,2
10,1478523087,1478523088,1
4,1478523088,1478523091,3
10,1478523090,1478523091,1
4,1478523091,1478523109,18
10,1478523092,1478523093,1
1,1478523107,1478523108,1
4,1478523110,1478523113,3
4,1478523119,1478523127,8
1,1478523122,1478523129,7
4,1478523129,1478523143,14
1,1478523139,1478523143,4
4,1478523144,1478523149,5
4,1478523151,1478523153,2
4,1478523154,1478523157,3
4,1478523160,1478523164,4
4,1478523167,1478523170,3
4,1478523176,1478523183,7
10,1478523178,1478523183,5
4,1478523184,1478523186,2
4,1478523186,1478523189,3
1,1478523196,1478523238,42
4,1478523200,1478523204,4
4,1478523204,1478523210,6
4,1478523211,1478523214,3
4,1478523214,1478523218,4
4,1478523219,1478523222,3
10,1478523219,1478523220,1
4,1478523223,1478523226,3
10,1478523223,1478523224,1
4,1478523227,1478523231,4
10,1478523227,1478523229,2
4,1478523231,1478523236,5
4,1478523237,1478523303,66
1,1478523263,1478523267,4
14,1478523266,1478526871,3605
1,1478523272,1478523273,1
1,1478523285,1478523289,4
1,1478523292,1478523302,10
4,1478523303,1478523305,2
4,1478523305,1478523308,3
4,1478523308,1478523439,131
1,1478523316,1478523339,23
14,1478523318,1478526923,3605
1,1478523386,1478523388,2
1,1478523396,1478523397,1
1,1478523403,1478523404,1
1,1478523410,1478523413,3
1,1478523420,1478523427,7
1,1478523435,1478523438,3
4,1478523443,1478523524,81
1,1478523443,1478523445,2
1,1478523471,1478523473,2
1,1478523476,1478523479,3
14,1478523478,1478527084,3606
1,1478523490,1478523501,11
1,1478523509,1478523522,13
4,1478523524,1478523527,3
4,1478523527,1478523529,2
4,1478523529,1478523531,2
4,1478523533,1478523543,10
1,1478523534,1478523540,6
14,1478523538,1478527158,3620
11,1478523542,1478523545,3
4,1478523543,1478523545,2
1,1478523544,1478523556,12
11,1478523545,1478523550,5
4,1478523546,1478523550,4
11,1478523550,1478523551,1
11,1478523552,1478523553,1
4,1478523552,1478523554,2
11,1478523555,1478523556,1
11,1478523556,1478523558,2
4,1478523556,1478523572,16
1,1478523559,1478523564,5
1,1478523568,1478523577,9
4,1478523574,1478523577,3
4,1478523581,1478523667,86
1,1478523583,1478523589,6
1,1478523608,1478523610,2
1,1478523627,1478523633,6
1,1478523663,1478523667,4
4,1478523668,1478523675,7
10,1478523669,1478523673,4
1,1478523670,1478523679,9
4,1478523675,1478523679,4
10,1478523676,1478523678,2
4,1478523679,1478523681,2
4,1478523682,1478523684,2
4,1478523685,1478523689,4
10,1478523685,1478523687,2
1,1478523686,1478523688,2
4,1478523689,1478523692,3
10,1478523689,1478523690,1
4,1478523692,1478523695,3
4,1478523695,1478523700,5
10,1478523695,1478523698,3
1,1478523696,1478523699,3
4,1478523700,1478523711,11
1,1478523706,1478523713,7
4,1478523711,1478523715,4
10,1478523711,1478523713,2
4,1478523715,1478523718,3
4,1478523718,1478523722,4
10,1478523719,1478523720,1
1,1478523719,1478523720,1
4,1478523722,1478523724,2
4,1478523731,1478523746,15
10,1478523731,1478523744,13
1,1478523743,1478523747,4
4,1478523746,1478523748,2
4,1478523748,1478523751,3
4,1478523751,1478523753,2
4,1478523753,1478523764,11
10,1478523755,1478523757,2
1,1478523755,1478523770,15
4,1478523765,1478523770,5
4,1478523771,1478523773,2
10,1478523772,1478523773,1
4,1478523773,1478523776,3
4,1478523776,1478523781,5
10,1478523776,1478523778,2
4,1478523781,1478523786,5
4,1478523786,1478523795,9
4,1478523796,1478523798,2
4,1478523798,1478523806,8
4,1478523810,1478523813,3
4,1478523813,1478523818,5
4,1478523820,1478523823,3
10,1478523821,1478523823,2
4,1478523823,1478523825,2
4,1478523826,1478523829,3
1,1478523833,1478523836,3
4,1478523836,1478523839,3
4,1478523843,1478523845,2
4,1478523845,1478523850,5
1,1478523847,1478523848,1
4,1478523852,1478523855,3
4,1478523855,1478523857,2
4,1478523858,1478523863,5
4,1478523863,1478524032,169
1,1478523863,1478523865,2
1,1478523899,1478523906,7
14,1478523902,1478527509,3607
1,1478523944,1478523949,5
1,1478523952,1478523958,6
1,1478523970,1478523982,12
1,1478523993,1478523996,3
1,1478524025,1478524032,7
1,1478524041,1478524048,7
1,1478524088,1478524090,2
1,1478524096,1478524098,2
4,1478524099,1478524104,5
4,1478524104,1478524107,3
4,1478524107,1478524118,11
1,1478524117,1478524124,7
1,1478524127,1478524143,16
4,1478524133,1478524139,6
4,1478524142,1478524145,3
4,1478524145,1478524155,10
1,1478524152,1478524183,31
4,1478524160,1478524163,3
4,1478524165,1478524168,3
4,1478524178,1478524184,6
4,1478524184,1478524188,4
4,1478524191,1478524194,3
4,1478524195,1478524197,2
4,1478524199,1478524207,8
4,1478524207,1478524209,2
4,1478524210,1478524216,6
1,1478524214,1478524226,12
4,1478524216,1478524225,9
1,1478524242,1478524244,2
1,1478524259,1478524263,4
1,1478524290,1478524296,6
4,1478524292,1478524294,2
4,1478524295,1478524306,11
1,1478524304,1478524308,4
1,1478524314,1478524327,13
4,1478524318,1478524327,9
4,1478524327,1478524331,4
4,1478524331,1478524343,12
1,1478524336,1478524342,6
4,1478524343,1478524347,4
4,1478524347,1478524351,4
4,1478524351,1478524395,44
1,1478524354,1478524356,2
1,1478524389,1478524393,4
4,1478524395,1478524400,5
1,1478524397,1478524404,7
4,1478524401,1478524404,3
4,1478524404,1478524407,3
4,1478524409,1478524415,6
1,1478524411,1478524414,3
4,1478524416,1478524422,6
1,1478524418,1478524431,13
4,1478524422,1478524428,6
4,1478524429,1478524464,35
1,1478524444,1478524447,3
1,1478524462,1478524464,2
1,1478524470,1478524472,2
4,1478524472,1478524496,24
1,1478524477,1478524480,3
1,1478524491,1478524494,3
4,1478524497,1478524500,3
4,1478524500,1478524502,2
4,1478524502,1478524505,3
4,1478524505,1478524517,12
1,1478524510,1478524520,10
4,1478524517,1478524521,4
4,1478524521,1478524556,35
1,1478524523,1478524535,12
14,1478524535,1478528140,3605
1,1478524546,1478524559,13
4,1478524556,1478524574,18
1,1478524563,1478524581,18
14,1478524581,1478528187,3606
1,1478524611,1478524616,5
1,1478524624,1478524643,19
4,1478524654,1478524670,16
1,1478524660,1478524667,7
4,1478524670,1478524777,107
1,1478524671,1478524682,11
1,1478524763,1478524770,7
4,1478524777,1478524790,13
4,1478524790,1478524818,28
1,1478524795,1478524807,12
1,1478524810,1478524817,7
4,1478524818,1478524821,3
1,1478524823,1478524826,3
4,1478524827,1478524831,4
4,1478524831,1478524914,83
1,1478524833,1478524837,4
1,1478524905,1478524914,9
4,1478524915,1478524917,2
4,1478524918,1478524920,2
4,1478524920,1478524923,3
4,1478524923,1478524925,2
4,1478524926,1478524928,2
4,1478524928,1478524931,3
4,1478524933,1478524935,2
4,1478524935,1478524937,2
4,1478524939,1478524941,2
4,1478524942,1478524944,2
4,1478524944,1478524990,46
1,1478524963,1478524964,1
1,1478524971,1478524974,3
1,1478524977,1478524983,6
1,1478524987,1478525013,26
4,1478524993,1478524998,5
4,1478525001,1478525004,3
4,1478525007,1478525010,3
4,1478525013,1478525057,44
1,1478525047,1478525048,1
4,1478525057,1478525063,6
10,1478525060,1478525063,3
4,1478525064,1478525070,6
10,1478525065,1478525070,5
4,1478525070,1478525073,3
1,1478525076,1478525077,1
4,1478525078,1478525081,3
4,1478525081,1478525090,9
1,1478525083,1478525089,6
4,1478525090,1478525092,2
4,1478525092,1478525095,3
4,1478525096,1478525099,3
4,1478525099,1478525103,4
1,1478525100,1478525122,22
4,1478525107,1478525123,16
10,1478525108,1478525110,2
4,1478525123,1478525125,2
1,1478525126,1478525130,4
4,1478525133,1478525154,21
1,1478525136,1478525140,4
14,1478525140,1478528747,3607
1,1478525150,1478525172,22
4,1478525159,1478525163,4
4,1478525164,1478525168,4
4,1478525170,1478525173,3
4,1478525174,1478525182,8
1,1478525176,1478525193,17
4,1478525185,1478525195,10
4,1478525195,1478525207,12
1,1478525201,1478525218,17
4,1478525212,1478525215,3
4,1478525223,1478525225,2
4,1478525225,1478525227,2
4,1478525227,1478525229,2
4,1478525230,1478525232,2
10,1478525231,1478525232,1
4,1478525232,1478525236,4
4,1478525237,1478525239,2
4,1478525240,1478525243,3
4,1478525246,1478525249,3
1,1478525247,1478525252,5
4,1478525249,1478525254,5
10,1478525254,1478525255,1
4,1478525255,1478525257,2
4,1478525258,1478525262,4
1,1478525263,1478525265,2
4,1478525266,1478525268,2
4,1478525269,1478525272,3
4,1478525272,1478525278,6
1,1478525273,1478525286,13
4,1478525283,1478525286,3
4,1478525288,1478525405,117
1,1478525289,1478525294,5
14,1478525294,1478528898,3604
1,1478525323,1478525337,14
1,1478525381,1478525394,13
1,1478525401,1478525404,3
4,1478525405,1478525410,5
1,1478525427,1478525438,11
1,1478525441,1478525446,5
14,1478525445,1478529052,3607
1,1478525790,1478525802,12
1,1478525810,1478525819,9
1,1478525863,1478525874,11
1,1478525889,1478525905,16
1,1478525908,1478525910,2
4,1478525911,1478527632,1721
1,1478525918,1478525925,7
1,1478525938,1478525941,3
1,1478525945,1478525952,7
1,1478525971,1478525974,3
1,1478526497,1478526506,9
1,1478526513,1478526535,22
1,1478526541,1478526558,17
1,1478526562,1478526618,56
1,1478526627,1478526629,2
1,1478526647,1478526649,2
1,1478526658,1478526661,3
1,1478527297,1478527325,28
1,1478527336,1478527345,9
1,1478527363,1478527378,15
1,1478527385,1478527391,6
1,1478527394,1478527401,7
1,1478527412,1478527418,6
4,1478528314,1478528687,373
1,1478528326,1478528332,6
1,1478528619,1478528645,26
1,1478528660,1478528669,9
1,1478528670,1478528684,14
1,1478528698,1478528706,8
4,1478528706,1478528738,32
1,1478528730,1478528750,20
4,1478528738,1478528753,15
1,1478528764,1478528767,3
4,1478528765,1478529618,853
1,1478529347,1478529359,12
5,1478529359,1478529367,8
1,1478529367,1478529370,3
4,1478529370,1478529373,3
10,1478529372,1478529373,1
4,1478529373,1478529375,2
4,1478529375,1478529377,2
4,1478529378,1478529380,2
4,1478529381,1478529384,3
4,1478529384,1478529386,2
4,1478529386,1478529388,2
4,1478529389,1478529391,2
4,1478529391,1478529395,4
1,1478529393,1478529401,8
14,1478529400,1478529405,5
1,1478529406,1478529435,29
14,1478529411,1478529413,2
14,1478529418,1478529423,5
14,1478529428,1478529433,5
1,1478529437,1478529439,2
1,1478529452,1478529453,1
1,1478529456,1478529475,19
1,1478529480,1478529488,8
1,1478529495,1478529503,8
1,1478529506,1478529518,12
1,1478529521,1478529526,5
1,1478529531,1478529534,3
1,1478529614,1478529617,3
4,1478529618,1478529620,2
4,1478529620,1478529622,2
4,1478529622,1478529625,3
4,1478529625,1478529628,3
4,1478529628,1478529631,3
4,1478529631,1478529633,2
4,1478529634,1478529636,2
4,1478529639,1478529643,4
4,1478529643,1478529646,3
1,1478529653,1478529661,8
4,1478529655,1478529662,7
4,1478529662,1478529664,2
4,1478529664,1478529667,3
4,1478529667,1478529671,4
1,1478529670,1478529673,3
4,1478529674,1478529676,2
4,1478529676,1478529679,3
4,1478529679,1478529681,2
4,1478529681,1478529683,2
4,1478529684,1478529693,9
4,1478529693,1478529695,2
1,1478529698,1478529705,7
4,1478529707,1478529740,33
1,1478529713,1478529716,3
1,1478529733,1478529740,7
4,1478529741,1478529750,9
11,1478529741,1478529749,8
11,1478529749,1478529758,9
4,1478529752,1478529765,13
1,1478529752,1478529758,6
11,1478529758,1478529765,7
11,1478529765,1478529771,6
1,1478529767,1478529779,12
4,1478529772,1478529780,8
4,1478529780,1478529789,9
11,1478529781,1478529789,8
4,1478529789,1478529815,26
11,1478529789,1478529815,26
1,1478529790,1478529795,5
1,1478529812,1478529818,6
4,1478529820,1478529828,8
11,1478529820,1478529828,8
11,1478529828,1478529834,6
1,1478529830,1478529834,4
4,1478529835,1478529845,10
4,1478529845,1478529859,14
1,1478529846,1478529850,4
1,1478529854,1478529855,1
11,1478529859,1478529862,3
4,1478529861,1478529935,74
11,1478529862,1478529899,37
1,1478529864,1478529874,10
1,1478529881,1478529899,18
11,1478529899,1478529913,14
11,1478529913,1478529916,3
11,1478529916,1478529920,4
11,1478529921,1478529924,3
11,1478529924,1478529929,5
11,1478529929,1478529935,6
1,1478529932,1478529939,7
4,1478529944,1478529949,5
4,1478529949,1478529951,2
4,1478529952,1478529954,2
4,1478529954,1478529956,2
4,1478529958,1478529960,2
4,1478529960,1478529962,2
4,1478529962,1478529966,4
4,1478529966,1478529969,3
10,1478529968,1478529969,1
4,1478529970,1478529972,2
10,1478529970,1478529972,2
4,1478529974,1478529977,3
1,1478529974,1478529976,2
4,1478529977,1478529979,2
10,1478529978,1478529979,1
4,1478529981,1478529991,10
10,1478529982,1478529991,9
4,1478529991,1478529993,2
4,1478529993,1478530002,9
4,1478530003,1478530005,2
4,1478530005,1478530008,3
4,1478530008,1478530011,3
10,1478530010,1478530011,1
10,1478530012,1478530015,3
4,1478530015,1478530018,3
10,1478530015,1478530017,2
10,1478530019,1478530020,1
4,1478530020,1478530023,3
4,1478530024,1478530032,8
1,1478530028,1478530032,4
4,1478530033,1478530038,5
4,1478530038,1478530052,14
1,1478530040,1478530042,2
1,1478530046,1478530048,2
11,1478530053,1478530054,1
11,1478530054,1478530066,12
4,1478530054,1478530083,29
1,1478530059,1478530066,7
11,1478530066,1478530070,4
1,1478530070,1478530074,4
11,1478530070,1478530072,2
11,1478530072,1478530074,2
11,1478530074,1478530078,4
1,1478530078,1478530086,8
11,1478530078,1478530079,1
11,1478530079,1478530083,4
4,1478530089,1478530114,25
1,1478530098,1478530106,8
1,1478530109,1478530111,2
1,1478530363,1478530366,3
4,1478530366,1478530511,145
1,1478530395,1478530398,3
1,1478530455,1478530474,19
1,1478530508,1478530510,2
5,1478530510,1478530511,1
1,1478530643,1478530646,3
4,1478530655,1478530669,14
4,1478530673,1478530804,131
1,1478530676,1478530687,11
1,1478530703,1478530705,2
1,1478530752,1478530758,6
1,1478530790,1478530803,13
4,1478530804,1478530812,8
1,1478530806,1478530811,5
4,1478530812,1478530816,4
1,1478530816,1478530818,2
1,1478530830,1478530840,10
1,1478530876,1478530879,3
1,1478530900,1478530915,15
1,1478535837,1478535840,3
1,1478536167,1478536168,1
1,1478698144,1478698183,39
1,1478698203,1478698206,3
1,1478698654,1478698663,9
1,1478722704,1478722706,2
6,1478722726,1478722728,2
1,1478722729,1478722733,4
1,1478722775,1478722796,21
1,1478722804,1478722825,21
8,1478722815,1478722849,34
4,1478722817,1478722820,3
4,1478722820,1478722823,3
4,1478722823,1478722827,4
4,1478722827,1478722830,3
1,1478722831,1478722832,1
4,1478722831,1478722833,2
4,1478722836,1478722838,2
4,1478722838,1478722842,4
4,1478722843,1478722848,5
1,1478722847,1478722880,33
4,1478722848,1478722851,3
4,1478722851,1478722854,3
4,1478722872,1478722874,2
8,1478722872,1478722873,1
4,1478722875,1478723423,548
1,1478722887,1478722890,3
1,1478722911,1478722915,4
1,1478723135,1478723141,6
1,1478723145,1478723152,7
1,1478723187,1478723190,3
1,1478723312,1478723315,3
1,1478723348,1478723349,1
1,1478723411,1478723423,12
4,1478723423,1478723425,2
8,1478723423,1478723425,2
4,1478723427,1478726748,3321
1,1478723455,1478723470,15
1,1478723475,1478723477,2
1,1478723599,1478723629,30
1,1478723635,1478723653,18
1,1478723659,1478723666,7
1,1478723670,1478723684,14
1,1478723692,1478723698,6
1,1478723702,1478723726,24
1,1478723730,1478723747,17
1,1478723751,1478723752,1
1,1478723759,1478723762,3
1,1478723768,1478723771,3
1,1478723777,1478723786,9
1,1478723791,1478723795,4
1,1478723798,1478723801,3
1,1478723812,1478723817,5
1,1478723821,1478723825,4
1,1478723829,1478723835,6
1,1478723857,1478723859,2
1,1478723864,1478723883,19
1,1478723894,1478723906,12
1,1478723910,1478723930,20
1,1478723938,1478723943,5
1,1478723949,1478723951,2
1,1478723960,1478723978,18
1,1478723981,1478724008,27
1,1478724018,1478724024,6
1,1478724035,1478724055,20
1,1478724189,1478724198,9
1,1478724363,1478724367,4
1,1478724799,1478724813,14
1,1478724817,1478724820,3
1,1478724825,1478724829,4
1,1478724835,1478724843,8
1,1478724846,1478724861,15
1,1478724869,1478724873,4
1,1478724877,1478724889,12
1,1478724893,1478724897,4
1,1478724909,1478724936,27
1,1478724940,1478724941,1
1,1478724945,1478724949,4
1,1478724953,1478724965,12
1,1478726742,1478726776,34
5,1478726746,1478726748,2
4,1478726748,1478726763,15
5,1478726769,1478726770,1
4,1478726769,1478726786,17
1,1478726781,1478726850,69
4,1478726786,1478726791,5
5,1478726805,1478726808,3
5,1478726813,1478726838,25
1,1478726859,1478726871,12
5,1478726868,1478726870,2
1,1478726877,1478726897,20
5,1478726883,1478726892,9
4,1478726898,1478726921,23
10,1478726900,1478726901,1
10,1478726902,1478726903,1
1,1478726903,1478726928,25
5,1478726909,1478726921,12
4,1478726924,1478726929,5
4,1478726931,1478726933,2
4,1478726933,1478726935,2
4,1478726935,1478726937,2
4,1478726937,1478726939,2
4,1478726939,1478726943,4
4,1478726944,1478726948,4
1,1478726945,1478726947,2
4,1478726948,1478726951,3
4,1478726951,1478726955,4
1,1478726953,1478726954,1
4,1478726956,1478726983,27
1,1478726958,1478726982,24
5,1478726963,1478726968,5
1,1478726988,1478726994,6
4,1478726991,1478726995,4
4,1478726995,1478726997,2
4,1478726998,1478727000,2
4,1478727000,1478727005,5
1,1478727001,1478727003,2
4,1478727005,1478727060,55
1,1478727006,1478727014,8
1,1478727033,1478727047,14
1,1478727050,1478727055,5
14,1478727053,1478730703,3650
11,1478727058,1478727063,5
1,1478727059,1478727073,14
4,1478727060,1478727063,3
4,1478727063,1478727103,40
11,1478727063,1478727103,40
1,1478727077,1478727087,10
1,1478727090,1478727092,2
1,1478727100,1478727111,11
5,1478727102,1478727103,1
14,1478727109,1478730883,3774
4,1478727110,1478727112,2
11,1478727110,1478727115,5
4,1478727113,1478727115,2
11,1478727115,1478727130,15
1,1478727115,1478727134,19
11,1478727130,1478727140,10
1,1478727138,1478727165,27
11,1478727140,1478727283,143
4,1478727140,1478727283,143
1,1478727209,1478727212,3
1,1478727232,1478727236,4
1,1478727244,1478727249,5
1,1478727256,1478727260,4
1,1478727280,1478727316,36
5,1478727282,1478727283,1
14,1478727291,1478734396,7105
4,1478727291,1478727294,3
11,1478727291,1478727296,5
4,1478727294,1478727296,2
11,1478727296,1478727345,49
1,1478727320,1478727322,2
1,1478727335,1478727338,3
1,1478727342,1478727362,20
11,1478727345,1478730796,3451
4,1478727345,1478730796,3451
1,1478727371,1478727377,6
1,1478727390,1478727392,2
1,1478727406,1478727414,8
1,1478727419,1478727421,2
1,1478727434,1478727445,11
1,1478727452,1478727460,8
1,1478727463,1478727467,4
1,1478727470,1478727475,5
1,1478727893,1478727923,30
1,1478727927,1478727936,9
1,1478727955,1478727965,10
1,1478727971,1478727974,3
1,1478728005,1478728028,23
1,1478728105,1478728112,7
1,1478730792,1478730808,16
5,1478730795,1478730796,1
14,1478730805,1479121819,391014
4,1478730806,1478730808,2
11,1478730806,1478730811,5
4,1478730808,1478730811,3
11,1478730811,1478730840,29
1,1478730814,1478730849,35
11,1478730840,1478730912,72
4,1478730840,1479121814,390974
1,1478730861,1478730862,1
1,1478730866,1478730869,3
1,1478730906,1478730923,17
11,1478730912,1478730929,17
1,1478730927,1478730952,25
11,1478730929,1479121813,390884
1,1478730965,1478730968,3
1,1479121805,1479121811,6
5,1479121809,1479121819,10
4,1479121814,1479121837,23
1,1479121827,1479121832,5
4,1479121848,1479121865,17
1,1479121864,1479121867,3
4,1479121874,1479121876,2
1,1479121874,1479121880,6
1,1479121884,1479121893,9
1,1479121897,1479121911,14
4,1479121912,1479121954,42
1,1479121916,1479121921,5
1,1479121952,1479121953,1
4,1479121954,1479121990,36
1,1479121962,1479121968,6
4,1479121990,1479122501,511
1,1479121995,1479122027,32
1,1479122449,1479122483,34
1,1479122498,1479122499,1
4,1479122501,1479122503,2
4,1479122503,1479122507,4
4,1479122507,1479122510,3
4,1479122510,1479122512,2
4,1479122512,1479122514,2
4,1479122514,1479122519,5
1,1479122519,1479122543,24
4,1479122519,1479122552,33
1,1479122546,1479122550,4
1,1479122556,1479122560,4
4,1479122557,1479122561,4
4,1479122562,1479122577,15
1,1479122566,1479122573,7
1,1479122576,1479122580,4
4,1479122577,1479122581,4
4,1479122581,1479122586,5
1,1479122585,1479122589,4
4,1479122586,1479122616,30
1,1479122611,1479122613,2
4,1479122616,1479122619,3
4,1479122619,1479122621,2
4,1479122623,1479122632,9
1,1479122625,1479122637,12
4,1479122632,1479122636,4
4,1479122638,1479122644,6
1,1479122643,1479122648,5
4,1479122644,1479122681,37
1,1479122677,1479122686,9
4,1479122681,1479122684,3
4,1479122687,1479122689,2
4,1479122689,1479122691,2
4,1479122692,1479122694,2
4,1479122694,1479122699,5
1,1479122698,1479122703,5
4,1479122699,1479122757,58
1,1479122719,1479122730,11
1,1479122755,1479122757,2
4,1479122757,1479122794,37
1,1479122761,1479122763,2
1,1479122791,1479122793,2
4,1479122794,1479122796,2
4,1479122796,1479401570,278774
1,1479122798,1479122802,4
1,1479133654,1479133665,11
1,1479133671,1479133674,3
1,1479133689,1479133692,3
1,1479133696,1479133698,2
1,1479133706,1479133711,5
1,1479134130,1479134132,2
1,1479134137,1479134154,17
1,1479134159,1479134161,2
1,1479134341,1479134344,3
1,1479137112,1479137117,5
1,1479401494,1479401496,2
1,1479401520,1479401534,14
1,1479401553,1479401556,3
1,1479401561,1479401568,7
5,1479401568,1479401573,5
1,1479401574,1479401604,30
4,1479401585,1479401588,3
1,1479401608,1479401622,14
4,1479401610,1479401613,3
5,1479401622,1479401625,3
1,1479401626,1479401666,40
1,1479401698,1479401717,19
5,1479401707,1479401712,5
1,1479401758,1479401780,22
5,1479401766,1479401769,3
1,1479401794,1479401814,20
5,1479401798,1479401799,1
5,1479401807,1479401809,2
1,1479401817,1479401839,22
5,1479401822,1479401823,1
4,1479401830,1479401877,47
1,1479401851,1479401919,68
4,1479401877,1479401928,51
1,1479401923,1479401935,12
5,1479401926,1479401929,3
1,1479401944,1479401949,5
1,1479401955,1479401957,2
1,1479402364,1479402368,4
1,1479402377,1479402379,2
1,1479809768,1479809777,9
4,1479809796,1479809809,13
1,1479809799,1479809804,5
4,1479809828,1479809830,2
1,1479809854,1479809872,18
5,1479809872,1479809885,13
1,1479809887,1479809889,2
4,1479809890,1479809892,2
4,1479809893,1479809895,2
4,1479809895,1479809898,3
4,1479809899,1479809901,2
4,1479809903,1479809905,2
4,1479809905,1479809907,2
4,1479809908,1479809911,3
4,1479809911,1479809938,27
10,1479809911,1479809913,2
1,1479809931,1479809952,21
1,1479809956,1479809959,3
1,1479809984,1479810005,21
1,1479810066,1479810068,2
6,1479810083,1479810084,1
1,1479810119,1479810121,2
1,1479810140,1479810144,4
4,1479810142,1479810151,9
10,1479810144,1479810151,7
4,1479810151,1479810155,4
4,1479810155,1479810160,5
10,1479810155,1479810158,3
4,1479810160,1479810163,3
4,1479810163,1479810167,4
10,1479810164,1479810165,1
4,1479810167,1479810179,12
10,1479810168,1479810179,11
4,1479810179,1479810191,12
10,1479810179,1479810191,12
4,1479810191,1479810210,19
10,1479810191,1479810207,16
4,1479810210,1479810212,2
4,1479810212,1479810216,4
10,1479810212,1479810216,4
4,1479810217,1479810219,2
4,1479810219,1479810259,40
10,1479810219,1479810221,2
10,1479810228,1479810238,10
10,1479810243,1479810259,16
4,1479810259,1479810262,3
4,1479810263,1479810268,5
10,1479810263,1479810268,5
4,1479810268,1479810272,4
4,1479810272,1479810274,2
4,1479810276,1479810308,32
10,1479810277,1479810308,31
1,1479810279,1479810280,1
4,1479810308,1479810312,4
4,1479810312,1479810316,4
4,1479810316,1479810319,3
4,1479810320,1479810322,2
4,1479810323,1479810332,9
1,1479810325,1479810336,11
4,1479810332,1479810337,5
4,1479810337,1479810339,2
4,1479810339,1479810344,5
10,1479810340,1479810344,4
4,1479810345,1479810358,13
10,1479810345,1479810358,13
10,1479810358,1479810365,7
4,1479810365,1479810369,4
10,1479810367,1479810369,2
4,1479810370,1479810374,4
10,1479810370,1479810374,4
4,1479810374,1479810378,4
4,1479810378,1479810381,3
10,1479810380,1479810381,1
4,1479810381,1479810383,2
4,1479810384,1479810390,6
4,1479810390,1479810392,2
4,1479810392,1479810396,4
10,1479810392,1479810396,4
4,1479810398,1479810400,2
4,1479810400,1479810403,3
4,1479810405,1479810474,69
10,1479810407,1479810474,67
1,1479810446,1479810448,2
1,1479810455,1479810457,2
1,1479810473,1479810475,2
4,1479810476,1479810532,56
10,1479810477,1479810504,27
1,1479810481,1479810485,4
1,1479810525,1479810531,6
1,1479810535,1479810537,2
1,1479810543,1479810547,4
1,1479810560,1479810561,1
1,1479810584,1479810585,1
1,1479811152,1479811157,5
1,1479811180,1479811188,8
1,1479811286,1479811289,3
1,1479811292,1479811297,5
1,1479811309,1479811311,2
6,1479811354,1479811356,2
1,1479811364,1479811370,6
1,1479811389,1479811396,7
1,1479811408,1479811414,6
5,1479811408,1479811413,5
11,1479811413,1479811645,232
4,1479811418,1479811425,7
4,1479811425,1479811430,5
4,1479811431,1479811435,4
4,1479811435,1479811437,2
4,1479811438,1479811440,2
4,1479811441,1479811446,5
4,1479811447,1479811449,2
4,1479811449,1479811452,3
4,1479811455,1479811460,5
4,1479811461,1479811463,2
4,1479811463,1479811473,10
4,1479811475,1479811478,3
4,1479811486,1479811491,5
4,1479811500,1479811504,4
4,1479811508,1479811515,7
4,1479811521,1479811530,9
4,1479811546,1479811566,20
4,1479811582,1479811587,5
4,1479811589,1479811608,19
1,1479811589,1479811602,13
1,1479811606,1479811613,7
1,1479811618,1479811624,6
4,1479811623,1479811637,14
1,1479811628,1479811646,18
4,1479811637,1479811646,9
5,1479811641,1479811643,2
1,1479811650,1479811655,5
4,1479811651,1479811654,3
4,1479811657,1479811900,243
1,1479811659,1479811665,6
1,1479811692,1479811695,3
1,1479811707,1479811711,4
1,1479811872,1479811879,7
5,1479811876,1479811900,24
1,1479811897,1479811906,9
11,1479811900,1479811917,17
4,1479811901,1479811904,3
4,1479811905,1479811907,2
4,1479811907,1479811911,4
4,1479811911,1479811915,4
4,1479811915,1479811917,2
4,1479811917,1479811928,11
11,1479811917,1479811943,26
1,1479811924,1479811943,19
11,1479811943,1479811961,18
4,1479811944,1479811949,5
4,1479811950,1479811952,2
4,1479811952,1479811954,2
4,1479811954,1479811957,3
4,1479811957,1479811960,3
11,1479811961,1479811968,7
4,1479811961,1479811969,8
1,1479811962,1479812006,44
11,1479811969,1479811977,8
4,1479811969,1479811977,8
11,1479811977,1479811985,8
11,1479811985,1479812032,47
4,1479811986,1479812018,32
1,1479812016,1479812023,7
1,1479812028,1479812032,4
11,1479812032,1479812038,6
4,1479812032,1479812037,5
11,1479812038,1479812040,2
4,1479812038,1479812046,8
1,1479812039,1479812040,1
11,1479812040,1479812053,13
4,1479812046,1479812053,7
11,1479812053,1479812075,22
1,1479812054,1479812060,6
1,1479812068,1479812075,7
11,1479812075,1479812093,18
4,1479812076,1479812078,2
4,1479812091,1479812093,2
11,1479812093,1479812132,39
1,1479812093,1479812105,12
1,1479812111,1479812113,2
1,1479812117,1479812133,16
11,1479812132,1479812143,11
4,1479812132,1479812139,7
4,1479812141,1479812143,2
11,1479812143,1479812171,28
4,1479812144,1479812171,27
1,1479812144,1479812152,8
1,1479812155,1479812158,3
1,1479812167,1479812171,4
11,1479812171,1479812181,10
4,1479812173,1479812178,5
1,1479812179,1479812183,4
4,1479812182,1479812187,5
4,1479812188,1479812192,4
10,1479812190,1479812192,2
4,1479812193,1479812200,7
10,1479812194,1479812200,6
4,1479812200,1479812202,2
4,1479812202,1479812207,5
10,1479812204,1479812206,2
4,1479812207,1479812209,2
4,1479812209,1479812211,2
4,1479812211,1479812239,28
1,1479812223,1479812224,1
10,1479812225,1479812229,4
1,1479812228,1479812231,3
1,1479812236,1479812238,2
4,1479812239,1479812244,5
4,1479812244,1479812297,53
10,1479812245,1479812294,49
1,1479812293,1479812296,3
4,1479812297,1479812302,5
10,1479812299,1479812302,3
4,1479812302,1479812307,5
10,1479812303,1479812307,4
4,1479812307,1479812319,12
10,1479812308,1479812319,11
4,1479812320,1479812324,4
10,1479812321,1479812324,3
4,1479812324,1479814116,1792
1,1479814109,1479814112,3
10,1479814113,1479814115,2
4,1479814117,1479814122,5
10,1479814117,1479814122,5
4,1479814122,1479814126,4
4,1479814127,1479814138,11
1,1479814130,1479814137,7
4,1479814138,1479814140,2
1,1479814141,1479814143,2
4,1479814144,1479814148,4
10,1479814144,1479814148,4
4,1479814149,1479814232,83
10,1479814149,1479814157,8
1,1479814159,1479814164,5
1,1479814215,1479814218,3
10,1479814219,1479814221,2
10,1479814223,1479814224,1
1,1479814224,1479814227,3
10,1479814227,1479814229,2
1,1479814230,1479814234,4
10,1479814236,1479814250,14
1,1479814238,1479814241,3
1,1479814249,1479814250,1
4,1479814250,1479814255,5
10,1479814251,1479814255,4
4,1479814256,1479814262,6
4,1479814262,1479814265,3
1,1479814265,1479814270,5
4,1479814268,1479814271,3
4,1479814271,1479814274,3
4,1479814274,1479814276,2
4,1479814276,1479814279,3
10,1479814277,1479814278,1
10,1479814279,1479814281,2
4,1479814281,1479814284,3
4,1479814288,1479814294,6
10,1479814291,1479814295,4
1,1479814296,1479814297,1
4,1479814297,1479814299,2
4,1479814299,1479814302,3
1,1479814300,1479814312,12
1,1479814317,1479814319,2
1,1479814329,1479814333,4
1,1479814339,1479814343,4
1,1479814346,1479814348,2
1,1479814355,1479814359,4
1,1479814366,1479814367,1
4,1479814368,1479814370,2
4,1479814373,1479814422,49
1,1479814373,1479814378,5
1,1479814402,1479814404,2
4,1479814422,1479814443,21
10,1479814424,1479814442,18
1,1479814430,1479814442,12
4,1479814445,1479814450,5
4,1479814450,1479814453,3
4,1479814454,1479814456,2
4,1479814456,1479814540,84
1,1479814466,1479814467,1
1,1479814534,1479814544,10
5,1479814537,1479814540,3
11,1479814540,1479814555,15
4,1479814542,1479814546,4
4,1479814547,1479814549,2
4,1479814549,1479814551,2
4,1479814551,1479814554,3
4,1479814554,1479814561,7
11,1479814555,1479814567,12
1,1479814557,1479814567,10
11,1479814567,1479814580,13
4,1479814567,1479814569,2
4,1479814572,1479814574,2
4,1479814575,1479814578,3
4,1479814578,1479814580,2
11,1479814580,1479814584,4
4,1479814581,1479814584,3
1,1479814581,1479814592,11
11,1479814584,1479814592,8
11,1479814592,1479814604,12
4,1479814592,1479814594,2
4,1479814595,1479814598,3
11,1479814604,1479814651,47
1,1479814604,1479814612,8
1,1479814624,1479814625,1
1,1479814630,1479814633,3
1,1479814648,1479814651,3
11,1479814651,1479814657,6
4,1479814651,1479814675,24
1,1479814657,1479814675,18
11,1479814658,1479814675,17
11,1479814675,1479814685,10
4,1479814675,1479814686,11
11,1479814685,1479814687,2
11,1479814687,1479814690,3
11,1479814690,1479814709,19
4,1479814690,1479814702,12
4,1479814705,1479814710,5
1,1479814706,1479814716,10
4,1479814714,1479814717,3
4,1479814717,1479814720,3
4,1479814721,1479814730,9
1,1479814727,1479814729,2
4,1479814731,1479814733,2
4,1479814733,1479814735,2
4,1479814738,1479814748,10
4,1479814752,1479814760,8
1,1479814756,1479814759,3
4,1479814760,1479814762,2
4,1479814763,1479814765,2
4,1479814765,1479814767,2
4,1479814768,1479814771,3
4,1479814771,1479814775,4
4,1479814775,1481373513,1558738
1,1479814776,1479814786,10
1,1479921114,1479921189,75
1,1479921197,1479921201,4
1,1479921229,1479921232,3
1,1481373447,1481373457,10
1,1481373462,1481373465,3
1,1481373470,1481373474,4
1,1481373508,1481373511,3
4,1481373514,1481373516,2
4,1481373516,1481373530,14
1,1481373517,1481373541,24
1,1481373585,1481373603,18
4,1481373610,1481373613,3
4,1481373616,1481373710,94
1,1481373620,1481373631,11
1,1481373664,1481373673,9
1,1481373679,1481373684,5
1,1481373702,1481373709,7
4,1481373710,1481373715,5
4,1481373715,1481373737,22
1,1481373724,1481373732,8
4,1481373737,1481373828,91
1,1481373737,1481373739,2
1,1481373746,1481373767,21
1,1481373780,1481373782,2
1,1481373789,1481373810,21
1,1481373817,1481373827,10
4,1481373829,1481373833,4
4,1481373833,1481373836,3
4,1481373836,1481373838,2
4,1481373838,1481373842,4
4,1481373842,1481373846,4
4,1481373847,1481373849,2
4,1481373849,1481373855,6
4,1481373855,1481373857,2
4,1481373857,1481373859,2
4,1481373860,1481373862,2
4,1481373862,1481373873,11
1,1481373868,1481373878,10
1,1481373884,1481373892,8
4,1481373887,1481373892,5
4,1481373893,1481373912,19
1,1481373899,1481373915,16
4,1481373912,1481373933,21
1,1481373919,1481373931,12
4,1481373934,1481373937,3
4,1481373937,1481373939,2
4,1481373939,1481373951,12
4,1481373953,1481373955,2
4,1481373956,1481373958,2
4,1481373958,1481373961,3
1,1481373959,1481373961,2
4,1481373962,1481373964,2
4,1481373964,1481373969,5
4,1481373970,1481374024,54
1,1481373974,1481373978,4
1,1481373982,1481373987,5
1,1481374014,1481374017,3
4,1481374024,1481374027,3
10,1481374025,1481374028,3
4,1481374028,1481374030,2
4,1481374030,1481374033,3
4,1481374034,1481374036,2
4,1481374036,1481374039,3
4,1481374039,1481374047,8
1,1481374042,1481374045,3
4,1481374047,1481374056,9
1,1481374051,1481374054,3
4,1481374056,1481374094,38
1,1481374060,1481374076,16
1,1481374082,1481374122,40
4,1481374099,1481374103,4
4,1481374103,1481374111,8
4,1481374115,1481374118,3
4,1481374118,1481374122,4
4,1481374122,1481374133,11
1,1481374126,1481374144,18
4,1481374140,1481374156,16
1,1481374150,1481374156,6
4,1481374157,1481374169,12
1,1481374163,1481374173,10
4,1481374169,1481374173,4
4,1481374178,1481374180,2
4,1481374180,1481374182,2
4,1481374182,1481374184,2
1,1481374186,1481374188,2
4,1481374189,1481374191,2
4,1481374191,1481374197,6
1,1481374193,1481374196,3
4,1481374198,1481374200,2
4,1481374200,1481374202,2
4,1481374202,1481374208,6
1,1481374206,1481374207,1
4,1481374208,1481374210,2
4,1481374211,1481374213,2
4,1481374213,1481374219,6
4,1481374219,1481374222,3
1,1481374225,1481374237,12
4,1481374231,1481374244,13
7,1481374234,1481374235,1
7,1481374234,1481374235,1
7,1481374234,1481374235,1
1,1481374240,1481374242,2
1,1481374246,1481374250,4
1,1481374254,1481374260,6
4,1481374258,1481374261,3
4,1481374261,1481374263,2
4,1481374264,1481374266,2
4,1481374266,1481374275,9
4,1481374275,1481374278,3
4,1481374278,1481374290,12
1,1481374278,1481374299,21
4,1481374298,1481374308,10
1,1481374305,1481374307,2
4,1481374308,1481374349,41
1,1481374318,1481374320,2
1,1481374324,1481374329,5
1,1481374341,1481374348,7
4,1481374349,1481374351,2
4,1481374352,1481374354,2
4,1481374354,1481374357,3
4,1481374357,1481374359,2
4,1481374360,1481374365,5
4,1481374365,1481374367,2
4,1481374367,1481374369,2
4,1481374371,1481374378,7
1,1481374374,1481374381,7
4,1481374378,1481374401,23
1,1481374385,1481374388,3
1,1481374393,1481374396,3
4,1481374401,1481374405,4
4,1481374406,1481374408,2
10,1481374406,1481374407,1
4,1481374408,1481374426,18
10,1481374409,1481374410,1
1,1481374416,1481374433,17
4,1481374429,1481374433,4
4,1481374434,1481374438,4
4,1481374438,1481374442,4
1,1481374438,1481374442,4
4,1481374445,1481374456,11
1,1481374445,1481374489,44
4,1481374470,1481374475,5
1,1481374494,1481374519,25
4,1481374499,1481374516,17
4,1481374520,1481374524,4
1,1481374523,1481374526,3
4,1481374524,1481374535,11
1,1481374529,1481374537,8
4,1481374539,1481374558,19
1,1481374540,1481374593,53
4,1481374566,1481374568,2
4,1481374575,1481374582,7
4,1481374582,1481374584,2
4,1481374587,1481374618,31
1,1481374598,1481374606,8
1,1481374610,1481374625,15
4,1481374626,1481374644,18
1,1481374636,1481374645,9
4,1481374647,1481374649,2
4,1481374650,1481374654,4
1,1481374659,1481374663,4
4,1481374663,1481374666,3
4,1481374666,1481374668,2
1,1481374669,1481374674,5
4,1481374671,1481374675,4
4,1481374677,1481374716,39
1,1481374681,1481374683,2
1,1481374701,1481374712,11
1,1481374715,1481374724,9
4,1481374716,1481374778,62
1,1481374727,1481374733,6
1,1481374736,1481374769,33
1,1481374777,1481374779,2
4,1481374778,1481374814,36
1,1481374796,1481374798,2
1,1481374808,1481374817,9
4,1481374814,1481374859,45
1,1481374820,1481374828,8
1,1481374853,1481374856,3
4,1481374859,1481374954,95
1,1481374859,1481374869,10
1,1481374878,1481374880,2
1,1481374883,1481374885,2
1,1481374900,1481374901,1
1,1481374934,1481374939,5
1,1481374948,1481374951,3
4,1481374954,1481374973,19
1,1481374957,1481374961,4
1,1481374966,1481375027,61
4,1481374974,1481374981,7
4,1481374983,1481374989,6
4,1481375009,1481375013,4
4,1481375015,1481375017,2
4,1481375020,1481375022,2
4,1481375023,1481375027,4
4,1481375031,1481375100,69
1,1481375068,1481375071,3
1,1481375074,1481375133,59
4,1481375105,1481375109,4
10,1481375109,1481375110,1
4,1481375110,1481375123,13
4,1481375125,1481375132,7
4,1481375135,1481375228,93
1,1481375140,1481375155,15
1,1481375158,1481375163,5
1,1481375171,1481375181,10
1,1481375186,1481375225,39
4,1481375228,1481375230,2
4,1481375230,1481375235,5
4,1481375237,1481375242,5
1,1481375241,1481375256,15
4,1481375242,1481375297,55
1,1481375266,1481375271,5
1,1481375276,1481375293,17
1,1481375296,1481375327,31
4,1481375297,1481375341,44
4,1481375341,1481375353,12
1,1481375342,1481375358,16
4,1481375353,1481375838,485
1,1481375660,1481375678,18
1,1481375682,1481375698,16
1,1481375771,1481375779,8
14,1481375776,1481379381,3605
1,1481375794,1481375824,30
5,1481375824,1481375834,10
1,1481375835,1481375837,2
4,1481375838,1481375850,12
1,1481375842,1481375867,25
4,1481375852,1481375877,25
1,1481375871,1481375887,16
4,1481375877,1481375880,3
4,1481375888,1481375890,2
4,1481375890,1481375892,2
4,1481375892,1481375895,3
4,1481375896,1481375900,4
4,1481375900,1481375919,19
1,1481375901,1481375902,1
1,1481375909,1481375911,2
1,1481375916,1481375917,1
4,1481375919,1481375922,3
4,1481375922,1481375927,5
4,1481375927,1481375929,2
4,1481375930,1481375933,3
4,1481375937,1481375940,3
4,1481375940,1481375946,6
4,1481375947,1481375961,14
1,1481375948,1481375950,2
1,1481375954,1481375960,6
4,1481375963,1481375968,5
1,1481375966,1481375972,6
4,1481375968,1481376002,34
1,1481375976,1481375987,11
1,1481375996,1481375999,3
4,1481376002,1481376004,2
1,1481376002,1481376004,2
4,1481376005,1481376007,2
4,1481376007,1481376011,4
1,1481376008,1481376010,2
4,1481376012,1481376014,2
4,1481376014,1481376016,2
4,1481376017,1481376030,13
1,1481376019,1481376042,23
1,1481376045,1481376057,12
4,1481376058,1481376060,2
10,1481376059,1481376060,1
10,1481376060,1481376065,5
4,1481376064,1481376067,3
4,1481376068,1481376081,13
1,1481376073,1481376083,10
4,1481376087,1481376092,5
1,1481376088,1481376090,2
4,1481376092,1481376095,3
10,1481376093,1481376095,2
4,1481376095,1481376099,4
4,1481376099,1481376107,8
1,1481376103,1481376106,3
4,1481376107,1481376110,3
10,1481376109,1481376110,1
4,1481376112,1481376119,7
1,1481376113,1481376122,9
4,1481376120,1481376123,3
4,1481376125,1481376131,6
1,1481376128,1481376131,3
1,1481376135,1481376157,22
14,1481376156,1481379769,3613
1,1481376173,1481376227,54
4,1481376202,1481376208,6
4,1481376220,1481376225,5
4,1481376225,1481376228,3
10,1481376225,1481376227,2
1,1481376236,1481376259,23
4,1481376239,1481376243,4
4,1481376243,1481376248,5
4,1481376249,1481376254,5
4,1481376255,1481376260,5
4,1481376260,1481376263,3
10,1481376262,1481376263,1
4,1481376263,1481376265,2
4,1481376267,1481376320,53
1,1481376268,1481376283,15
14,1481376277,1481379890,3613
1,1481376291,1481376302,11
1,1481376313,1481376322,9
4,1481376321,1481376323,2
4,1481376324,1481376326,2
4,1481376326,1481376328,2
1,1481376332,1481376347,15
4,1481376340,1481376357,17
4,1481376357,1481376362,5
10,1481376358,1481376359,1
4,1481376362,1481376366,4
4,1481376366,1481376385,19
1,1481376369,1481376374,5
1,1481376382,1481376384,2
4,1481376385,1481376389,4
4,1481376391,1481376394,3
4,1481376395,1481376397,2
4,1481376397,1481376400,3
1,1481376401,1481376404,3
4,1481376405,1481376407,2
4,1481376408,1481376412,4
4,1481376413,1481376419,6
1,1481376414,1481376424,10
4,1481376419,1481376423,4
4,1481376423,1481376429,6
1,1481376427,1481376455,28
4,1481376431,1481376440,9
4,1481376441,1481376444,3
4,1481376445,1481376448,3
1,1481376459,1481376462,3
4,1481376463,1481376470,7
1,1481376466,1481376546,80
4,1481376482,1481376484,2
4,1481376485,1481376488,3
4,1481376489,1481376494,5
4,1481376495,1481376497,2
4,1481376498,1481376511,13
4,1481376511,1481376514,3
4,1481376514,1481376518,4
4,1481376518,1481376522,4
4,1481376526,1481376529,3
4,1481376536,1481376539,3
4,1481376540,1481376544,4
1,1481376550,1481376557,7
1,1481376564,1481376578,14
4,1481376575,1481376579,4
4,1481376579,1481376581,2
4,1481376581,1481376584,3
1,1481376583,1481376587,4
10,1481376585,1481376587,2
1,1481376592,1481376593,1
1,1481376596,1481376600,4
1,1481376608,1481376644,36
4,1481376616,1481376620,4
4,1481376620,1481376623,3
10,1481376621,1481376622,1
14,1481376642,1481380257,3615
1,1481376648,1481376652,4
1,1481376658,1481376669,11
4,1481376673,1481376675,2
4,1481376675,1481376679,4
1,1481376675,1481376680,5
1,1481376696,1481376697,1
4,1481376698,1481376700,2
1,1481376702,1481376707,5
4,1481376706,1481376727,21
1,1481376711,1481376729,18
4,1481376730,1481376733,3
1,1481376733,1481376742,9
4,1481376741,1481376744,3
1,1481376747,1481376766,19
14,1481376764,1481380377,3613
1,1481376778,1481376785,7
1,1481376800,1481376807,7
4,1481376808,1481376811,3
4,1481376811,1481376813,2
4,1481376813,1481376815,2
4,1481376816,1481376824,8
1,1481376818,1481376826,8
4,1481376824,1481376827,3
4,1481376827,1481376838,11
1,1481376830,1481376842,12
4,1481376843,1481376850,7
1,1481376846,1481376849,3
4,1481376850,1481376944,94
1,1481376863,1481376867,4
1,1481376886,1481376898,12
14,1481376895,1481380509,3614
1,1481376910,1481376949,39
4,1481376950,1481376955,5
1,1481376952,1481376972,20
4,1481376956,1481376961,5
4,1481376964,1481376968,4
4,1481376968,1481376975,7
4,1481376975,1481376983,8
1,1481376976,1481376983,7
4,1481376984,1481377002,18
1,1481376988,1481377001,13
4,1481377002,1481377011,9
1,1481377005,1481377048,43
4,1481377011,1481377020,9
4,1481377020,1481377024,4
4,1481377025,1481377029,4
4,1481377031,1481377045,14
4,1481377049,1481377130,81
1,1481377052,1481377079,27
14,1481377079,1481380693,3614
1,1481377108,1481377129,21
4,1481377131,1481377193,62
1,1481377133,1481377135,2
1,1481377142,1481377169,27
1,1481377175,1481377183,8
4,1481377193,1481377202,9
1,1481377196,1481377216,20
4,1481377205,1481377209,4
4,1481377216,1481377290,74
1,1481377220,1481377242,22
14,1481377240,1481380855,3615
1,1481377249,1481377267,18
1,1481377275,1481377277,2
1,1481377280,1481377310,30
4,1481377291,1481377299,8
10,1481377291,1481377293,2
14,1481377309,1481380921,3612
1,1481377334,1481377345,11
1,1481377349,1481377362,13
1,1481377365,1481377378,13
1,1481377387,1481377406,19
1,1481377414,1481377415,1
1,1481377421,1481377422,1
1,1481377426,1481377429,3
1,1481377436,1481377438,2
1,1481377456,1481377463,7
1,1481377466,1481377497,31
1,1481377504,1481377506,2
1,1481377514,1481377523,9
1,1481378300,1481378310,10
14,1481378310,1481381961,3651
1,1481378336,1481378349,13
1,1481378371,1481378383,12
1,1481378461,1481378474,13
1,1481378507,1481378509,2
14,1481378508,1481382114,3606
1,1481378516,1481378525,9
1,1481378530,1481378531,1
1,1481378581,1481378584,3
14,1481378584,1481382187,3603
1,1481378588,1481378601,13
1,1481378622,1481378625,3
14,1481378624,1481382228,3604
1,1481378629,1481378633,4
14,1481378632,1481382237,3605
1,1481378638,1481378650,12
1,1481378664,1481378688,24
14,1481378666,1481382270,3604
1,1481378761,1481378763,2
14,1481378763,1481382367,3604
1,1481378768,1481378769,1
1,1481378773,1481378775,2
1,1481378785,1481378788,3
14,1481378786,1481382390,3604
1,1481378791,1481378795,4
1,1481378814,1481378816,2
14,1481378815,1481382419,3604
1,1481378819,1481378822,3
1,1481378829,1481378835,6
1,1481378899,1481378914,15
1,1481378953,1481378982,29
1,1481379074,1481379076,2
14,1481379076,1481382681,3605
1,1481379081,1481379095,14
1,1481379102,1481379150,48
1,1481379156,1481379157,1
1,1481379208,1481379215,7
1,1481379308,1481379316,8
14,1481379315,1481382919,3604
1,1481379319,1481379323,4
1,1481379332,1481379334,2
1,1481379342,1481379352,10
14,1481379351,1481382983,3632
11,1481379353,1481379363,10
4,1481379356,1481379359,3
1,1481379358,1481379360,2
4,1481379359,1481379362,3
11,1481379363,1481379383,20
1,1481379363,1481379370,7
4,1481379364,1481379383,19
1,1481379374,1481379384,10
5,1481379381,1481379383,2
1,1481379409,1481379413,4
14,1481379411,1481383016,3605
1,1481379417,1481379420,3
1,1481379423,1481379434,11
1,1481379485,1481379490,5
1,1481379494,1481379501,7
1,1481379560,1481379562,2
14,1481379562,1481383166,3604
1,1481379565,1481379577,12
1,1481379591,1481379593,2
14,1481379592,1481383196,3604
1,1481379605,1481379608,3
14,1481379606,1481383210,3604
1,1481379611,1481379622,11
1,1481379659,1481379671,12
14,1481379660,1481383265,3605
14,1481379670,1481383275,3605
1,1481379676,1481379680,4
1,1481379688,1481379692,4
1,1481379699,1481379704,5
1,1481379731,1481379733,2
14,1481379732,1481383336,3604
1,1481379737,1481379746,9
1,1481379760,1481379761,1
1,1481379811,1481379815,4
14,1481379813,1481383417,3604
1,1481379818,1481379823,5
1,1481379844,1481379846,2
14,1481379845,1481383449,3604
1,1481379850,1481379851,1
1,1481379871,1481379875,4
14,1481379874,1481383478,3604
1,1481379880,1481379882,2
1,1481380196,1481380199,3
14,1481380197,1481383802,3605
1,1481380202,1481380221,19
1,1481380226,1481380227,1
1,1481381084,1481381087,3
14,1481381085,1481384690,3605
1,1481381091,1481381093,2
1,1481381103,1481381106,3
1,1481381449,1481381452,3
1,1481381519,1481381526,7
14,1481381520,1481385125,3605
1,1481381541,1481381556,15
1,1481381772,1481381779,7
1,1481381790,1481381798,8
4,1481381800,1481381805,5
10,1481381804,1481381805,1
4,1481381805,1481381807,2
4,1481381809,1481381813,4
10,1481381809,1481381813,4
4,1481381813,1481381816,3
4,1481381816,1481382050,234
1,1481381818,1481381820,2
1,1481381826,1481381827,1
1,1481381935,1481381937,2
1,1481381944,1481381951,7
1,1481382036,1481382047,11
1,1481382055,1481382072,17
4,1481382066,1481382073,7
4,1481382073,1481382081,8
1,1481382077,1481382081,4
4,1481382081,1481382085,4
10,1481382082,1481382085,3
4,1481382085,1481382087,2
10,1481382085,1481382087,2
4,1481382087,1481382089,2
4,1481382090,1481382093,3
4,1481382094,1481382103,9
1,1481382096,1481382118,22
4,1481382106,1481382114,8
4,1481382119,1481382121,2
10,1481382121,1481382123,2
4,1481382123,1481382128,5
10,1481382124,1481382125,1
10,1481382125,1481382128,3
4,1481382128,1481382131,3
4,1481382131,1481382133,2
1,1481382132,1481382138,6
4,1481382133,1481382138,5
4,1481382138,1481382143,5
10,1481382139,1481382140,1
1,1481382141,1481382143,2
4,1481382144,1481382147,3
10,1481382145,1481382146,1
4,1481382148,1481382150,2
4,1481382150,1481382152,2
4,1481382152,1481382155,3
4,1481382155,1481382157,2
4,1481382157,1481382160,3
4,1481382160,1481382162,2
4,1481382162,1481382164,2
4,1481382165,1481382168,3
4,1481382168,1481382170,2
4,1481382171,1481382174,3
4,1481382174,1481382176,2
4,1481382177,1481382179,2
4,1481382179,1481382182,3
1,1481382182,1481382191,9
4,1481382182,1481382192,10
4,1481382192,1481382194,2
4,1481382194,1481382196,2
1,1481382197,1481382206,9
14,1481382203,1481385968,3765
11,1481382218,1481382228,10
4,1481382221,1481382223,2
1,1481382222,1481382286,64
4,1481382223,1481382228,5
11,1481382228,1481382368,140
7,1481382230,1481382232,2
4,1481382272,1481382277,5
4,1481382279,1481382283,4
4,1481382283,1481382299,16
1,1481382290,1481382294,4
10,1481382296,1481382298,2
4,1481382299,1481382301,2
10,1481382300,1481382301,1
10,1481382301,1481382303,2
4,1481382303,1481382305,2
4,1481382305,1481382311,6
4,1481382311,1481382314,3
4,1481382314,1481382318,4
4,1481382321,1481382334,13
1,1481382325,1481382333,8
4,1481382335,1481382345,10
1,1481382339,1481382344,5
4,1481382346,1481382348,2
4,1481382348,1481382351,3
4,1481382351,1481382356,5
4,1481382356,1481382359,3
4,1481382359,1481382363,4
1,1481382364,1481382383,19
5,1481382366,1481382368,2
4,1481382368,1481382420,52
14,1481382383,1481385993,3610
1,1481382412,1481382416,4
14,1481382416,1481386192,3776
11,1481382418,1481382426,8
4,1481382420,1481382422,2
4,1481382422,1481382424,2
11,1481382426,1481382592,166
4,1481382427,1481382448,21
1,1481382427,1481382445,18
4,1481382448,1481382450,2
4,1481382450,1481382465,15
4,1481382465,1481382473,8
1,1481382467,1481382484,17
4,1481382475,1481382478,3
4,1481382478,1481382482,4
4,1481382483,1481382486,3
4,1481382486,1481382488,2
4,1481382489,1481382491,2
1,1481382493,1481382503,10
4,1481382500,1481382504,4
4,1481382504,1481382509,5
1,1481382507,1481382522,15
4,1481382509,1481382513,4
4,1481382514,1481382516,2
4,1481382516,1481382520,4
4,1481382521,1481382523,2
4,1481382523,1481382526,3
4,1481382527,1481382581,54
1,1481382575,1481382581,6
4,1481382581,1481382584,3
4,1481382584,1481382592,8
1,1481382585,1481382599,14
5,1481382590,1481382592,2
14,1481382597,1481386209,3612
1,1481382610,1481382615,5
4,1481382616,1481382618,2
4,1481382619,1481382647,28
1,1481382647,1481382648,1
1,1481382698,1481382706,8
14,1481382705,1481386316,3611
1,1481382713,1481382722,9
14,1481382722,1481386382,3660
11,1481382725,1481382732,7
4,1481382726,1481382728,2
4,1481382729,1481382732,3
11,1481382732,1481382782,50
1,1481382732,1481382737,5
1,1481382741,1481382758,17
4,1481382759,1481382761,2
4,1481382762,1481382764,2
4,1481382765,1481382771,6
4,1481382771,1481382773,2
4,1481382773,1481382782,9
1,1481382779,1481382790,11
5,1481382780,1481382782,2
14,1481382789,1481386595,3806
11,1481382798,1481382807,9
4,1481382799,1481382801,2
4,1481382802,1481382805,3
4,1481382805,1481382807,2
11,1481382807,1481382995,188
1,1481382931,1481382943,12
1,1481382960,1481382962,2
1,1481382972,1481382976,4
1,1481382988,1481383000,12
5,1481382993,1481382995,2
4,1481382995,1481383298,303
14,1481382998,1481386603,3605
1,1481383003,1481383053,50
14,1481383014,1481386619,3605
1,1481383057,1481383073,16
1,1481383094,1481383102,8
1,1481383126,1481383139,13
14,1481383127,1481386731,3604
1,1481383213,1481383215,2
14,1481383214,1481386819,3605
1,1481383219,1481383225,6
1,1481383243,1481383244,1
14,1481383244,1481386848,3604
1,1481383249,1481383265,16
1,1481383268,1481383270,2
1,1481383280,1481383296,16
4,1481383298,1481383529,231
10,1481383300,1481383307,7
1,1481383306,1481383308,2
1,1481383490,1481383550,60
4,1481383529,1481383667,138
1,1481383618,1481383629,11
1,1481383632,1481383641,9
1,1481383649,1481383665,16
4,1481383667,1481383669,2
4,1481383669,1481383671,2
4,1481383671,1481383674,3
4,1481383674,1481383676,2
4,1481383676,1481383680,4
4,1481383680,1481383682,2
4,1481383682,1481383736,54
1,1481383684,1481383713,29
1,1481383720,1481383735,15
4,1481383736,1481383738,2
10,1481383738,1481383743,5
4,1481383743,1481383757,14
1,1481383746,1481383765,19
4,1481383766,1481383768,2
4,1481383768,1481383770,2
4,1481383771,1481383773,2
4,1481383773,1481383782,9
1,1481383777,1481383783,6
4,1481383784,1481383787,3
1,1481383787,1481383800,13
1,1481383803,1481383818,15
4,1481383810,1481383846,36
1,1481383859,1481383861,2
4,1481383864,1481383880,16
1,1481383864,1481383865,1
1,1481383875,1481383877,2
1,1481383891,1481383893,2
4,1481383896,1481383911,15
1,1481383905,1481383908,3
1,1481383923,1481383924,1
4,1481383927,1481383941,14
1,1481383942,1481383947,5
1,1481383971,1481383973,2
4,1481383973,1481383984,11
1,1481383983,1481383985,2
1,1481383991,1481383993,2
4,1481383992,1481384012,20
1,1481384010,1481384013,3
1,1481384020,1481384022,2
4,1481384021,1481384028,7
1,1481384027,1481384039,12
4,1481384031,1481384040,9
4,1481384040,1481384052,12
1,1481384042,1481384048,6
4,1481384055,1481384061,6
1,1481384056,1481384066,10
1,1481384070,1481384075,5
4,1481384076,1481384078,2
1,1481384079,1481384080,1
1,1481384097,1481384109,12
14,1481384108,1481387720,3612
1,1481384118,1481384125,7
14,1481384122,1481387818,3696
11,1481384124,1481384131,7
4,1481384126,1481384128,2
4,1481384128,1481384130,2
1,1481384130,1481384140,10
11,1481384131,1481384217,86
4,1481384132,1481384218,86
1,1481384149,1481384155,6
1,1481384213,1481384222,9
5,1481384216,1481384217,1
14,1481384222,1481387829,3607
1,1481384228,1481384248,20
1,1481384254,1481384265,11
1,1481384289,1481384292,3
14,1481384290,1481387894,3604
1,1481384296,1481384309,13
1,1481384318,1481384321,3
1,1481384340,1481384347,7
1,1481384411,1481384420,9
1,1481384472,1481384484,12
1,1481384492,1481384498,6
1,1481384502,1481384504,2
1,1481384513,1481384568,55
14,1481384514,1481388119,3605
1,1481384577,1481384612,35
4,1481384610,1481384613,3
4,1481384613,1481384615,2
4,1481384616,1481384618,2
4,1481384618,1481384620,2
4,1481384620,1481384623,3
1,1481384622,1481384638,16
10,1481384624,1481384626,2
4,1481384628,1481384632,4
4,1481384635,1481384638,3
4,1481384638,1481384640,2
4,1481384641,1481384643,2
4,1481384644,1481384646,2
4,1481384647,1481384650,3
1,1481384651,1481384653,2
4,1481384653,1481384657,4
1,1481384656,1481384662,6
14,1481384661,1481388274,3613
1,1481384673,1481384686,13
4,1481384687,1481384689,2
4,1481384689,1481384691,2
4,1481384692,1481384694,2
4,1481384694,1481384698,4
10,1481384695,1481384696,1
1,1481384699,1481384703,4
4,1481384703,1481384705,2
4,1481384706,1481384710,4
1,1481384708,1481384709,1
4,1481384711,1481384714,3
4,1481384714,1481384717,3
4,1481384717,1481384719,2
4,1481384720,1481384725,5
4,1481384725,1481384728,3
4,1481384728,1481384731,3
4,1481384731,1481384736,5
1,1481384733,1481384735,2
4,1481384736,1481384738,2
4,1481384738,1481384740,2
10,1481384739,1481384740,1
4,1481384740,1481384748,8
1,1481384744,1481384748,4
4,1481384749,1481384752,3
4,1481384752,1481384754,2
4,1481384755,1481384758,3
10,1481384756,1481384758,2
10,1481384758,1481384759,1
4,1481384759,1481384764,5
10,1481384760,1481384762,2
4,1481384764,1481384766,2
4,1481384767,1481384769,2
4,1481384769,1481384772,3
10,1481384773,1481384778,5
4,1481384778,1481384782,4
4,1481384782,1481384785,3
4,1481384785,1481384788,3
4,1481384788,1481384791,3
4,1481384791,1481384797,6
1,1481384797,1481384798,1
4,1481384797,1481384799,2
4,1481384799,1481384801,2
4,1481384801,1481385119,318
1,1481384806,1481384814,8
14,1481384813,1481388430,3617
1,1481384823,1481384828,5
1,1481384831,1481384836,5
14,1481384835,1481388440,3605
1,1481384841,1481384847,6
1,1481384852,1481384862,10
14,1481384861,1481388465,3604
1,1481384872,1481384875,3
1,1481384879,1481384909,30
1,1481385109,1481385118,9
4,1481385119,1481385210,91
1,1481385122,1481385125,3
1,1481385131,1481385132,1
1,1481385141,1481385182,41
1,1481385190,1481385213,23
4,1481385214,1481385219,5
10,1481385216,1481385217,1
4,1481385219,1481385223,4
1,1481385220,1481385233,13
4,1481385223,1481385227,4
4,1481385227,1481385231,4
10,1481385228,1481385229,1
4,1481385231,1481385234,3
4,1481385234,1481385236,2
10,1481385237,1481385240,3
1,1481385238,1481385255,17
4,1481385242,1481385244,2
4,1481385244,1481385254,10
10,1481385245,1481385251,6
4,1481385254,1481385256,2
4,1481385256,1481385258,2
4,1481385258,1481385267,9
10,1481385258,1481385266,8
1,1481385259,1481385266,7
4,1481385267,1481385269,2
4,1481385269,1481385271,2
4,1481385271,1481385277,6
1,1481385273,1481385283,10
4,1481385277,1481385279,2
4,1481385279,1481385320,41
1,1481385288,1481385307,19
1,1481385314,1481385319,5
4,1481385320,1481385322,2
4,1481385323,1481385325,2
4,1481385325,1481385329,4
4,1481385329,1481385331,2
4,1481385331,1481385333,2
4,1481385333,1481385339,6
4,1481385340,1481385344,4
10,1481385341,1481385342,1
4,1481385344,1481385346,2
4,1481385346,1481385357,11
1,1481385349,1481385376,27
4,1481385357,1481385367,10
4,1481385367,1481385370,3
4,1481385370,1481385374,4
4,1481385374,1481385411,37
1,1481385380,1481385383,3
1,1481385387,1481385403,16
1,1481385408,1481385410,2
4,1481385411,1481385414,3
4,1481385414,1481385417,3
1,1481385415,1481385417,2
10,1481385418,1481385425,7
1,1481385425,1481385430,5
1,1481385434,1481385451,17
4,1481385442,1481385452,10
4,1481385452,1481385455,3
4,1481385455,1481385459,4
4,1481385459,1481385464,5
1,1481385461,1481385479,18
4,1481385468,1481385474,6
4,1481385477,1481385479,2
4,1481385480,1481385692,212
1,1481385483,1481385507,24
14,1481385504,1481389147,3643
1,1481385515,1481385517,2
1,1481385529,1481385541,12
1,1481385548,1481385554,6
1,1481385559,1481385565,6
1,1481385655,1481385666,11
1,1481385672,1481385681,9
1,1481385688,1481385692,4
4,1481385693,1481385699,6
4,1481385700,1481385702,2
10,1481385700,1481385702,2
4,1481385702,1481385705,3
4,1481385705,1481385708,3
10,1481385707,1481385708,1
4,1481385708,1481385711,3
10,1481385709,1481385711,2
4,1481385711,1481385713,2
4,1481385713,1481385716,3
4,1481385719,1481385723,4
4,1481385723,1481385726,3
4,1481385726,1481385741,15
1,1481385727,1481385741,14
4,1481385742,1481385745,3
4,1481385746,1481385752,6
1,1481385748,1481385768,20
4,1481385765,1481385768,3
1,1481385771,1481385776,5
14,1481385776,1481389416,3640
1,1481385806,1481385810,4
1,1481385817,1481385833,16
1,1481385837,1481385842,5
1,1481385847,1481385853,6
1,1481385879,1481385883,4
1,1481385921,1481385928,7
1,1481385934,1481385953,19
14,1481385952,1481389760,3808
11,1481385956,1481385962,6
4,1481385958,1481385960,2
4,1481385960,1481385963,3
11,1481385962,1481385979,17
1,1481385965,1481386002,37
4,1481385974,1481385979,5
11,1481385979,1481386031,52
1,1481386006,1481386012,6
1,1481386016,1481386019,3
1,1481386029,1481386042,13
11,1481386031,1481386037,6
11,1481386037,1481386039,2
11,1481386039,1481386101,62
1,1481386050,1481386075,25
1,1481386098,1481386136,38
11,1481386102,1481386104,2
11,1481386105,1481386109,4
11,1481386109,1481386112,3
11,1481386113,1481386115,2
11,1481386115,1481386124,9
11,1481386124,1481386128,4
11,1481386128,1481386148,20
1,1481386145,1481386165,20
11,1481386149,1481386158,9
11,1481386158,1481386161,3
4,1481386158,1481386161,3
5,1481386160,1481386161,1
14,1481386165,1481389769,3604
1,1481386187,1481386234,47
4,1481386228,1481386235,7
4,1481386235,1481386237,2
10,1481386236,1481386237,1
4,1481386237,1481386240,3
4,1481386240,1481386243,3
4,1481386243,1481386246,3
4,1481386246,1481386255,9
1,1481386249,1481386251,2
4,1481386255,1481386259,4
4,1481386259,1481386263,4
4,1481386263,1481386267,4
4,1481386267,1481386284,17
1,1481386269,1481386272,3
1,1481386276,1481386290,14
4,1481386294,1481386296,2
4,1481386296,1481386301,5
4,1481386301,1481386308,7
10,1481386302,1481386303,1
1,1481386307,1481386316,9
4,1481386308,1481386373,65
14,1481386315,1481389941,3626
1,1481386343,1481386348,5
1,1481386363,1481386371,8
4,1481386373,1481386376,3
4,1481386376,1481386379,3
10,1481386378,1481386379,1
4,1481386379,1481386382,3
1,1481386383,1481386386,3
4,1481386386,1481386388,2
10,1481386389,1481386391,2
4,1481386391,1481386393,2
4,1481386394,1481386397,3
4,1481386397,1481386401,4
10,1481386399,1481386401,2
4,1481386401,1481386403,2
4,1481386403,1481386417,14
1,1481386404,1481386407,3
1,1481386412,1481386419,7
4,1481386417,1481386420,3
4,1481386420,1481386425,5
10,1481386420,1481386425,5
4,1481386426,1481386429,3
4,1481386429,1481386432,3
10,1481386429,1481386432,3
4,1481386432,1481386441,9
1,1481386434,1481386447,13
4,1481386444,1481386447,3
4,1481386451,1481386454,3
1,1481386451,1481386459,8
4,1481386460,1481386464,4
10,1481386462,1481386464,2
4,1481386464,1481386478,14
1,1481386472,1481386477,5
4,1481386479,1481386482,3
4,1481386482,1481386487,5
1,1481386484,1481386496,12
4,1481386493,1481386545,52
14,1481386496,1481390128,3632
1,1481386530,1481386550,20
4,1481386551,1481386556,5
1,1481386553,1481386582,29
4,1481386556,1481386559,3
4,1481386559,1481386561,2
4,1481386562,1481386566,4
10,1481386563,1481386564,1
4,1481386572,1481386576,4
4,1481386576,1481386580,4
4,1481386582,1481386589,7
1,1481386587,1481386588,1
4,1481386590,1481386632,42
1,1481386594,1481386598,4
14,1481386598,1481390221,3623
1,1481386623,1481386649,26
4,1481386632,1481386636,4
4,1481386636,1481386641,5
10,1481386637,1481386638,1
1,1481386653,1481386658,5
14,1481386656,1481390292,3636
1,1481386691,1481386699,8
4,1481386700,1481386737,37
10,1481386701,1481386705,4
1,1481386704,1481386711,7
1,1481386715,1481386717,2
1,1481386729,1481386740,11
4,1481386741,1481386743,2
4,1481386743,1481386748,5
1,1481386744,1481386750,6
4,1481386751,1481386755,4
1,1481386753,1481386768,15
4,1481386757,1481386759,2
4,1481386759,1481386763,4
4,1481386769,1481386771,2
4,1481386772,1481386776,4
1,1481386773,1481386778,5
4,1481386776,1481386779,3
4,1481386779,1481386782,3
4,1481386782,1481386792,10
1,1481386783,1481386814,31
10,1481386784,1481386786,2
4,1481386793,1481386796,3
4,1481386799,1481386803,4
4,1481386804,1481386810,6
4,1481386810,1481386819,9
1,1481386818,1481386820,2
4,1481386821,1481386824,3
4,1481386824,1481386827,3
1,1481386825,1481386826,1
4,1481386827,1481386830,3
10,1481386828,1481386830,2
4,1481386830,1481386833,3
1,1481386831,1481386832,1
4,1481386833,1481386837,4
1,1481386835,1481386836,1
4,1481386837,1481386937,100
1,1481386843,1481386854,11
1,1481386857,1481386862,5
1,1481386867,1481386868,1
1,1481386871,1481386879,8
1,1481386882,1481386886,4
14,1481386886,1481390509,3623
1,1481386921,1481386928,7
1,1481386932,1481386934,2
1,1481386938,1481386959,21
4,1481386941,1481386949,8
10,1481386942,1481386944,2
4,1481386953,1481386960,7
4,1481386960,1481386970,10
1,1481386964,1481386969,5
4,1481386971,1481386976,5
1,1481386973,1481386980,7
4,1481386979,1481386981,2
4,1481386981,1481386984,3
4,1481386984,1481386986,2
4,1481386987,1481386989,2
4,1481386989,1481386998,9
4,1481386998,1481387000,2
4,1481387000,1481387002,2
4,1481387003,1481387010,7
1,1481387006,1481387011,5
4,1481387010,1481387019,9
1,1481387016,1481387018,2
4,1481387019,1481387021,2
10,1481387020,1481387021,1
4,1481387022,1481387025,3
1,1481387022,1481387027,5
4,1481387028,1481387030,2
4,1481387030,1481387040,10
1,1481387035,1481387037,2
4,1481387041,1481387045,4
1,1481387042,1481387044,2
4,1481387045,1481387047,2
4,1481387047,1481387050,3
1,1481387048,1481387060,12
1,1481387064,1481387083,19
4,1481387070,1481387074,4
14,1481387083,1481390715,3632
1,1481387113,1481387144,31
4,1481387133,1481387137,4
4,1481387137,1481387141,4
4,1481387141,1481387145,4
4,1481387145,1481387148,3
4,1481387148,1481387153,5
1,1481387150,1481387165,15
4,1481387156,1481387160,4
4,1481387162,1481387165,3
1,1481387169,1481387173,4
14,1481387173,1481390796,3623
1,1481387198,1481387206,8
4,1481387209,1481387212,3
1,1481387209,1481387226,17
4,1481387212,1481387217,5
4,1481387223,1481387226,3
4,1481387226,1481387228,2
1,1481387229,1481387236,7
4,1481387232,1481387237,5
4,1481387237,1481392467,5230
1,1481387243,1481387250,7
1,1481387253,1481387259,6
14,1481387259,1481390893,3634
1,1481387294,1481387306,12
1,1481389076,1481389096,20
1,1481389109,1481389113,4
1,1481389116,1481389123,7
1,1481390819,1481390827,8
1,1481391041,1481391050,9
1,1481392160,1481392174,14
1,1481392240,1481392255,15
1,1481392259,1481392261,2
1,1481392402,1481392407,5
1,1481392412,1481392441,29
5,1481392441,1481392455,14
1,1481392453,1481392468,15
4,1481392470,1481392480,10
1,1481392473,1481392475,2
4,1481392480,1481392485,5
1,1481392482,1481392485,3
4,1481392485,1481392487,2
4,1481392487,1481392489,2
4,1481392489,1481392493,4
4,1481392493,1481392495,2
4,1481392495,1481392501,6
4,1481392501,1481392503,2
4,1481392503,1481392505,2
4,1481392505,1481392508,3
1,1481392513,1481392541,28
4,1481392525,1481392539,14
4,1481392539,1481392541,2
4,1481392542,1481392544,2
4,1481392545,1481392547,2
4,1481392547,1481392549,2
4,1481392549,1481392552,3
4,1481392552,1481392554,2
4,1481392554,1481392558,4
4,1481392558,1481392560,2
4,1481392561,1481392563,2
4,1481392563,1481392565,2
4,1481392565,1481392568,3
4,1481392568,1481392571,3
4,1481392571,1481392596,25
4,1481392597,1481392622,25
1,1481392618,1481392635,17
4,1481392623,1481392626,3
1,1481392642,1481392691,49
4,1481392646,1481392654,8
4,1481392655,1481392659,4
4,1481392662,1481392667,5
4,1481392671,1481392674,3
4,1481392676,1481392692,16
4,1481392692,1481392696,4
1,1481392694,1481392695,1
4,1481392697,1481392715,18
1,1481392711,1481392714,3
1,1481392723,1481392725,2
4,1481392725,1481392728,3
4,1481392728,1481392730,2
4,1481392731,1481392734,3
10,1481392733,1481392734,1
4,1481392735,1481392737,2
4,1481392738,1481392742,4
10,1481392743,1481392744,1
4,1481392744,1481392751,7
10,1481392746,1481392751,5
4,1481392752,1481392754,2
4,1481392754,1481392757,3
4,1481392759,1481392761,2
4,1481392761,1481392767,6
10,1481392763,1481392767,4
4,1481392769,1481392771,2
4,1481392771,1481392776,5
10,1481392773,1481392774,1
1,1481392777,1481392782,5
1,1481392786,1481392788,2
4,1481392851,1481392853,2
4,1481392853,1481392855,2
4,1481392855,1481392858,3
4,1481392858,1481392860,2
4,1481392861,1481392882,21
1,1481392865,1481392869,4
1,1481392876,1481392881,5
4,1481392882,1481392888,6
1,1481392886,1481392887,1
4,1481392888,1481392924,36
1,1481392892,1481392903,11
14,1481392899,1481396970,4071
11,1481392923,1481393091,168
4,1481392924,1481392926,2
4,1481392927,1481392929,2
4,1481392929,1481392932,3
4,1481392932,1481392934,2
4,1481392935,1481392937,2
4,1481392937,1481392946,9
4,1481392947,1481392949,2
4,1481392949,1481392952,3
4,1481392952,1481392954,2
4,1481392955,1481392957,2
4,1481392957,1481392960,3
4,1481392960,1481392962,2
4,1481392962,1481392965,3
4,1481392965,1481392968,3
4,1481392968,1481392984,16
4,1481393006,1481393011,5
4,1481393025,1481393028,3
4,1481393028,1481393035,7
4,1481393038,1481393041,3
4,1481393041,1481393043,2
4,1481393045,1481393051,6
4,1481393051,1481393053,2
4,1481393054,1481393061,7
4,1481393061,1481393067,6
4,1481393067,1481393069,2
4,1481393070,1481393072,2
4,1481393073,1481393075,2
4,1481393076,1481393078,2
4,1481393078,1481393081,3
4,1481393081,1481393083,2
4,1481393083,1481393085,2
4,1481393085,1481393087,2
11,1481393091,1481393370,279
4,1481393092,1481393279,187
1,1481393273,1481393285,12
1,1481393289,1481393297,8
1,1481393303,1481393322,19
4,1481393323,1481393326,3
4,1481393326,1481393330,4
4,1481393333,1481393336,3
4,1481393336,1481393345,9
1,1481393339,1481393343,4
4,1481393345,1481393351,6
1,1481393348,1481393350,2
4,1481393351,1481393355,4
4,1481393355,1481393370,15
1,1481393356,1481393389,33
5,1481393367,1481393370,3
4,1481393379,1481393383,4
4,1481393383,1481393387,4
10,1481393384,1481393386,2
4,1481393387,1481393627,240
10,1481393387,1481393389,2
1,1481393622,1481393639,17
4,1481393631,1481393636,5
4,1481393636,1481393640,4
1,1481393642,1481393647,5
4,1481393645,1481393648,3
4,1481393648,1481393651,3
4,1481393651,1481393656,5
1,1481393654,1481393655,1
4,1481393656,1481393818,162
10,1481393657,1481393659,2
1,1481393658,1481393659,1
1,1481393664,1481393669,5
14,1481393669,1481397371,3702
1,1481393736,1481393738,2
1,1481393754,1481393765,11
1,1481393768,1481393772,4
1,1481393811,1481393820,9
4,1481393820,1481393823,3
4,1481393823,1481393825,2
4,1481393825,1481393833,8
1,1481393829,1481393839,10
4,1481393833,1481393837,4
4,1481393837,1481393840,3
10,1481393838,1481393839,1
4,1481393840,1481393842,2
4,1481393842,1481393854,12
10,1481393843,1481393848,5
1,1481393843,1481393855,12
4,1481393854,1481393857,3
4,1481393857,1481393862,5
10,1481393859,1481393860,1
4,1481393862,1481393919,57
10,1481393863,1481393865,2
1,1481393865,1481393868,3
1,1481393872,1481393883,11
5,1481393883,1481393899,16
1,1481393892,1481393894,2
1,1481393899,1481393912,13
5,1481393912,1481393915,3
1,1481393916,1481393918,2
4,1481393919,1481393922,3
4,1481393923,1481393925,2
4,1481393926,1481393928,2
4,1481393928,1481393930,2
4,1481393931,1481393933,2
1,1481393935,1481393954,19
1,1481393960,1481393973,13
4,1481393971,1481393975,4
4,1481393975,1481393987,12
1,1481393978,1481393979,1
1,1481393982,1481393988,6
4,1481393989,1481393993,4
1,1481393991,1481393995,4
4,1481393996,1481393999,3
1,1481394001,1481394010,9
4,1481394009,1481394011,2
4,1481394011,1481394017,6
1,1481394014,1481394022,8
4,1481394017,1481394020,3
4,1481394022,1481394032,10
10,1481394023,1481394032,9
1,1481394044,1481394053,9
4,1481394054,1481394056,2
4,1481394057,1481394069,12
10,1481394059,1481394064,5
10,1481394065,1481394069,4
4,1481394069,1481394074,5
4,1481394074,1481394076,2
1,1481394080,1481394081,1
4,1481394083,1481394085,2
4,1481394086,1481394088,2
4,1481394088,1481394098,10
10,1481394088,1481394089,1
1,1481394090,1481394119,29
4,1481394101,1481394108,7
10,1481394103,1481394106,3
4,1481394109,1481394113,4
10,1481394109,1481394110,1
4,1481394114,1481394119,5
10,1481394115,1481394117,2
4,1481394119,1481394136,17
10,1481394121,1481394124,3
1,1481394124,1481394125,1
1,1481394130,1481394135,5
4,1481394139,1481394143,4
4,1481394143,1481394147,4
10,1481394143,1481394145,2
10,1481394146,1481394147,1
4,1481394147,1481394149,2
4,1481394150,1481394165,15
10,1481394154,1481394158,4
1,1481394158,1481394163,5
4,1481394166,1481394168,2
4,1481394168,1481394173,5
10,1481394170,1481394173,3
4,1481394173,1481394178,5
4,1481394178,1481394181,3
10,1481394180,1481394181,1
4,1481394181,1481394185,4
1,1481394184,1481394205,21
4,1481394195,1481394202,7
4,1481394202,1481396548,2346
1,1481394209,1481394213,4
1,1481394223,1481394242,19
1,1481394248,1481394252,4
1,1481396518,1481396521,3
1,1481396525,1481396540,15
1,1481396544,1481396546,2
4,1481396548,1481396551,3
4,1481396551,1481396554,3
4,1481396554,1481396558,4
4,1481396558,1481396562,4
4,1481396564,1481396567,3
1,1481396565,1481396567,2
4,1481396568,1481396570,2
4,1481396570,1481396586,16
10,1481396572,1481396573,1
1,1481396574,1481396610,36
4,1481396592,1481396597,5
10,1481396594,1481396595,1
4,1481396597,1481396601,4
4,1481396602,1481396611,9
4,1481396611,1481396624,13
1,1481396614,1481396625,11
4,1481396626,1481396629,3
4,1481396629,1481396632,3
1,1481396630,1481396631,1
4,1481396632,1481396638,6
1,1481396635,1481396645,10
4,1481396639,1481396642,3
4,1481396642,1481396648,6
4,1481396648,1481397254,606
1,1481396649,1481396654,5
14,1481396653,1481400349,3696
1,1481396711,1481396713,2
1,1481397226,1481397230,4
1,1481397234,1481397235,1
1,1481397239,1481397242,3
1,1481397251,1481397252,1
4,1481397254,1481397256,2
4,1481397257,1481397259,2
4,1481397259,1481397264,5
1,1481397260,1481397291,31
4,1481397265,1481397268,3
4,1481397269,1481397271,2
4,1481397271,1481397273,2
4,1481397274,1481397277,3
4,1481397277,1481397280,3
4,1481397280,1481397282,2
4,1481397282,1481397285,3
4,1481397285,1481397289,4
4,1481397290,1481397292,2
1,1481397295,1481397300,5
14,1481397300,1481400988,3688
1,1481397454,1481397458,4
1,1481397461,1481397518,57
4,1481397479,1481397491,12
4,1481397500,1481397532,32
1,1481397522,1481397525,3
1,1481397530,1481397533,3
4,1481397534,1481397537,3
10,1481397536,1481397537,1
4,1481397537,1481397539,2
4,1481397540,1481397543,3
4,1481397543,1481397557,14
1,1481397547,1481397552,5
10,1481397553,1481397557,4
4,1481397557,1481397572,15
1,1481397565,1481397574,9
4,1481397572,1481397575,3
4,1481397575,1481397578,3
4,1481397578,1481397582,4
1,1481397581,1481397584,3
10,1481397584,1481397585,1
4,1481397586,1481397588,2
10,1481397587,1481397588,1
4,1481397588,1481397592,4
4,1481397592,1481397602,10
1,1481397600,1481397609,9
4,1481397602,1481397607,5
4,1481397607,1481397610,3
4,1481397613,1481397641,28
1,1481397615,1481397616,1
1,1481397620,1481397665,45
4,1481397649,1481397655,6
4,1481397660,1481397664,4
4,1481397666,1481397681,15
1,1481397671,1481397713,42
4,1481397703,1481397709,6
4,1481397709,1481397713,4
4,1481397714,1481397721,7
1,1481397718,1481397720,2
4,1481397721,1481397724,3
4,1481397724,1481397882,158
1,1481397734,1481397737,3
14,1481397737,1481401431,3694
1,1481397840,1481397848,8
1,1481397876,1481397881,5
4,1481397882,1481397884,2
4,1481397884,1481397887,3
4,1481397887,1481397889,2
4,1481397890,1481397893,3
4,1481397893,1481397898,5
1,1481397896,1481397897,1
4,1481397898,1481397900,2
4,1481397900,1481397902,2
4,1481397902,1481397906,4
4,1481397906,1481397927,21
1,1481397911,1481397945,34
1,1481397955,1481397961,6
4,1481397962,1481397988,26
1,1481397974,1481397977,3
1,1481397981,1481397987,6
4,1481397988,1481397991,3
4,1481397991,1481397993,2
4,1481397993,1481397995,2
4,1481397996,1481398001,5
1,1481397999,1481398001,2
4,1481398002,1481398004,2
4,1481398004,1481398007,3
4,1481398007,1481398176,169
1,1481398016,1481398022,6
14,1481398022,1481401716,3694
1,1481398156,1481398160,4
1,1481398164,1481398175,11
4,1481398176,1481398180,4
4,1481398181,1481398184,3
4,1481398184,1481398186,2
4,1481398188,1481398205,17
1,1481398203,1481398204,1
4,1481398205,1481398208,3
4,1481398208,1481398211,3
1,1481398209,1481398211,2
4,1481398212,1481398214,2
4,1481398214,1481398216,2
1,1481398217,1481398222,5
1,1481398229,1481398231,2
4,1481398231,1481398234,3
4,1481398237,1481398239,2
4,1481398239,1481398243,4
4,1481398243,1481398245,2
4,1481398245,1481398247,2
4,1481398248,1481398252,4
4,1481398252,1481398257,5
1,1481398254,1481398289,35
4,1481398257,1481398267,10
4,1481398267,1481398278,11
4,1481398280,1481398282,2
4,1481398286,1481398289,3
4,1481398289,1481398296,7
1,1481398294,1481398305,11
4,1481398297,1481398316,19
4,1481398316,1481398351,35
1,1481398323,1481398360,37
4,1481398354,1481398368,14
1,1481398363,1481398366,3
4,1481398368,1481398373,5
1,1481398371,1481398372,1
4,1481398373,1481398380,7
4,1481398382,1481398387,5
4,1481398387,1481398391,4
1,1481398391,1481398394,3
4,1481398422,1481398429,7
1,1481398425,1481398435,10
4,1481398429,1481398438,9
4,1481398439,1481398442,3
1,1481398440,1481398442,2
4,1481398442,1481398446,4
1,1481398446,1481398454,8
4,1481398448,1481398450,2
4,1481398452,1481398454,2
1,1481398459,1481398465,6
4,1481398462,1481398466,4
4,1481398466,1481398468,2
4,1481398468,1481398470,2
4,1481398470,1481398473,3
1,1481398476,1481398480,4
4,1481398481,1481398484,3
4,1481398484,1481398486,2
4,1481398486,1481398489,3
4,1481398489,1481398500,11
1,1481398491,1481398501,10
1,1481398507,1481398521,14
4,1481398516,1481398519,3
4,1481398521,1481398526,5
4,1481398527,1481398816,289
1,1481398547,1481398556,9
14,1481398554,1481402250,3696
1,1481398582,1481398584,2
1,1481398770,1481398772,2
1,1481398776,1481398780,4
1,1481398786,1481398812,26
14,1481398812,1481402547,3735
11,1481398814,1481398901,87
4,1481398816,1481398819,3
4,1481398819,1481398821,2
4,1481398821,1481398824,3
4,1481398824,1481398826,2
4,1481398828,1481398830,2
4,1481398830,1481398832,2
4,1481398832,1481398834,2
4,1481398835,1481398837,2
4,1481398837,1481398839,2
4,1481398839,1481398841,2
4,1481398842,1481398844,2
4,1481398845,1481398847,2
4,1481398847,1481398863,16
4,1481398865,1481398872,7
4,1481398872,1481398877,5
4,1481398879,1481398881,2
4,1481398882,1481398885,3
4,1481398885,1481398887,2
4,1481398887,1481398889,2
4,1481398890,1481398892,2
4,1481398893,1481398896,3
4,1481398896,1481398926,30
11,1481398901,1481398947,46
1,1481398923,1481398933,10
1,1481398941,1481398961,20
5,1481398945,1481398947,2
4,1481398947,1481398950,3
4,1481398954,1481398959,5
1,1481398966,1481398969,3
14,1481398969,1481402663,3694
1,1481399068,1481399075,7
1,1481399079,1481399082,3
1,1481399085,1481399088,3
1,1481399093,1481399095,2
4,1481399097,1481399100,3
4,1481399100,1481399103,3
4,1481399103,1481399110,7
1,1481399104,1481399112,8
4,1481399110,1481399114,4
4,1481399116,1481399120,4
4,1481399123,1481399308,185
1,1481399125,1481399138,13
14,1481399138,1481402833,3695
1,1481399172,1481399174,2
1,1481399284,1481399285,1
1,1481399290,1481399323,33
4,1481399310,1481399315,5
4,1481399316,1481399319,3
10,1481399316,1481399317,1
4,1481399321,1481399334,13
1,1481399330,1481399333,3
4,1481399334,1481400480,1146
1,1481399338,1481399362,24
1,1481399366,1481399400,34
1,1481399447,1481399461,14
1,1481399529,1481399530,1
1,1481399554,1481399585,31
1,1481399589,1481399624,35
1,1481399636,1481399653,17
1,1481399658,1481399668,10
1,1481399765,1481399769,4
1,1481399774,1481399788,14
1,1481399803,1481399822,19
14,1481399821,1481403688,3867
1,1481399851,1481399853,2
1,1481399901,1481399903,2
1,1481399940,1481399942,2
1,1481399957,1481399963,6
1,1481400074,1481400096,22
14,1481400093,1481404052,3959
1,1481400155,1481400159,4
1,1481400274,1481400280,6
1,1481400285,1481400287,2
1,1481400329,1481400332,3
1,1481400340,1481400343,3
1,1481400457,1481400461,4
1,1481400476,1481400478,2
4,1481400480,1481400521,41
1,1481400486,1481400497,11
14,1481400497,1481404586,4089
11,1481400519,1481400604,85
4,1481400522,1481400524,2
4,1481400524,1481400526,2
4,1481400527,1481400529,2
4,1481400531,1481400533,2
4,1481400533,1481400535,2
4,1481400536,1481400538,2
4,1481400538,1481400540,2
4,1481400540,1481400542,2
4,1481400542,1481400544,2
4,1481400545,1481400547,2
4,1481400547,1481400549,2
4,1481400549,1481400551,2
4,1481400552,1481400567,15
4,1481400568,1481400573,5
4,1481400574,1481400578,4
4,1481400581,1481400584,3
4,1481400585,1481400587,2
4,1481400589,1481400591,2
4,1481400591,1481400594,3
4,1481400594,1481400600,6
11,1481400604,1481400631,27
4,1481400605,1481400632,27
1,1481400609,1481400620,11
1,1481400623,1481400637,14
11,1481400631,1481400637,6
11,1481400637,1481400640,3
1,1481400640,1481400642,2
11,1481400641,1481400642,1
11,1481400642,1481400652,10
1,1481400652,1481400656,4
11,1481400652,1481400655,3
11,1481400655,1481400656,1
11,1481400656,1481400674,18
1,1481400668,1481400675,7
4,1481400674,1481400817,143
11,1481400676,1481400703,27
1,1481400681,1481400683,2
1,1481400687,1481400690,3
1,1481400697,1481400706,9
11,1481400703,1481400704,1
11,1481400704,1481400705,1
11,1481400707,1481400720,13
1,1481400711,1481400745,34
11,1481400720,1481400722,2
11,1481400722,1481400724,2
11,1481400724,1481400731,7
11,1481400731,1481400986,255
1,1481400765,1481400779,14
1,1481400786,1481400792,6
1,1481400803,1481400830,27
1,1481400846,1481400854,8
1,1481400861,1481400913,52
1,1481400920,1481400967,47
4,1481400955,1481400959,4
4,1481400959,1481400962,3
4,1481400962,1481400968,6
4,1481400970,1481400975,5
1,1481400971,1481400992,21
10,1481400971,1481400974,3
4,1481400977,1481400981,4
4,1481400986,1481400992,6
4,1481400994,1481400999,5
10,1481400995,1481400998,3
1,1481400995,1481401003,8
4,1481401006,1481402599,1593
1,1481401033,1481401042,9
1,1481401815,1481401824,9
1,1481401828,1481401840,12
1,1481401844,1481401867,23
14,1481401867,1481405572,3705
1,1481402017,1481402020,3
1,1481402095,1481402112,17
1,1481402318,1481402324,6
1,1481402332,1481402348,16
1,1481402409,1481402414,5
1,1481402424,1481402438,14
1,1481402454,1481402460,6
1,1481402465,1481402502,37
1,1481402508,1481402518,10
1,1481402531,1481402546,15
1,1481402552,1481402558,6
1,1481402568,1481402599,31
4,1481402599,1481402602,3
4,1481402602,1481402605,3
10,1481402608,1481402610,2
4,1481402610,1481402612,2
4,1481402612,1481402615,3
1,1481402613,1481402629,16
1,1481402632,1481402641,9
4,1481402644,1481402648,4
10,1481402645,1481402646,1
4,1481402649,1481402651,2
4,1481402651,1481402654,3
4,1481402654,1481402659,5
10,1481402657,1481402659,2
1,1481402661,1481402663,2
4,1481402665,1481402667,2
4,1481402668,1481402675,7
1,1481402669,1481402679,10
4,1481402676,1481402680,4
4,1481402680,1481402683,3
4,1481402683,1481402704,21
1,1481402687,1481402704,17
4,1481402707,1481402713,6
1,1481402710,1481402713,3
4,1481402714,1481402716,2
4,1481402717,1481402722,5
1,1481402722,1481402730,8
4,1481402737,1481402740,3
10,1481402738,1481402740,2
4,1481402740,1481402742,2
4,1481402742,1481402749,7
1,1481402744,1481402746,2
1,1481402751,1481402757,6
4,1481402756,1481403774,1018
1,1481402762,1481402771,9
14,1481402769,1481406465,3696
1,1481402774,1481402781,7
1,1481402821,1481402835,14
1,1481402866,1481402868,2
1,1481403728,1481403746,18
1,1481403755,1481403788,33
4,1481403776,1481403780,4
4,1481403781,1481403786,5
4,1481403787,1481403789,2
4,1481403789,1481403791,2
4,1481403791,1481403796,5
1,1481403793,1481403796,3
4,1481403796,1481403799,3
4,1481403800,1481403804,4
4,1481403804,1481403807,3
4,1481403807,1481403811,4
4,1481403813,1481403816,3
4,1481403816,1481403822,6
4,1481403822,1481403866,44
1,1481403826,1481403838,12
10,1481403836,1481403864,28
1,1481403863,1481403866,3
1,1481403875,1481403876,1
1,1481403880,1481403882,2
14,1481403882,1481407575,3693
1,1481404040,1481404048,8
1,1481404053,1481404056,3
1,1481406098,1481406119,21
4,1481406109,1481406117,8
4,1481406120,1481406127,7
1,1481406122,1481406127,5
4,1481406128,1481406131,3
10,1481406132,1481406133,1
1,1481406132,1481406139,7
4,1481406133,1481406137,4
4,1481406140,1481406150,10
1,1481406144,1481406149,5
4,1481406151,1481406153,2
4,1481406153,1481406164,11
1,1481406156,1481406171,15
4,1481406166,1481406169,3
4,1481406169,1481406681,512
10,1481406171,1481406173,2
1,1481406179,1481406183,4
14,1481406183,1481409876,3693
1,1481406668,1481406685,17
4,1481406681,1481406686,5
10,1481406682,1481406683,1
1,1481406690,1481406704,14
4,1481406690,1481406704,14
1,1481406708,1481406713,5
14,1481406713,1481410408,3695
1,1481406802,1481406810,8
1,1481406849,1481406855,6
1,1481407707,1481407711,4
1,1481407715,1481407723,8
1,1481407727,1481407735,8
1,1481407765,1481407776,11
1,1481407779,1481407785,6
1,1481407831,1481407832,1
1,1481407839,1481407852,13
1,1481407884,1481407889,5
4,1481407890,1481407893,3
4,1481407895,1481407898,3
4,1481407899,1481407910,11
1,1481407908,1481407921,13
4,1481407910,1481407922,12
4,1481407922,1481407925,3
4,1481407925,1481407935,10
1,1481407938,1481407972,34
4,1481407939,1481407959,20
4,1481407959,1481407977,18
4,1481407977,1481407980,3
10,1481407978,1481407980,2
4,1481407980,1481407982,2
4,1481407982,1481407985,3
4,1481407985,1481407988,3
4,1481407988,1481408085,97
1,1481407990,1481408000,10
14,1481407999,1481411646,3647
1,1481408061,1481408062,1
1,1481408081,1481408084,3
4,1481408085,1481408087,2
4,1481408087,1481408089,2
1,1481408090,1481408095,5
4,1481408096,1481408098,2
4,1481408098,1481408104,6
1,1481408102,1481408110,8
4,1481408104,1481408194,90
14,1481408110,1481411756,3646
1,1481408171,1481408179,8
1,1481408183,1481408184,1
1,1481408189,1481408193,4
4,1481408194,1481408196,2
4,1481408197,1481408202,5
1,1481408199,1481408203,4
4,1481408204,1481408701,497
1,1481408207,1481408209,2
1,1481408213,1481408217,4
14,1481408217,1481411862,3645
1,1481408271,1481408285,14
14,1481408284,1481411911,3627
1,1481408329,1481408333,4
1,1481408338,1481408340,2
1,1481408345,1481408374,29
1,1481408379,1481408394,15
1,1481408501,1481408505,4
1,1481408685,1481408719,34
4,1481408704,1481408707,3
4,1481408707,1481408710,3
1,1481408723,1481408729,6
1,1481408732,1481408734,2
1,1481408738,1481408739,1
1,1481408745,1481408751,6
14,1481408752,1481412748,3996
1,1481408820,1481408821,1
1,1481408909,1481408910,1
6,1481442097,1481442099,2
1,1481442112,1481442114,2
1,1481442117,1481442122,5
1,1481442134,1481442137,3
1,1481442150,1481442155,5
4,1481442157,1481442161,4
4,1481442161,1481442169,8
1,1481442162,1481442167,5
1,1481442175,1481442187,12
4,1481442183,1481442188,5
4,1481442190,1481442192,2
1,1481442191,1481442209,18
4,1481442193,1481477020,34827
1,1481442212,1481442217,5
1,1481442312,1481442339,27
1,1481443995,1481444007,12
1,1481444014,1481444016,2
1,1481444387,1481444391,4
1,1481475995,1481475998,3
1,1481476419,1481476453,34
1,1481476461,1481476469,8
1,1481476479,1481476506,27
1,1481476516,1481476518,2
1,1481476525,1481476542,17
1,1481476580,1481476596,16
1,1481476600,1481476603,3
1,1481476607,1481476608,1
1,1481476614,1481476617,3
1,1481476621,1481476639,18
1,1481476648,1481476653,5
1,1481476656,1481476658,2
1,1481476817,1481476835,18
1,1481476839,1481476856,17
1,1481476859,1481476862,3
1,1481476866,1481476876,10
1,1481476890,1481476916,26
1,1481476921,1481476927,6
1,1481476940,1481476944,4
1,1481476947,1481476949,2
1,1481476955,1481476959,4
1,1481476975,1481476981,6
1,1481477006,1481477018,12
1,1481477022,1481477025,3
1,1481477031,1481477057,26
1,1481477585,1481477590,5
1,1481477593,1481477597,4
1,1481477707,1481477708,1
1,1481477711,1481477717,6
1,1481477722,1481477737,15
1,1481477740,1481477745,5
1,1481477759,1481477761,2
1,1481477767,1481477780,13
4,1481477773,1481477799,26
1,1481477783,1481477786,3
1,1481477794,1481477805,11
4,1481477799,1481477818,19
1,1481477808,1481477813,5
1,1481477824,1481477846,22
1,1481477850,1481477869,19
1,1481477874,1481477880,6
1,1481477937,1481477945,8
1,1481477964,1481477980,16
4,1481477978,1481477982,4
1,1481477983,1481477990,7
4,1481477987,1481477991,4
4,1481477994,1481477999,5
4,1481477999,1481478083,84
1,1481477999,1481478000,1
1,1481478076,1481478082,6
1,1481478086,1481478113,27
1,1481478116,1481478120,4
4,1481478130,1481478172,42
1,1481478160,1481478164,4
4,1481478172,1481478221,49
1,1481478182,1481478187,5
1,1481478195,1481478200,5
1,1481478218,1481478223,5
4,1481478223,1481478228,5
4,1481478228,1481478235,7
1,1481478228,1481478238,10
4,1481478238,1481478242,4
1,1481478242,1481478255,13
4,1481478242,1481478497,255
1,1481478262,1481478264,2
1,1481478330,1481478335,5
1,1481478340,1481478343,3
1,1481478355,1481478356,1
1,1481478425,1481478475,50
5,1481478475,1481478482,7
1,1481478485,1481478499,14
4,1481478502,1481478518,16
1,1481478504,1481478517,13
4,1481478518,1481478520,2
4,1481478520,1481478523,3
1,1481478522,1481478544,22
4,1481478528,1481478532,4
4,1481478532,1481478538,6
4,1481478545,1481478555,10
1,1481478550,1481478567,17
4,1481478559,1481478563,4
4,1481478566,1481478570,4
4,1481478570,1481478574,4
1,1481478570,1481478576,6
4,1481478574,1481478577,3
4,1481478577,1481478579,2
4,1481478579,1481478583,4
4,1481478583,1481478597,14
1,1481478587,1481478596,9
4,1481478597,1481478604,7
1,1481478599,1481478604,5
4,1481478605,1481478610,5
4,1481478610,1481478612,2
4,1481478612,1481478623,11
1,1481478616,1481478631,15
4,1481478626,1481478632,6
4,1481478632,1481478638,6
10,1481478634,1481478635,1
4,1481478638,1481478683,45
1,1481478640,1481478709,69
4,1481478695,1481478706,11
4,1481478709,1481478738,29
1,1481478729,1481478742,13
4,1481478745,1481478750,5
1,1481478747,1481478748,1
4,1481478750,1481478756,6
4,1481478756,1481478779,23
1,1481478756,1481478770,14
1,1481478774,1481478795,21
4,1481478781,1481478785,4
4,1481478789,1481478798,9
4,1481478798,1481478816,18
1,1481478799,1481478816,17
4,1481478819,1481478858,39
1,1481478820,1481478825,5
1,1481478845,1481478865,20
1,1481478869,1481478871,2
4,1481478872,1481479081,209
1,1481478877,1481478889,12
1,1481478894,1481478901,7
1,1481478911,1481478913,2
1,1481478919,1481478936,17
1,1481478952,1481478963,11
1,1481478995,1481479004,9
1,1481479026,1481479046,20
1,1481479051,1481479054,3
1,1481479070,1481479080,10
4,1481479082,1481479085,3
4,1481479085,1481479087,2
4,1481479087,1481479093,6
10,1481479094,1481479095,1
4,1481479095,1481479098,3
4,1481479098,1481479102,4
4,1481479102,1481479106,4
1,1481479109,1481479132,23
4,1481479136,1481479179,43
1,1481479146,1481479148,2
1,1481479167,1481479174,7
10,1481479177,1481479179,2
4,1481479179,1481479187,8
1,1481479182,1481479185,3
4,1481479187,1481479198,11
1,1481479188,1481479197,9
4,1481479199,1481479203,4
10,1481479201,1481479202,1
1,1481479201,1481479202,1
4,1481479203,1481479212,9
1,1481479207,1481479213,6
1,1481479222,1481479228,6
4,1481479229,1481479334,105
1,1481479232,1481479240,8
1,1481479247,1481479261,14
1,1481479265,1481479268,3
1,1481479278,1481479298,20
1,1481479302,1481479307,5
1,1481479311,1481479316,5
1,1481479327,1481479332,5
4,1481479334,1481479336,2
4,1481479336,1481479340,4
4,1481479340,1481479343,3
4,1481479343,1481479346,3
4,1481479346,1481479349,3
4,1481479349,1481479352,3
4,1481479352,1481479357,5
10,1481479353,1481479356,3
4,1481479360,1481479363,3
4,1481479363,1481479366,3
10,1481479363,1481479366,3
4,1481479366,1481479373,7
4,1481479373,1481479376,3
1,1481479377,1481479389,12
4,1481479386,1481479390,4
4,1481479390,1481479394,4
1,1481479392,1481479414,22
1,1481479418,1481479422,4
4,1481479419,1481479457,38
4,1481479457,1481479495,38
1,1481479457,1481479459,2
1,1481479487,1481479494,7
4,1481479495,1481479497,2
1,1481479500,1481479505,5
1,1481479516,1481479522,6
4,1481479526,1481479538,12
1,1481479548,1481479561,13
4,1481479557,1481479561,4
4,1481479562,1481479564,2
4,1481479565,1481479570,5
1,1481479568,1481479569,1
4,1481479570,1481479572,2
4,1481479574,1481479585,11
1,1481479577,1481479614,37
4,1481479593,1481479597,4
4,1481479597,1481479604,7
4,1481479604,1481479615,11
4,1481479617,1481479619,2
4,1481479619,1481479623,4
4,1481479624,1481479633,9
1,1481479626,1481479632,6
4,1481479633,1481479636,3
1,1481479636,1481479639,3
4,1481479636,1481479639,3
4,1481479639,1481479641,2
4,1481479641,1481479644,3
4,1481479644,1481479649,5
1,1481479647,1481479648,1
4,1481479650,1481479652,2
10,1481479651,1481479652,1
10,1481479652,1481479654,2
1,1481479652,1481479698,46
4,1481479677,1481479680,3
4,1481479681,1481479691,10
4,1481479692,1481479699,7
4,1481479699,1481479701,2
10,1481479700,1481479701,1
4,1481479702,1481479704,2
4,1481479704,1481479708,4
4,1481479708,1481479713,5
4,1481479713,1481479715,2
4,1481479718,1481479751,33
1,1481479724,1481479725,1
1,1481479741,1481479749,8
10,1481479750,1481479751,1
4,1481479751,1481479770,19
1,1481479753,1481479759,6
1,1481479765,1481479769,4
4,1481479770,1481479772,2
4,1481479772,1481479775,3
4,1481479775,1481479778,3
4,1481479778,1481479782,4
4,1481479782,1481479785,3
4,1481479786,1481479790,4
1,1481479796,1481479798,2
1,1481479805,1481479813,8
4,1481479814,1481479816,2
4,1481479817,1481479819,2
4,1481479819,1481479824,5
10,1481479821,1481479824,3
4,1481479824,1481479833,9
1,1481479830,1481479831,1
4,1481479833,1481479861,28
1,1481479845,1481479858,13
4,1481479861,1481479863,2
10,1481479861,1481479862,1
10,1481479862,1481479864,2
4,1481479864,1481479871,7
1,1481479867,1481479869,2
10,1481479869,1481479871,2
4,1481479871,1481479917,46
1,1481479877,1481479884,7
1,1481479891,1481479894,3
1,1481479909,1481479930,21
4,1481479919,1481479922,3
4,1481479922,1481479925,3
4,1481479927,1481479947,20
1,1481479940,1481479945,5
4,1481479947,1481479951,4
1,1481479949,1481479950,1
4,1481479951,1481479953,2
4,1481479954,1481479956,2
4,1481479956,1481479961,5
1,1481479961,1481479977,16
4,1481479961,1481480007,46
1,1481479980,1481479986,6
1,1481479992,1481480006,14
4,1481480008,1481480010,2
4,1481480010,1481480012,2
4,1481480012,1481480015,3
4,1481480015,1481480019,4
4,1481480019,1481480022,3
4,1481480022,1481480045,23
1,1481480025,1481480048,23
4,1481480045,1481480050,5
4,1481480050,1481480062,12
1,1481480051,1481480061,10
4,1481480062,1481480064,2
4,1481480066,1481480096,30
1,1481480068,1481480085,17
1,1481480088,1481480094,6
4,1481480096,1481480098,2
10,1481480097,1481480098,1
4,1481480098,1481480103,5
10,1481480100,1481480101,1
4,1481480103,1481480108,5
1,1481480108,1481480114,6
4,1481480116,1481480130,14
1,1481480117,1481480119,2
1,1481480123,1481480143,20
4,1481480132,1481480152,20
1,1481480147,1481480151,4
4,1481480152,1481480162,10
10,1481480153,1481480155,2
1,1481480158,1481480173,15
1,1481480178,1481480189,11
4,1481480186,1481480190,4
1,1481480235,1481480249,14
1,1481480256,1481480261,5
1,1481480266,1481480270,4
1,1481480288,1481480290,2
1,1481480294,1481480299,5
1,1481480310,1481480322,12
1,1481480328,1481480329,1
1,1481480333,1481480336,3
1,1481480343,1481480345,2
1,1481480352,1481480365,13
1,1481480374,1481480379,5
4,1481480380,1481480383,3
4,1481480383,1481480385,2
4,1481480385,1481480390,5
4,1481480390,1481480393,3
4,1481480393,1481480397,4
4,1481480399,1481480401,2
4,1481480401,1481480403,2
4,1481480403,1481480417,14
1,1481480409,1481480415,6
4,1481480417,1481480459,42
1,1481480419,1481480430,11
1,1481480450,1481480458,8
4,1481480460,1481480462,2
4,1481480464,1481480466,2
4,1481480466,1481480468,2
4,1481480469,1481480472,3
4,1481480472,1481480475,3
4,1481480476,1481480481,5
1,1481480477,1481480543,66
4,1481480483,1481480490,7
4,1481480493,1481480499,6
10,1481480495,1481480496,1
4,1481480500,1481480502,2
4,1481480504,1481480509,5
4,1481480513,1481480551,38
1,1481480548,1481480552,4
4,1481480554,1481480557,3
1,1481480557,1481480560,3
4,1481480559,1481480569,10
4,1481480569,1481480575,6
1,1481480570,1481480605,35
4,1481480578,1481480580,2
4,1481480584,1481480593,9
4,1481480596,1481480603,7
4,1481480605,1481494710,14105
1,1481481101,1481481106,5
1,1481494676,1481494709,33
4,1481494710,1481494732,22
1,1481494713,1481494718,5
1,1481494725,1481494731,6
4,1481494732,1481494743,11
1,1481494734,1481494742,8
4,1481494743,1481494758,15
1,1481494745,1481494757,12
4,1481494758,1481494789,31
1,1481494761,1481494789,28
4,1481494790,1481494830,40
1,1481494792,1481494802,10
1,1481494812,1481494820,8
1,1481494827,1481494828,1
1,1481494831,1481494838,7
1,1481494843,1481494846,3
4,1481494853,1481494866,13
1,1481494856,1481494871,15
4,1481494878,1481494892,14
1,1481494879,1481494949,70
4,1481494895,1481494908,13
4,1481494914,1481494917,3
4,1481494919,1481494928,9
4,1481494931,1481494934,3
4,1481494934,1481494941,7
4,1481494946,1481494952,6
10,1481494947,1481494949,2
4,1481494955,1481494989,34
1,1481494961,1481494972,11
1,1481494978,1481494983,5
4,1481494993,1481494997,4
1,1481494993,1481495017,24
4,1481495001,1481495005,4
4,1481495014,1481495020,6
4,1481495023,1481495025,2
1,1481495023,1481495025,2
4,1481495026,1481495050,24
1,1481495028,1481495030,2
1,1481495034,1481495036,2
1,1481495040,1481495065,25
4,1481495053,1481495061,8
4,1481495062,1481495066,4
4,1481495066,1481495072,6
1,1481495069,1481495073,4
4,1481495074,1481495142,68
10,1481495075,1481495077,2
1,1481495126,1481495130,4
1,1481495137,1481495143,6
4,1481495146,1481495148,2
1,1481495147,1481495156,9
4,1481495158,1481495177,19
1,1481495160,1481495163,3
1,1481495174,1481495187,13
4,1481495180,1481495184,4
4,1481495186,1481495190,4
4,1481495190,1481495193,3
1,1481495191,1481495199,8
4,1481495199,1481495201,2
4,1481495201,1481495204,3
1,1481495203,1481495209,6
4,1481495210,1481495215,5
10,1481495212,1481495213,1
1,1481495212,1481495214,2
1,1481495219,1481495225,6
4,1481495230,1481495239,9
4,1481495239,1481495266,27
1,1481495252,1481495259,7
1,1481495263,1481495264,1
4,1481495266,1481495304,38
1,1481495268,1481495274,6
1,1481495289,1481495294,5
1,1481495301,1481495303,2
4,1481495304,1481495306,2
4,1481495307,1481495309,2
4,1481495309,1481495314,5
4,1481495314,1481495316,2
4,1481495317,1481495327,10
1,1481495319,1481495334,15
4,1481495330,1481495343,13
1,1481495340,1481495342,2
4,1481495343,1481495349,6
1,1481495345,1481495347,2
1,1481495351,1481495353,2
1,1481495358,1481495373,15
4,1481495364,1481495371,7
10,1481495364,1481495365,1
4,1481495374,1481495377,3
10,1481495376,1481495377,1
4,1481495377,1481495379,2
4,1481495380,1481495414,34
1,1481495381,1481495385,4
1,1481495407,1481495445,38
4,1481495414,1481495418,4
4,1481495418,1481495421,3
4,1481495421,1481495424,3
10,1481495422,1481495423,1
4,1481495424,1481495427,3
10,1481495428,1481495429,1
4,1481495430,1481495441,11
10,1481495430,1481495432,2
1,1481495457,1481495459,2
1,1481495470,1481495476,6
4,1481495478,1481495483,5
1,1481495484,1481495485,1
4,1481495487,1481495494,7
1,1481495489,1481495492,3
4,1481495494,1481495496,2
4,1481495496,1481495509,13
1,1481495497,1481495514,17
4,1481495512,1481495524,12
1,1481495520,1481495522,2
10,1481495523,1481495524,1
4,1481495524,1481495529,5
10,1481495528,1481495529,1
4,1481495529,1481495531,2
4,1481495531,1481495536,5
1,1481495534,1481495541,7
4,1481495544,1481495601,57
1,1481495555,1481495556,1
1,1481495586,1481495589,3
1,1481495600,1481495605,5
1,1481495620,1481495625,5
4,1481495628,1481495644,16
1,1481495630,1481495633,3
1,1481495642,1481495643,1
4,1481495646,1481495651,5
4,1481495655,1481495689,34
1,1481495657,1481495661,4
1,1481495679,1481495680,1
1,1481495684,1481495687,3
4,1481495690,1481495692,2
4,1481495695,1481495702,7
10,1481495697,1481495702,5
4,1481495702,1481495706,4
4,1481495706,1481495709,3
10,1481495707,1481495710,3
4,1481495710,1481495712,2
10,1481495710,1481495711,1
4,1481495712,1481495714,2
4,1481495715,1481495717,2
4,1481495718,1481495720,2
1,1481495723,1481495732,9
4,1481495739,1481495742,3
4,1481495742,1481495745,3
4,1481495745,1481495756,11
1,1481495753,1481495755,2
1,1481495758,1481495762,4
10,1481495764,1481495765,1
4,1481495767,1481495769,2
1,1481495770,1481495776,6
4,1481495780,1481495794,14
10,1481495781,1481495782,1
1,1481495782,1481495790,8
10,1481495792,1481495794,2
4,1481495794,1481495814,20
1,1481495796,1481495800,4
1,1481495809,1481495813,4
1,1481495817,1481495820,3
1,1481495823,1481495831,8
1,1481495842,1481495845,3
1,1481495866,1481495870,4
1,1481495876,1481495878,2
4,1481495882,1481495963,81
1,1481495883,1481495884,1
1,1481495889,1481495897,8
1,1481495928,1481495943,15
1,1481495948,1481495962,14
4,1481495963,1481495969,6
10,1481495964,1481495966,2
1,1481495965,1481495975,10
4,1481495969,1481495972,3
10,1481495972,1481495973,1
1,1481495991,1481495995,4
1,1481495999,1481496000,1
4,1481496004,1481496008,4
1,1481496005,1481496013,8
1,1481496016,1481496018,2
4,1481496020,1481496317,297
1,1481496024,1481496036,12
14,1481496036,1481499709,3673
1,1481496109,1481496160,51
1,1481496164,1481496173,9
1,1481496182,1481496206,24
1,1481496237,1481496241,4
1,1481496246,1481496263,17
1,1481496266,1481496268,2
1,1481496271,1481496276,5
1,1481496281,1481496283,2
1,1481496311,1481496314,3
4,1481496317,1481496319,2
4,1481496319,1481496322,3
4,1481496322,1481496334,12
1,1481496324,1481496332,8
4,1481496334,1481496337,3
4,1481496338,1481496340,2
4,1481496341,1481496343,2
4,1481496343,1481496345,2
4,1481496345,1481496381,36
1,1481496347,1481496353,6
1,1481496364,1481496381,17
4,1481496382,1481496407,25
10,1481496383,1481496385,2
1,1481496384,1481496391,7
14,1481496391,1481500325,3934
1,1481496396,1481496398,2
11,1481496407,1481496475,68
4,1481496409,1481496411,2
4,1481496411,1481496413,2
4,1481496414,1481496417,3
4,1481496418,1481496420,2
4,1481496420,1481496422,2
4,1481496423,1481496425,2
4,1481496425,1481496427,2
4,1481496427,1481496430,3
4,1481496430,1481496432,2
4,1481496432,1481496445,13
4,1481496445,1481496447,2
4,1481496457,1481496459,2
4,1481496460,1481496462,2
4,1481496462,1481496464,2
4,1481496464,1481496467,3
4,1481496467,1481496471,4
1,1481496470,1481496471,1
4,1481496472,1481496474,2
4,1481496474,1481496675,201
11,1481496475,1481496725,250
1,1481496476,1481496519,43
1,1481496534,1481496542,8
1,1481496546,1481496549,3
1,1481496554,1481496556,2
1,1481496571,1481496582,11
1,1481496586,1481496587,1
1,1481496608,1481496622,14
1,1481496637,1481496650,13
1,1481496657,1481496681,24
4,1481496675,1481496680,5
4,1481496687,1481496717,30
1,1481496696,1481496699,3
1,1481496702,1481496714,12
1,1481496723,1481496726,3
5,1481496724,1481496725,1
4,1481496725,1481496730,5
1,1481496737,1481496740,3
4,1481496738,1481496745,7
4,1481496745,1481496750,5
1,1481496752,1481496756,4
14,1481496755,1481500404,3649
1,1481496806,1481496815,9
1,1481496821,1481496836,15
1,1481496848,1481496857,9
4,1481496862,1481496864,2
4,1481496865,1481496867,2
4,1481496867,1481496869,2
4,1481496870,1481496872,2
4,1481496872,1481496875,3
1,1481496876,1481496885,9
1,1481496892,1481496894,2
4,1481496902,1481496961,59
1,1481496905,1481496908,3
1,1481496914,1481496921,7
1,1481496924,1481496925,1
1,1481496933,1481496941,8
1,1481496945,1481496947,2
14,1481496947,1481500607,3660
11,1481496959,1481497007,48
4,1481496962,1481496964,2
4,1481496964,1481496967,3
4,1481496967,1481496969,2
4,1481496970,1481496972,2
4,1481496973,1481496975,2
4,1481496975,1481496977,2
4,1481496977,1481496979,2
4,1481496980,1481496982,2
4,1481496982,1481496985,3
4,1481496985,1481496987,2
4,1481496987,1481496989,2
4,1481496990,1481496992,2
4,1481496992,1481496994,2
4,1481496995,1481496999,4
4,1481496999,1481497001,2
4,1481497002,1481497004,2
4,1481497004,1481497006,2
4,1481497007,1481497034,27
1,1481497027,1481497033,6
4,1481497036,1481497041,5
1,1481497040,1481497048,8
4,1481497041,1481497061,20
14,1481497048,1481500731,3683
11,1481497058,1481497131,73
4,1481497061,1481497063,2
4,1481497063,1481497065,2
4,1481497066,1481497068,2
4,1481497069,1481497071,2
4,1481497071,1481497073,2
4,1481497073,1481497075,2
4,1481497075,1481497077,2
4,1481497078,1481497080,2
4,1481497080,1481497083,3
4,1481497083,1481497096,13
4,1481497096,1481497098,2
1,1481497101,1481497102,1
4,1481497109,1481497111,2
4,1481497111,1481497113,2
4,1481497113,1481497115,2
4,1481497116,1481497119,3
4,1481497119,1481497122,3
4,1481497123,1481497125,2
4,1481497125,1481497127,2
4,1481497128,1481497130,2
4,1481497130,1481497288,158
1,1481497136,1481497145,9
1,1481497148,1481497151,3
1,1481497164,1481497177,13
1,1481497183,1481497185,2
1,1481497192,1481497200,8
1,1481497204,1481497208,4
1,1481497212,1481497218,6
1,1481497230,1481497232,2
1,1481497238,1481497250,12
1,1481497266,1481497297,31
4,1481497298,1481497305,7
1,1481497303,1481497309,6
4,1481497305,1481497322,17
1,1481497312,1481497315,3
14,1481497315,1481501069,3754
11,1481497320,1481497364,44
4,1481497322,1481497324,2
4,1481497324,1481497326,2
4,1481497327,1481497330,3
4,1481497331,1481497333,2
4,1481497333,1481497335,2
4,1481497335,1481497337,2
4,1481497338,1481497340,2
4,1481497340,1481497342,2
4,1481497343,1481497345,2
4,1481497345,1481497347,2
4,1481497348,1481497350,2
4,1481497350,1481497352,2
4,1481497353,1481497355,2
4,1481497355,1481497357,2
4,1481497358,1481497361,3
4,1481497361,1481497402,41
11,1481497364,1481497376,12
1,1481497369,1481497378,9
11,1481497376,1481497469,93
4,1481497461,1481497463,2
4,1481497463,1481497465,2
4,1481497466,1481497468,2
4,1481497468,1481497523,55
1,1481497472,1481497488,16
1,1481497493,1481497494,1
1,1481497499,1481497503,4
1,1481497506,1481497516,10
4,1481497524,1481497526,2
4,1481497526,1481497530,4
4,1481497530,1481497534,4
10,1481497532,1481497534,2
4,1481497534,1481497539,5
4,1481497539,1481497541,2
4,1481497542,1481497544,2
4,1481497545,1481497550,5
1,1481497548,1481497549,1
10,1481497550,1481497552,2
4,1481497553,1481497556,3
1,1481497557,1481497586,29
4,1481497560,1481497564,4
4,1481497587,1481497589,2
4,1481497589,1481497598,9
4,1481497598,1481497601,3
10,1481497601,1481497602,1
4,1481497602,1481497606,4
1,1481497612,1481497624,12
1,1481497628,1481497635,7
1,1481497639,1481497642,3
4,1481497646,1481497651,5
1,1481497646,1481497655,9
4,1481497651,1481497654,3
4,1481497654,1481497662,8
1,1481497659,1481497665,6
4,1481497666,1481497668,2
4,1481497669,1481497672,3
1,1481497677,1481497683,6
1,1481497688,1481497698,10
4,1481497699,1481497703,4
10,1481497700,1481497701,1
10,1481497701,1481497703,2
4,1481497704,1481497707,3
10,1481497704,1481497707,3
10,1481497707,1481497712,5
4,1481497712,1481497715,3
1,1481497718,1481497724,6
14,1481497723,1481501371,3648
1,1481497750,1481497763,13
1,1481497771,1481497805,34
1,1481497818,1481497823,5
1,1481497830,1481497831,1
1,1481497853,1481497865,12
1,1481497873,1481497892,19
1,1481497899,1481497911,12
1,1481497921,1481497935,14
1,1481497941,1481497951,10
1,1481498104,1481498116,12
4,1481498119,1481498122,3
4,1481498122,1481498148,26
1,1481498125,1481498144,19
4,1481498149,1481498153,4
1,1481498154,1481498163,9
4,1481498160,1481498165,5
4,1481498165,1481498167,2
4,1481498167,1481498171,4
4,1481498173,1481498184,11
1,1481498175,1481498176,1
1,1481498182,1481498190,8
4,1481498185,1481498187,2
4,1481498187,1481498191,4
4,1481498191,1481498220,29
1,1481498201,1481498203,2
1,1481498207,1481498211,4
1,1481498217,1481498219,2
4,1481498220,1481498222,2
10,1481498221,1481498222,1
10,1481498222,1481498227,5
4,1481498227,1481498232,5
10,1481498229,1481498232,3
4,1481498232,1481498244,12
10,1481498234,1481498240,6
1,1481498245,1481498248,3
1,1481498260,1481498262,2
14,1481498262,1481502070,3808
1,1481498277,1481498283,6
11,1481498283,1481498329,46
4,1481498284,1481498287,3
4,1481498287,1481498289,2
4,1481498289,1481498291,2
4,1481498292,1481498294,2
4,1481498294,1481498297,3
4,1481498297,1481498299,2
4,1481498299,1481498301,2
4,1481498301,1481498303,2
4,1481498304,1481498306,2
4,1481498307,1481498309,2
4,1481498309,1481498311,2
4,1481498312,1481498314,2
4,1481498314,1481498316,2
4,1481498316,1481498318,2
4,1481498318,1481498321,3
4,1481498322,1481498326,4
4,1481498326,1481498333,7
11,1481498329,1481498470,141
1,1481498331,1481498357,26
1,1481498361,1481498373,12
1,1481498382,1481498384,2
1,1481498393,1481498408,15
1,1481498411,1481498413,2
1,1481498417,1481498423,6
1,1481498433,1481498438,5
1,1481498465,1481498474,9
4,1481498471,1481498478,7
4,1481498478,1481498481,3
4,1481498482,1481498494,12
10,1481498484,1481498492,8
1,1481498487,1481498491,4
4,1481498494,1481498531,37
10,1481498495,1481498529,34
1,1481498500,1481498505,5
1,1481498508,1481498521,13
1,1481498526,1481498528,2
4,1481498531,1481498557,26
10,1481498533,1481498556,23
1,1481498544,1481498554,10
1,1481498558,1481498575,17
1,1481498581,1481498605,24
1,1481498611,1481498613,2
1,1481498616,1481498638,22
1,1481498645,1481498651,6
1,1481498658,1481498708,50
4,1481498684,1481498721,37
1,1481498712,1481498725,13
4,1481498721,1481498732,11
1,1481498729,1481498730,1
4,1481498733,1481498735,2
4,1481498735,1481498793,58
10,1481498737,1481498742,5
1,1481498739,1481498750,11
1,1481498753,1481498770,17
1,1481498774,1481498784,10
1,1481498788,1481498790,2
4,1481498793,1481498796,3
4,1481498796,1481498804,8
10,1481498797,1481498804,7
4,1481498805,1481498807,2
4,1481498807,1481498832,25
10,1481498810,1481498811,1
1,1481498811,1481498837,26
4,1481498836,1481498838,2
4,1481498838,1481498841,3
4,1481498841,1481498844,3
1,1481498850,1481498853,3
4,1481498855,1481498858,3
10,1481498856,1481498858,2
4,1481498858,1481498861,3
4,1481498861,1481498865,4
4,1481498865,1481498867,2
10,1481498866,1481498867,1
4,1481498867,1481498882,15
1,1481498869,1481498872,3
4,1481498882,1481498906,24
1,1481498883,1481498891,8
1,1481498894,1481498902,8
1,1481498907,1481498925,18
4,1481498911,1481498917,6
4,1481498917,1481498921,4
4,1481498927,1481498930,3
1,1481498931,1481498940,9
4,1481498934,1481498938,4
4,1481498938,1481498943,5
4,1481498943,1481498947,4
4,1481498949,1481498951,2
4,1481498951,1481498954,3
4,1481498954,1481498961,7
4,1481498961,1481498963,2
4,1481498963,1481498966,3
4,1481498966,1481498971,5
4,1481498971,1481498991,20
1,1481498988,1481498994,6
4,1481498991,1481498995,4
4,1481498995,1481498999,4
1,1481498997,1481498998,1
4,1481498999,1481499435,436
1,1481499001,1481499004,3
14,1481499004,1481502649,3645
1,1481499053,1481499061,8
1,1481499074,1481499087,13
1,1481499121,1481499145,24
1,1481499153,1481499156,3
1,1481499168,1481499173,5
1,1481499177,1481499187,10
1,1481499196,1481499225,29
1,1481499235,1481499237,2
1,1481499257,1481499259,2
1,1481499264,1481499296,32
1,1481499315,1481499326,11
1,1481499333,1481499338,5
1,1481499366,1481499371,5
1,1481499374,1481499382,8
1,1481499389,1481499397,8
1,1481499408,1481499420,12
1,1481499425,1481499454,29
4,1481499436,1481499446,10
4,1481499456,1481499460,4
1,1481499458,1481499467,9
4,1481499460,1481499474,14
1,1481499470,1481499477,7
1,1481499481,1481499492,11
4,1481499489,1481499494,5
10,1481499493,1481499494,1
10,1481499494,1481499499,5
4,1481499499,1481499506,7
4,1481499510,1481499515,5
1,1481499514,1481499520,6
4,1481499515,1481499518,3
4,1481499518,1481499527,9
4,1481499527,1481499534,7
1,1481499527,1481499528,1
4,1481499534,1481499537,3
10,1481499536,1481499537,1
4,1481499538,1481499544,6
1,1481499540,1481499547,7
4,1481499545,1481499549,4
10,1481499546,1481499547,1
4,1481499549,1481499553,4
4,1481499553,1481499561,8
1,1481499555,1481499556,1
4,1481499561,1481499576,15
1,1481499563,1481499578,15
4,1481499580,1481499586,6
1,1481499588,1481499599,11
4,1481499594,1481499599,5
4,1481499602,1481499606,4
4,1481499606,1481499645,39
1,1481499611,1481499616,5
1,1481499640,1481499644,4
1,1481499647,1481499662,15
4,1481499652,1481499657,5
4,1481499660,1481499666,6
4,1481499666,1481499671,5
1,1481499666,1481499668,2
1,1481499673,1481499678,5
4,1481499678,1481499680,2
4,1481499681,1481499683,2
4,1481499685,1481499688,3
1,1481499687,1481499694,7
4,1481499688,1481499702,14
4,1481499702,1481499736,34
1,1481499704,1481499728,24
1,1481499731,1481499733,2
1,1481499736,1481499757,21
4,1481499747,1481499753,6
4,1481499755,1481499758,3
4,1481499761,1481499811,50
1,1481499779,1481499784,5
1,1481499808,1481499810,2
4,1481499811,1481499814,3
4,1481499815,1481499826,11
1,1481499818,1481499820,2
1,1481499824,1481499830,6
4,1481499826,1481499828,2
1,1481499843,1481499848,5
4,1481499849,1481499851,2
4,1481499851,1481499854,3
4,1481499854,1481499856,2
4,1481499856,1481499858,2
4,1481499858,1481499861,3
4,1481499861,1481499869,8
4,1481499870,1481499880,10
1,1481499871,1481499879,8
4,1481499880,1481499882,2
4,1481499882,1481499890,8
4,1481499890,1481499893,3
4,1481499894,1481500103,209
1,1481499915,1481499919,4
1,1481499924,1481499927,3
1,1481499940,1481499951,11
14,1481499951,1481503602,3651
1,1481500004,1481500041,37
1,1481500049,1481500050,1
1,1481500054,1481500061,7
1,1481500071,1481500072,1
1,1481500081,1481500099,18
1,1481500120,1481500124,4
14,1481500124,1481503785,3661
1,1481500136,1481500139,3
1,1481500189,1481500197,8
1,1481500389,1481500416,27
1,1481500423,1481500424,1
1,1481500448,1481500461,13
1,1481500470,1481500476,6
1,1481500494,1481500536,42
4,1481500557,1481500559,2
1,1481500560,1481500561,1
4,1481500562,1481500569,7
1,1481500567,1481500571,4
4,1481500575,1481500577,2
4,1481500578,1481500580,2
4,1481500580,1481500583,3
4,1481500583,1481500586,3
4,1481500586,1481500588,2
4,1481500588,1481500595,7
1,1481500590,1481500592,2
1,1481500596,1481500599,3
4,1481500600,1481500602,2
4,1481500602,1481500604,2
4,1481500605,1481500611,6
10,1481500606,1481500608,2
4,1481500612,1481500895,283
1,1481500614,1481500620,6
1,1481500632,1481500639,7
1,1481500940,1481500942,2
6,1481500956,1481500958,2
1,1481500982,1481500997,15
1,1481501001,1481501011,10
4,1481501014,1481501073,59
1,1481501029,1481501044,15
14,1481501039,1481504754,3715
4,1481501073,1481501413,340
1,1481501123,1481501142,19
1,1481501155,1481501215,60
1,1481501223,1481501228,5
1,1481501233,1481501266,33
1,1481501271,1481501279,8
1,1481501287,1481501290,3
1,1481501388,1481501412,24
4,1481501413,1481501416,3
10,1481501415,1481501416,1
4,1481501416,1481501463,47
1,1481501449,1481501452,3
1,1481501457,1481501458,1
1,1481501464,1481501465,1
4,1481501466,1481501468,2
4,1481501468,1481501472,4
10,1481501469,1481501470,1
1,1481501486,1481501490,4
1,1481501494,1481501504,10
1,1481501518,1481501552,34
4,1481501553,1481501558,5
10,1481501555,1481501558,3
10,1481501558,1481501563,5
4,1481501563,1481501566,3
4,1481501567,1481501569,2
4,1481501569,1481501571,2
4,1481501572,1481501574,2
4,1481501574,1481501577,3
4,1481501577,1481501583,6
4,1481501584,1481501588,4
1,1481501588,1481501608,20
1,1481501612,1481501615,3
1,1481501640,1481501662,22
1,1481501668,1481501669,1
4,1481501672,1481501675,3
4,1481501676,1481501678,2
4,1481501682,1481501684,2
4,1481501686,1481501688,2
1,1481501691,1481501696,5
14,1481501696,1481505501,3805
11,1481501708,1481501753,45
4,1481501708,1481501710,2
4,1481501711,1481501713,2
4,1481501714,1481501716,2
4,1481501716,1481501719,3
4,1481501720,1481501722,2
4,1481501722,1481501724,2
1,1481501722,1481501727,5
4,1481501725,1481501727,2
4,1481501727,1481501729,2
4,1481501730,1481501732,2
1,1481501732,1481501741,9
4,1481501733,1481501735,2
4,1481501736,1481501738,2
4,1481501738,1481501740,2
4,1481501740,1481501742,2
4,1481501743,1481501745,2
4,1481501745,1481501747,2
4,1481501747,1481501751,4
4,1481501752,1481501757,5
11,1481501753,1481501870,117
1,1481501754,1481501779,25
1,1481501782,1481501804,22
1,1481501815,1481501819,4
1,1481501823,1481501832,9
1,1481501837,1481501876,39
4,1481501871,1481501901,30
11,1481501871,1481501896,25
1,1481501879,1481501887,8
1,1481501895,1481501904,9
11,1481501897,1481501901,4
4,1481501907,1481501909,2
4,1481501910,1481501913,3
10,1481501910,1481501913,3
4,1481501913,1481501920,7
1,1481501915,1481501920,5
4,1481501923,1481501925,2
1,1481501923,1481501924,1
4,1481501925,1481501930,5
10,1481501926,1481501930,4
4,1481501930,1481501934,4
1,1481501931,1481501934,3
4,1481501936,1481501938,2
4,1481501939,1481501942,3
10,1481501939,1481501942,3
4,1481501942,1481501946,4
10,1481501942,1481501943,1
10,1481501945,1481501946,1
10,1481501946,1481501948,2
4,1481501948,1481501950,2
4,1481501951,1481501953,2
4,1481501953,1481501955,2
10,1481501954,1481501955,1
10,1481501956,1481501957,1
4,1481501957,1481501974,17
10,1481501957,1481501959,2
10,1481501960,1481501969,9
1,1481501961,1481501965,4
1,1481501969,1481501971,2
4,1481501975,1481501988,13
10,1481501977,1481501988,11
4,1481501989,1481501998,9
10,1481501989,1481501998,9
1,1481501996,1481502005,9
4,1481501998,1481502002,4
4,1481502008,1481502010,2
4,1481502011,1481502051,40
10,1481502012,1481502051,39
1,1481502013,1481502098,85
4,1481502051,1481502056,5
4,1481502060,1481502091,31
10,1481502063,1481502087,24
14,1481502098,1481505932,3834
11,1481502110,1481502151,41
4,1481502111,1481502113,2
4,1481502114,1481502116,2
4,1481502116,1481502119,3
4,1481502120,1481502123,3
4,1481502123,1481502125,2
4,1481502125,1481502127,2
4,1481502128,1481502130,2
4,1481502130,1481502133,3
4,1481502133,1481502135,2
4,1481502136,1481502138,2
4,1481502138,1481502140,2
4,1481502140,1481502142,2
4,1481502143,1481502145,2
4,1481502146,1481502149,3
4,1481502149,1481502151,2
11,1481502151,1481502166,15
1,1481502152,1481502156,4
1,1481502160,1481502257,97
11,1481502167,1481502168,1
4,1481502167,1481502227,60
11,1481502170,1481502174,4
11,1481502178,1481502188,10
11,1481502188,1481502190,2
11,1481502195,1481502226,31
4,1481502227,1481502332,105
11,1481502235,1481502252,17
11,1481502252,1481502262,10
1,1481502261,1481502279,18
11,1481502262,1481502332,70
1,1481502285,1481502291,6
1,1481502296,1481502307,11
1,1481502311,1481502335,24
4,1481502338,1481502340,2
4,1481502340,1481502342,2
4,1481502342,1481502347,5
10,1481502344,1481502347,3
4,1481502347,1481502349,2
4,1481502350,1481502378,28
1,1481502354,1481502359,5
1,1481502364,1481502365,1
1,1481502370,1481502372,2
4,1481502379,1481502381,2
4,1481502382,1481502385,3
10,1481502384,1481502385,1
4,1481502386,1481502389,3
4,1481502389,1481502393,4
4,1481502393,1481502395,2
4,1481502395,1481502417,22
1,1481502398,1481502404,6
14,1481502404,1481506021,3617
11,1481502416,1481502421,5
4,1481502417,1481502420,3
1,1481502419,1481502430,11
4,1481502420,1481502431,11
4,1481502431,1481502434,3
4,1481502434,1481502459,25
1,1481502436,1481502442,6
14,1481502446,1481506139,3693
11,1481502458,1481502527,69
4,1481502460,1481502462,2
4,1481502462,1481502464,2
4,1481502464,1481502467,3
4,1481502468,1481502470,2
4,1481502471,1481502473,2
4,1481502473,1481502475,2
4,1481502476,1481502478,2
4,1481502478,1481502480,2
4,1481502481,1481502483,2
4,1481502484,1481502497,13
4,1481502498,1481502500,2
4,1481502510,1481502512,2
4,1481502513,1481502515,2
4,1481502515,1481502517,2
4,1481502518,1481502520,2
4,1481502520,1481502523,3
4,1481502523,1481502539,16
11,1481502527,1481502539,12
1,1481502537,1481502550,13
4,1481502540,1481502547,7
14,1481502544,1481506302,3758
11,1481502546,1481502591,45
4,1481502547,1481502550,3
4,1481502550,1481502552,2
4,1481502552,1481502554,2
4,1481502556,1481502558,2
4,1481502558,1481502560,2
4,1481502561,1481502563,2
4,1481502563,1481502565,2
4,1481502566,1481502568,2
4,1481502568,1481502570,2
4,1481502571,1481502573,2
4,1481502573,1481502575,2
4,1481502576,1481502578,2
4,1481502578,1481502580,2
4,1481502581,1481502583,2
4,1481502584,1481502587,3
4,1481502588,1481502599,11
11,1481502591,1481502623,32
1,1481502593,1481502612,19
1,1481502617,1481502631,14
11,1481502624,1481502643,19
4,1481502624,1481502702,78
1,1481502640,1481502643,3
11,1481502643,1481502660,17
1,1481502646,1481502653,7
1,1481502659,1481502674,15
11,1481502661,1481502666,5
11,1481502666,1481502702,36
1,1481502699,1481502701,2
1,1481502707,1481502711,4
4,1481502714,1481502719,5
1,1481502715,1481502720,5
1,1481502724,1481502730,6
4,1481502726,1481502730,4
4,1481502731,1481502735,4
1,1481502746,1481502751,5
4,1481502752,1481502757,5
1,1481502760,1481502764,4
14,1481502764,1481506420,3656
1,1481502781,1481502787,6
1,1481502812,1481502816,4
4,1481502817,1481502819,2
4,1481502820,1481502829,9
10,1481502820,1481502821,1
1,1481502825,1481502828,3
1,1481502831,1481502835,4
14,1481502834,1481506531,3697
1,1481502877,1481502890,13
1,1481502899,1481502915,16
1,1481502918,1481502927,9
1,1481503054,1481503063,9
1,1481503068,1481503081,13
1,1481503094,1481503110,16
1,1481503148,1481503156,8
1,1481503173,1481503180,7
1,1481538654,1481538661,7
1,1481538667,1481538692,25
7,1481538667,1481538669,2
7,1481538667,1481538669,2
7,1481538667,1481538669,2
7,1481538682,1481538684,2
1,1481538697,1481538703,6
1,1481538710,1481538711,1
1,1481538715,1481538718,3
4,1481538719,1481538721,2
4,1481538722,1481538730,8
10,1481538723,1481538729,6
4,1481538730,1481538732,2
1,1481538736,1481538740,4
1,1481538771,1481538782,11
4,1481538776,1481538785,9
4,1481538785,1481538791,6
1,1481538787,1481538788,1
4,1481538791,1481538794,3
10,1481538792,1481538793,1
1,1481538792,1481538793,1
4,1481538794,1481538797,3
10,1481538796,1481538797,1
4,1481538797,1481538805,8
1,1481538798,1481538858,60
4,1481538820,1481538826,6
4,1481538828,1481538830,2
4,1481538832,1481538837,5
4,1481538840,1481538860,20
4,1481538863,1481538883,20
1,1481538863,1481538865,2
1,1481538873,1481538875,2
1,1481538880,1481538888,8
4,1481538885,1481538890,5
4,1481538891,1481538895,4
1,1481538894,1481538898,4
4,1481538898,1481538901,3
4,1481538901,1481538905,4
1,1481538905,1481538922,17
14,1481538913,1481542628,3715
1,1481538939,1481538946,7
4,1481538944,1481538947,3
1,1481538952,1481538967,15
4,1481538958,1481538962,4
1,1481538972,1481538974,2
1,1481539012,1481539024,12
1,1481539035,1481539050,15
14,1481539045,1481542878,3833
11,1481539064,1481539186,122
4,1481539065,1481539067,2
4,1481539068,1481539070,2
4,1481539070,1481539073,3
4,1481539074,1481539076,2
4,1481539076,1481539078,2
4,1481539079,1481539081,2
4,1481539081,1481539083,2
4,1481539083,1481539085,2
4,1481539086,1481539089,3
4,1481539089,1481539092,3
4,1481539093,1481539095,2
4,1481539095,1481539097,2
4,1481539098,1481539103,5
1,1481539099,1481539104,5
4,1481539104,1481539190,86
1,1481539125,1481539144,19
1,1481539167,1481539169,2
1,1481539184,1481539200,16
11,1481539186,1481539278,92
4,1481539191,1481539279,88
1,1481539217,1481539223,6
1,1481539226,1481539236,10
1,1481539239,1481539249,10
1,1481539274,1481539282,8
5,1481539277,1481539278,1
4,1481539283,1481539285,2
4,1481539285,1481539289,4
4,1481539289,1481539291,2
1,1481539296,1481539315,19
4,1481539316,1481539321,5
10,1481539317,1481539319,2
4,1481539321,1481539325,4
10,1481539323,1481539324,1
4,1481539325,1481539328,3
4,1481539328,1481539339,11
1,1481539330,1481539338,8
4,1481539339,1481539341,2
4,1481539341,1481539350,9
1,1481539343,1481539358,15
4,1481539350,1481539354,4
4,1481539354,1481539359,5
10,1481539356,1481539357,1
4,1481539359,1481539361,2
4,1481539363,1481539367,4
4,1481539368,1481539373,5
1,1481539371,1481539373,2
4,1481539374,1481539380,6
10,1481539375,1481539380,5
4,1481539380,1481539388,8
4,1481539388,1481539391,3
4,1481539391,1481539394,3
4,1481539394,1481539396,2
4,1481539396,1481539398,2
4,1481539398,1481539402,4
4,1481539402,1481539404,2
4,1481539404,1481539413,9
4,1481539415,1481539417,2
4,1481539417,1481539433,16
1,1481539418,1481539419,1
1,1481539424,1481539442,18
4,1481539433,1481539438,5
4,1481539442,1481539464,22
1,1481539451,1481539452,1
1,1481539460,1481539463,3
4,1481539465,1481539467,2
4,1481539467,1481539469,2
4,1481539470,1481539472,2
4,1481539472,1481539535,63
1,1481539484,1481539510,26
1,1481539517,1481539537,20
4,1481539538,1481539540,2
4,1481539541,1481539544,3
1,1481539541,1481539551,10
4,1481539549,1481539638,89
1,1481539573,1481539615,42
1,1481539622,1481539636,14
4,1481539638,1481539641,3
1,1481539640,1481539652,12
4,1481539642,1481539653,11
10,1481539650,1481539653,3
10,1481539653,1481539655,2
4,1481539655,1481539696,41
1,1481539656,1481539661,5
1,1481539673,1481539676,3
1,1481539685,1481539709,24
4,1481539696,1481539706,10
10,1481539699,1481539700,1
1,1481539713,1481539719,6
4,1481539718,1481539722,4
4,1481539722,1481539724,2
1,1481539726,1481539739,13
4,1481539732,1481539738,6
4,1481539741,1481539764,23
1,1481539742,1481539744,2
1,1481539748,1481539773,25
4,1481539768,1481539771,3
4,1481539774,1481539776,2
4,1481539776,1481539778,2
4,1481539778,1481539780,2
4,1481539781,1481539783,2
4,1481539783,1481539788,5
10,1481539785,1481539788,3
4,1481539789,1481539792,3
4,1481539792,1481539797,5
1,1481539796,1481539798,2
4,1481539797,1481540034,237
1,1481539802,1481539827,25
14,1481539816,1481543618,3802
1,1481539919,1481539928,9
1,1481539932,1481539939,7
1,1481539943,1481539952,9
1,1481539966,1481539971,5
1,1481540018,1481540033,15
4,1481540038,1481540064,26
1,1481540038,1481540048,10
14,1481540045,1481544249,4204
1,1481540061,1481540063,2
11,1481540063,1481540207,144
4,1481540064,1481540066,2
4,1481540067,1481540069,2
4,1481540069,1481540072,3
4,1481540073,1481540075,2
4,1481540076,1481540078,2
4,1481540078,1481540080,2
4,1481540080,1481540082,2
1,1481540081,1481540095,14
4,1481540083,1481540085,2
4,1481540086,1481540088,2
4,1481540088,1481540090,2
4,1481540090,1481540096,6
4,1481540096,1481540099,3
4,1481540100,1481540102,2
4,1481540102,1481540104,2
4,1481540105,1481540107,2
4,1481540111,1481540210,99
11,1481540207,1481540649,442
1,1481540209,1481540243,34
4,1481540212,1481540572,360
1,1481540247,1481540253,6
1,1481540256,1481540283,27
1,1481540292,1481540298,6
1,1481540302,1481540318,16
1,1481540325,1481540326,1
1,1481540329,1481540386,57
1,1481540396,1481540423,27
1,1481540437,1481540535,98
1,1481540539,1481540547,8
1,1481540553,1481540556,3
1,1481540559,1481540567,8
4,1481540572,1481540575,3
4,1481540575,1481540577,2
4,1481540577,1481540579,2
4,1481540584,1481540649,65
1,1481540645,1481540655,10
5,1481540647,1481540649,2
1,1481540673,1481540676,3
4,1481540677,1481540697,20
1,1481540680,1481540697,17
4,1481540698,1481540700,2
4,1481540700,1481540703,3
10,1481540701,1481540703,2
4,1481540704,1481544320,3616
1,1481540705,1481540714,9
1,1481540722,1481540725,3
1,1481544312,1481544320,8
4,1481544321,1481544323,2
1,1481544324,1481544330,6
14,1481544329,1481548130,3801
11,1481544346,1481544401,55
4,1481544347,1481544349,2
4,1481544350,1481544352,2
4,1481544352,1481544354,2
4,1481544355,1481544357,2
4,1481544358,1481544360,2
4,1481544360,1481544362,2
4,1481544362,1481544364,2
4,1481544365,1481544367,2
4,1481544368,1481544370,2
4,1481544371,1481544373,2
4,1481544374,1481544380,6
4,1481544380,1481544383,3
4,1481544383,1481544385,2
4,1481544385,1481544388,3
4,1481544388,1481544394,6
4,1481544394,1481544397,3
4,1481544398,1481544510,112
11,1481544401,1481544530,129
1,1481544419,1481544423,4
1,1481544426,1481544438,12
1,1481544442,1481544460,18
1,1481544471,1481544489,18
1,1481544502,1481544543,41
4,1481544512,1481544531,19
5,1481544529,1481544530,1
4,1481544533,1481544535,2
4,1481544535,1481544565,30
1,1481544546,1481544555,9
1,1481544560,1481544563,3
4,1481544566,1481544612,46
1,1481544568,1481544585,17
14,1481544575,1481548564,3989
1,1481544607,1481544609,2
11,1481544611,1481544751,140
4,1481544613,1481544615,2
4,1481544616,1481544618,2
4,1481544618,1481544621,3
4,1481544621,1481544624,3
4,1481544625,1481544627,2
4,1481544628,1481544630,2
4,1481544630,1481544632,2
4,1481544632,1481544635,3
4,1481544635,1481544637,2
4,1481544638,1481544641,3
4,1481544641,1481544644,3
4,1481544644,1481544649,5
4,1481544649,1481544651,2
4,1481544651,1481544653,2
4,1481544654,1481544656,2
4,1481544657,1481544660,3
4,1481544661,1481544704,43
1,1481544727,1481544731,4
4,1481544749,1481544806,57
1,1481544750,1481544765,15
11,1481544751,1481544964,213
1,1481544772,1481544784,12
1,1481544794,1481544826,32
4,1481544813,1481544919,106
1,1481544831,1481544832,1
1,1481544841,1481544844,3
1,1481544848,1481544855,7
1,1481544859,1481544881,22
1,1481544884,1481544895,11
1,1481544900,1481544903,3
1,1481544910,1481544918,8
4,1481544920,1481544929,9
4,1481544930,1481544932,2
4,1481544932,1481544934,2
4,1481544934,1481544936,2
4,1481544936,1481544938,2
4,1481544938,1481544940,2
4,1481544940,1481544963,23
1,1481544947,1481544948,1
1,1481544957,1481544971,14
4,1481544965,1481544986,21
14,1481544969,1481548801,3832
11,1481544986,1481545105,119
4,1481544987,1481544989,2
4,1481544989,1481544992,3
4,1481544992,1481544996,4
4,1481544997,1481544999,2
4,1481544999,1481545001,2
4,1481545001,1481545003,2
4,1481545004,1481545006,2
4,1481545007,1481545009,2
4,1481545009,1481545011,2
4,1481545011,1481545013,2
4,1481545014,1481545018,4
4,1481545018,1481545020,2
4,1481545020,1481545023,3
4,1481545023,1481545025,2
4,1481545025,1481545029,4
4,1481545060,1481545112,52
11,1481545105,1481545191,86
1,1481545109,1481545115,6
1,1481545121,1481545184,63
4,1481545122,1481545192,70
1,1481545187,1481545202,15
11,1481545191,1481545201,10
4,1481545192,1481545194,2
4,1481545194,1481545197,3
4,1481545197,1481545199,2
4,1481545199,1481545217,18
5,1481545200,1481545201,1
1,1481545215,1481545239,24
4,1481545217,1481545244,27
14,1481545226,1481548956,3730
11,1481545243,1481545290,47
4,1481545244,1481545246,2
4,1481545247,1481545249,2
4,1481545249,1481545252,3
4,1481545253,1481545255,2
4,1481545255,1481545258,3
4,1481545258,1481545260,2
4,1481545260,1481545263,3
4,1481545263,1481545265,2
4,1481545265,1481545267,2
4,1481545268,1481545270,2
4,1481545270,1481545273,3
4,1481545273,1481545276,3
4,1481545276,1481545278,2
4,1481545278,1481545281,3
4,1481545281,1481545285,4
4,1481545285,1481545291,6
11,1481545290,1481545298,8
1,1481545293,1481545301,8
11,1481545299,1481545301,2
11,1481545302,1481545306,4
1,1481545306,1481545316,10
11,1481545307,1481545356,49
1,1481545331,1481545335,4
4,1481545332,1481545356,24
1,1481545345,1481545356,11
5,1481545354,1481545356,2
1,1481545380,1481545408,28
4,1481545409,1481545411,2
4,1481545412,1481545417,5
4,1481545417,1481545420,3
4,1481545420,1481545423,3
4,1481545425,1481545429,4
4,1481545432,1481545457,25
1,1481545451,1481545457,6
4,1481545460,1481545466,6
10,1481545461,1481545466,5
4,1481545466,1481545474,8
10,1481545466,1481545467,1
4,1481545474,1481545476,2
4,1481545476,1481545479,3
4,1481545483,1481545489,6
1,1481545486,1481545515,29
4,1481545489,1481545492,3
4,1481545497,1481545510,13
4,1481545510,1481545516,6
10,1481545511,1481545512,1
4,1481545516,1481545518,2
4,1481545519,1481545522,3
4,1481545522,1481545524,2
4,1481545524,1481545527,3
4,1481545527,1481545530,3
4,1481545530,1481545532,2
4,1481545532,1481545536,4
1,1481545533,1481545575,42
4,1481545538,1481545541,3
4,1481545541,1481545545,4
4,1481545550,1481545552,2
4,1481545562,1481545569,7
4,1481545573,1481545576,3
4,1481545576,1481545580,4
1,1481545579,1481545581,2
4,1481545580,1481545638,58
1,1481545589,1481545609,20
1,1481545613,1481545626,13
14,1481545617,1481549515,3898
11,1481545637,1481545685,48
4,1481545639,1481545641,2
4,1481545641,1481545643,2
4,1481545644,1481545646,2
4,1481545648,1481545650,2
4,1481545650,1481545652,2
4,1481545653,1481545655,2
4,1481545655,1481545657,2
4,1481545657,1481545659,2
4,1481545660,1481545662,2
4,1481545663,1481545665,2
4,1481545665,1481545669,4
4,1481545669,1481545671,2
4,1481545672,1481545674,2
4,1481545674,1481545676,2
4,1481545676,1481545680,4
4,1481545680,1481545685,5
11,1481545685,1481545691,6
1,1481545689,1481545706,17
11,1481545694,1481545756,62
4,1481545703,1481545756,53
1,1481545747,1481545768,21
11,1481545756,1481545758,2
11,1481545760,1481545882,122
1,1481545772,1481545774,2
1,1481545779,1481545795,16
1,1481545843,1481545899,56
11,1481545883,1481545884,1
11,1481545886,1481545914,28
1,1481545909,1481545932,23
5,1481545913,1481545914,1
4,1481545915,1481545986,71
1,1481545944,1481545946,2
1,1481545957,1481545973,16
4,1481545987,1481545994,7
1,1481545988,1481546010,22
4,1481545995,1481546000,5
4,1481546010,1481546025,15
1,1481546014,1481546024,10
4,1481546025,1481546027,2
4,1481546027,1481546035,8
1,1481546030,1481546035,5
4,1481546035,1481546038,3
1,1481546039,1481546057,18
4,1481546041,1481546051,10
1,1481546067,1481546090,23
4,1481546071,1481546082,11
4,1481546086,1481546106,20
1,1481546094,1481546098,4
1,1481546103,1481546109,6
1,1481546117,1481546167,50
4,1481546158,1481546163,5
4,1481546166,1481546176,10
1,1481546172,1481546181,9
4,1481546177,1481546182,5
4,1481546182,1481546185,3
4,1481546185,1481546187,2
4,1481546187,1481546189,2
4,1481546189,1481546194,5
1,1481546192,1481546197,5
4,1481546194,1481546206,12
1,1481546202,1481546209,7
10,1481546207,1481546209,2
1,1481546216,1481546219,3
4,1481546222,1481546227,5
1,1481546224,1481546227,3
4,1481546228,1481546232,4
1,1481546231,1481546236,5
4,1481546233,1481546237,4
1,1481546240,1481546243,3
4,1481546241,1481548401,2160
1,1481548382,1481548383,1
1,1481548387,1481548388,1
1,1481548392,1481548405,13
4,1481548404,1481548406,2
4,1481548406,1481548411,5
1,1481548409,1481548416,7
4,1481548411,1481548416,5
10,1481548412,1481548413,1
4,1481548417,1481548420,3
4,1481548420,1481548422,2
4,1481548423,1481548428,5
1,1481548424,1481548427,3
4,1481548429,1481548432,3
4,1481548434,1481548437,3
1,1481548440,1481548447,7
1,1481548454,1481548461,7
4,1481548462,1481548484,22
10,1481548464,1481548473,9
1,1481548465,1481548504,39
4,1481548488,1481548496,8
4,1481548496,1481548502,6
10,1481548499,1481548502,3
4,1481548502,1481548517,15
1,1481548511,1481548516,5
1,1481548520,1481548551,31
1,1481548563,1481548567,4
1,1481548570,1481548578,8
14,1481548575,1481552464,3889
11,1481548594,1481548646,52
4,1481548595,1481548597,2
4,1481548598,1481548600,2
4,1481548600,1481548602,2
4,1481548602,1481548605,3
1,1481548604,1481548605,1
4,1481548606,1481548608,2
4,1481548609,1481548611,2
4,1481548611,1481548613,2
4,1481548613,1481548615,2
4,1481548616,1481548618,2
4,1481548618,1481548621,3
4,1481548621,1481548624,3
4,1481548624,1481548628,4
4,1481548628,1481548631,3
4,1481548631,1481548633,2
4,1481548634,1481548636,2
4,1481548636,1481548640,4
4,1481548641,1481548646,5
11,1481548646,1481548651,5
1,1481548649,1481548677,28
11,1481548653,1481548666,13
11,1481548666,1481548668,2
11,1481548670,1481548684,14
1,1481548682,1481548690,8
11,1481548684,1481548686,2
11,1481548688,1481548720,32
1,1481548693,1481548701,8
4,1481548698,1481548721,23
1,1481548717,1481548721,4
11,1481548720,1481548763,43
11,1481548763,1481548768,5
4,1481548763,1481548864,101
1,1481548766,1481548770,4
11,1481548768,1481548811,43
11,1481548811,1481548864,53
1,1481548814,1481548827,13
1,1481548843,1481548870,27
5,1481548862,1481548864,2
4,1481548868,1481548873,5
4,1481548873,1481548889,16
1,1481548877,1481548906,29
10,1481548907,1481548914,7
1,1481548913,1481548918,5
4,1481548918,1481548921,3
1,1481548922,1481548924,2
1,1481548929,1481548930,1
4,1481548932,1481548951,19
1,1481548935,1481548941,6
4,1481548951,1481548969,18
1,1481548960,1481548964,4
4,1481548969,1481548983,14
1,1481548978,1481548985,7
4,1481548984,1481548995,11
1,1481548988,1481548992,4
1,1481548996,1481549005,9
4,1481548998,1481549012,14
1,1481549010,1481549011,1
4,1481549013,1481549015,2
4,1481549015,1481549017,2
4,1481549017,1481549019,2
4,1481549019,1481549024,5
1,1481549023,1481549025,2
4,1481549027,1481549031,4
4,1481549031,1481549033,2
4,1481549033,1481549038,5
1,1481549036,1481549042,6
4,1481549039,1481549042,3
1,1481549045,1481549047,2
1,1481549058,1481549065,7
4,1481549059,1481549074,15
1,1481549072,1481549073,1
4,1481549075,1481549079,4
10,1481549075,1481549079,4
10,1481549079,1481549081,2
4,1481549081,1481549084,3
10,1481549081,1481549082,1
10,1481549084,1481549102,18
1,1481549087,1481549089,2
1,1481549102,1481549106,4
4,1481549107,1481549147,40
1,1481549112,1481549124,12
1,1481549127,1481549156,29
4,1481549150,1481549153,3
4,1481549153,1481549158,5
4,1481549158,1481549168,10
1,1481549160,1481549166,6
4,1481549168,1481549172,4
10,1481549170,1481549172,2
4,1481549173,1481549176,3
10,1481549173,1481549174,1
4,1481549176,1481549178,2
4,1481549179,1481549181,2
4,1481549182,1481549184,2
10,1481549184,1481549186,2
4,1481549186,1481549194,8
1,1481549190,1481549196,6
4,1481549194,1481549199,5
4,1481549199,1481549201,2
10,1481549201,1481549203,2
4,1481549203,1481549207,4
4,1481549207,1481549210,3
10,1481549209,1481549210,1
1,1481549210,1481549211,1
4,1481549212,1481549275,63
1,1481549215,1481549218,3
1,1481549227,1481549238,11
1,1481549256,1481549259,3
1,1481549268,1481549274,6
4,1481549275,1481549282,7
10,1481549278,1481549282,4
4,1481549282,1481549288,6
1,1481549285,1481549288,3
1,1481549292,1481549294,2
4,1481549297,1481549299,2
4,1481549299,1481549307,8
4,1481549307,1481549360,53
1,1481549308,1481549311,3
1,1481549316,1481549320,4
1,1481549326,1481549336,10
1,1481549339,1481549347,8
4,1481549360,1481549369,9
1,1481549361,1481549370,9
4,1481549371,1481549373,2
4,1481549373,1481549378,5
10,1481549374,1481549376,2
1,1481549375,1481549384,9
4,1481549386,1481549388,2
4,1481549389,1481549394,5
10,1481549390,1481549393,3
1,1481549391,1481549393,2
4,1481549394,1481549418,24
10,1481549395,1481549410,15
1,1481549396,1481549397,1
1,1481549406,1481549416,10
4,1481549418,1481549429,11
1,1481549419,1481549428,9
4,1481549429,1481549431,2
1,1481549433,1481549436,3
4,1481549437,1481549447,10
10,1481549438,1481549445,7
1,1481549439,1481549454,15
4,1481549451,1481549457,6
10,1481549455,1481549457,2
4,1481549457,1481549471,14
1,1481549459,1481549474,15
4,1481549471,1481549475,4
4,1481549475,1481549477,2
4,1481549477,1481549479,2
4,1481549480,1481549484,4
10,1481549480,1481549482,2
1,1481549481,1481549483,2
4,1481549486,1481549493,7
10,1481549487,1481549493,6
4,1481549494,1481549498,4
10,1481549495,1481549498,3
10,1481549498,1481549500,2
4,1481549500,1481549503,3
10,1481549502,1481549503,1
4,1481549504,1481549507,3
10,1481549505,1481549507,2
4,1481549507,1481549517,10
1,1481549510,1481549511,1
4,1481549517,1481549522,5
1,1481549518,1481549521,3
4,1481549525,1481549528,3
4,1481549528,1481549530,2
4,1481549531,1481549534,3
4,1481549535,1481549539,4
4,1481549539,1481549568,29
1,1481549541,1481549544,3
1,1481549550,1481549577,27
4,1481549571,1481549579,8
4,1481549579,1481549583,4
4,1481549583,1481549587,4
1,1481549585,1481549601,16
4,1481549590,1481549601,11
4,1481549602,1481549605,3
10,1481549604,1481549605,1
4,1481549605,1481549614,9
10,1481549607,1481549609,2
1,1481549608,1481549625,17
4,1481549620,1481549623,3
10,1481549623,1481549625,2
10,1481549626,1481549627,1
4,1481549627,1481549635,8
1,1481549632,1481549633,1
10,1481549634,1481549635,1
4,1481549635,1481549637,2
10,1481549636,1481549637,1
4,1481549637,1481549642,5
4,1481549642,1481549656,14
10,1481549643,1481549648,5
1,1481549646,1481549653,7
4,1481549656,1481549660,4
4,1481549660,1481549670,10
1,1481549661,1481549668,7
4,1481549670,1481549694,24
1,1481549672,1481549683,11
1,1481549687,1481549701,14
4,1481549694,1481549698,4
4,1481549698,1481549701,3
10,1481549699,1481549701,2
4,1481549702,1481549704,2
4,1481549705,1481549710,5
10,1481549706,1481549708,2
1,1481549707,1481549709,2
4,1481549710,1481549718,8
1,1481549714,1481549723,9
4,1481549724,1481549727,3
1,1481549727,1481549729,2
1,1481549735,1481549745,10
4,1481549737,1481549741,4
4,1481549742,1481549746,4
4,1481549746,1481549765,19
1,1481549750,1481549775,25
4,1481549765,1481549799,34
1,1481549781,1481549782,1
1,1481549788,1481549791,3
1,1481549794,1481549812,18
14,1481549804,1481553621,3817
11,1481549839,1481549938,99
4,1481549840,1481549842,2
4,1481549843,1481549845,2
4,1481549845,1481549847,2
4,1481549847,1481549850,3
4,1481549851,1481549853,2
4,1481549853,1481549855,2
4,1481549856,1481549858,2
4,1481549858,1481549860,2
4,1481549861,1481549863,2
4,1481549863,1481549866,3
4,1481549866,1481549868,2
4,1481549868,1481549871,3
4,1481549872,1481549874,2
4,1481549874,1481549876,2
4,1481549876,1481549879,3
4,1481549879,1481549883,4
4,1481549883,1481549935,52
4,1481549935,1481549993,58
11,1481549938,1481550021,83
1,1481549945,1481549947,2
1,1481549952,1481549972,20
1,1481549975,1481550001,26
4,1481549995,1481550022,27
1,1481550004,1481550030,26
5,1481550020,1481550021,1
4,1481550026,1481550031,5
4,1481550031,1481550034,3
4,1481550034,1481550061,27
1,1481550051,1481550061,10
4,1481550062,1481550126,64
1,1481550069,1481550073,4
1,1481550084,1481550088,4
14,1481550088,1481553911,3823
1,1481550094,1481550112,18
11,1481550125,1481550222,97
4,1481550126,1481550128,2
4,1481550129,1481550131,2
4,1481550131,1481550134,3
4,1481550135,1481550137,2
4,1481550138,1481550140,2
4,1481550140,1481550142,2
4,1481550143,1481550145,2
4,1481550145,1481550147,2
4,1481550147,1481550149,2
4,1481550151,1481550153,2
4,1481550153,1481550157,4
4,1481550158,1481550160,2
4,1481550160,1481550162,2
4,1481550162,1481550165,3
4,1481550165,1481550168,3
4,1481550169,1481550252,83
11,1481550222,1481550300,78
1,1481550249,1481550275,26
4,1481550255,1481550300,45
1,1481550293,1481550305,12
11,1481550300,1481550311,11
4,1481550302,1481550304,2
4,1481550304,1481550306,2
4,1481550307,1481550309,2
4,1481550309,1481550311,2
5,1481550310,1481550311,1
1,1481550317,1481550329,12
4,1481550330,1481550332,2
1,1481550344,1481550349,5
14,1481550349,1481554022,3673
1,1481550424,1481550427,3
1,1481550435,1481550436,1
1,1481550447,1481550448,1
1,1481550485,1481550487,2
1,1481550493,1481550502,9
4,1481550495,1481550503,8
4,1481550506,1481550508,2
4,1481550509,1481550511,2
4,1481550512,1481550514,2
10,1481550512,1481550513,1
4,1481550514,1481550520,6
4,1481550521,1481550523,2
10,1481550522,1481550523,1
4,1481550523,1481550525,2
4,1481550526,1481550528,2
4,1481550531,1481550534,3
4,1481550534,1481550537,3
4,1481550537,1481550539,2
4,1481550539,1481550545,6
1,1481550542,1481550553,11
4,1481550547,1481550553,6
4,1481550554,1481550558,4
4,1481550558,1481550560,2
4,1481550560,1481550564,4
4,1481550565,1481550567,2
4,1481550568,1481550571,3
4,1481550571,1481550573,2
4,1481550573,1481550575,2
4,1481550578,1481550728,150
1,1481550603,1481550604,1
1,1481550607,1481550610,3
14,1481550609,1481554285,3676
1,1481550687,1481550689,2
1,1481550724,1481550736,12
4,1481550734,1481550736,2
4,1481550740,1481550752,12
1,1481550746,1481550751,5
4,1481550752,1481550756,4
4,1481550757,1481550773,16
1,1481550762,1481550773,11
4,1481550777,1481550782,5
10,1481550777,1481550781,4
1,1481550778,1481550781,3
4,1481550782,1481550784,2
4,1481550785,1481550787,2
4,1481550787,1481550790,3
4,1481550790,1481550794,4
10,1481550791,1481550793,2
4,1481550795,1481550799,4
4,1481550799,1481550806,7
1,1481550803,1481550805,2
4,1481550806,1481550808,2
4,1481550808,1481550810,2
4,1481550810,1481550812,2
4,1481550812,1481550814,2
4,1481550817,1481550819,2
4,1481550819,1481550823,4
1,1481550828,1481550846,18
4,1481550836,1481550855,19
1,1481550849,1481550854,5
4,1481550856,1481550859,3
4,1481550859,1481550861,2
4,1481550861,1481550865,4
4,1481550865,1481550868,3
4,1481550868,1481550870,2
4,1481550871,1481550873,2
4,1481550873,1481550876,3
4,1481550876,1481550879,3
4,1481550879,1481550882,3
4,1481550882,1481550887,5
4,1481550889,1481550892,3
4,1481550893,1481550896,3
4,1481550896,1481550898,2
4,1481550898,1481550900,2
4,1481550901,1481550911,10
1,1481550909,1481550910,1
4,1481550911,1481550913,2
4,1481550913,1481550915,2
4,1481550916,1481550918,2
4,1481550918,1481550921,3
1,1481550919,1481550927,8
4,1481550923,1481550965,42
1,1481550954,1481550958,4
14,1481550957,1481554643,3686
1,1481550963,1481550964,1
4,1481550965,1481551162,197
10,1481550967,1481550985,18
1,1481551045,1481551050,5
1,1481551053,1481551057,4
1,1481551065,1481551094,29
1,1481551099,1481551114,15
1,1481551117,1481551119,2
1,1481551143,1481551151,8
1,1481551155,1481551161,6
4,1481551162,1481551165,3
10,1481551164,1481551165,1
4,1481551165,1481551167,2
10,1481551167,1481551169,2
4,1481551169,1481551172,3
4,1481551172,1481551174,2
4,1481551174,1481551176,2
10,1481551177,1481551178,1
4,1481551178,1481551180,2
10,1481551179,1481551180,1
4,1481551181,1481551184,3
4,1481551184,1481551186,2
4,1481551186,1481551216,30
1,1481551190,1481551195,5
14,1481551194,1481554976,3782
1,1481551198,1481551200,2
1,1481551204,1481551205,1
11,1481551215,1481551319,104
4,1481551216,1481551219,3
4,1481551219,1481551222,3
4,1481551222,1481551226,4
4,1481551227,1481551229,2
4,1481551229,1481551231,2
4,1481551232,1481551234,2
4,1481551234,1481551236,2
4,1481551236,1481551238,2
4,1481551238,1481551240,2
4,1481551241,1481551243,2
4,1481551244,1481551246,2
4,1481551246,1481551249,3
4,1481551250,1481551252,2
4,1481551252,1481551254,2
4,1481551254,1481551258,4
4,1481551258,1481551262,4
4,1481551263,1481551291,28
4,1481551314,1481551320,6
11,1481551319,1481551376,57
1,1481551320,1481551349,29
4,1481551348,1481551376,28
1,1481551353,1481551358,5
1,1481551369,1481551377,8
5,1481551374,1481551376,2
4,1481551378,1481551381,3
4,1481551381,1481551384,3
4,1481551384,1481551386,2
4,1481551386,1481551389,3
4,1481551389,1481551392,3
4,1481551392,1481551395,3
4,1481551395,1481551397,2
4,1481551397,1481551399,2
4,1481551400,1481551405,5
4,1481551405,1481551413,8
1,1481551410,1481551412,2
4,1481551413,1481551415,2
4,1481551416,1481551420,4
1,1481551418,1481551439,21
4,1481551420,1481551449,29
1,1481551448,1481551449,1
1,1481551457,1481551458,1
4,1481551457,1481551467,10
1,1481551467,1481551468,1
1,1481551476,1481551479,3
4,1481551477,1481551488,11
1,1481551487,1481551488,1
1,1481551496,1481551497,1
4,1481551496,1481551505,9
1,1481551504,1481551507,3
1,1481551514,1481551515,1
4,1481551514,1481551524,10
1,1481551522,1481551524,2
4,1481551528,1481551664,136
1,1481551561,1481551579,18
14,1481551576,1481555254,3678
1,1481551656,1481551663,7
4,1481551664,1481551666,2
4,1481551666,1481551669,3
10,1481551667,1481551669,2
4,1481551669,1481551675,6
10,1481551672,1481551675,3
10,1481551676,1481551677,1
4,1481551677,1481551680,3
4,1481551680,1481551682,2
4,1481551683,1481551685,2
4,1481551686,1481551689,3
10,1481551688,1481551689,1
4,1481551689,1481551692,3
10,1481551690,1481551691,1
4,1481551693,1481551695,2
4,1481551696,1481551699,3
4,1481551700,1481551702,2
4,1481551703,1481551705,2
4,1481551705,1481551708,3
4,1481551708,1481551710,2
4,1481551710,1481551713,3
4,1481551713,1481551715,2
4,1481551715,1481551727,12
1,1481551722,1481551737,15
4,1481551728,1481551871,143
14,1481551737,1481555410,3673
1,1481551812,1481551822,10
1,1481551838,1481551840,2
1,1481551843,1481551852,9
1,1481551863,1481551865,2
4,1481551871,1481551879,8
4,1481551883,1481551887,4
4,1481551887,1481551898,11
1,1481551890,1481551893,3
4,1481551898,1481551905,7
1,1481551900,1481551904,4
4,1481551910,1481551988,78
1,1481551914,1481551916,2
14,1481551916,1481555576,3660
1,1481551979,1481551981,2
1,1481551984,1481551990,6
4,1481551991,1481551993,2
4,1481551994,1481551996,2
1,1481551999,1481552003,4
14,1481552003,1481555664,3661
1,1481552065,1481552073,8
4,1481552069,1481552072,3
4,1481552072,1481552075,3
4,1481552075,1481552078,3
4,1481552078,1481552080,2
4,1481552080,1481552085,5
1,1481552084,1481552088,4
4,1481552089,1481552092,3
4,1481552092,1481552094,2
4,1481552094,1481552098,4
1,1481552098,1481552108,10
4,1481552098,1481552110,12
4,1481552111,1481553134,1023
1,1481552117,1481552119,2
1,1481552122,1481552133,11
14,1481552133,1481555809,3676
1,1481552846,1481552847,1
1,1481552864,1481552867,3
1,1481553003,1481553021,18
1,1481553033,1481553045,12
1,1481553103,1481553111,8
1,1481553115,1481553118,3
1,1481553132,1481553133,1
4,1481553135,1481553137,2
4,1481553137,1481553139,2
4,1481553139,1481553142,3
4,1481553142,1481553145,3
4,1481553145,1481553152,7
1,1481553147,1481553163,16
10,1481553152,1481553154,2
4,1481553155,1481553161,6
4,1481553165,1481553557,392
1,1481553243,1481553245,2
1,1481553518,1481553523,5
1,1481553527,1481553529,2
1,1481553554,1481553556,2
4,1481553557,1481553559,2
4,1481553559,1481553580,21
1,1481553577,1481553579,2
4,1481553580,1481553782,202
1,1481553584,1481553589,5
1,1481553600,1481553604,4
1,1481553623,1481553624,1
1,1481553650,1481553653,3
1,1481553663,1481553666,3
1,1481553685,1481553686,1
1,1481553700,1481553704,4
1,1481553709,1481553711,2
1,1481553718,1481553723,5
1,1481553756,1481553761,5
1,1481553767,1481553781,14
4,1481553782,1481553785,3
4,1481553787,1481553790,3
4,1481553790,1481553793,3
4,1481553793,1481553826,33
1,1481553800,1481553808,8
1,1481553813,1481553821,8
4,1481553827,1481553830,3
4,1481553830,1481553834,4
10,1481553831,1481553834,3
10,1481553834,1481553836,2
4,1481553836,1481553839,3
10,1481553836,1481553837,1
4,1481553844,1481553847,3
4,1481553847,1481553849,2
4,1481553849,1481553855,6
1,1481553850,1481553857,7
4,1481553855,1481553863,8
1,1481553861,1481553862,1
4,1481553863,1481553866,3
4,1481553866,1481554014,148
1,1481553869,1481553870,1
1,1481553885,1481553888,3
1,1481553953,1481553956,3
1,1481553994,1481554001,7
1,1481554004,1481554036,32
4,1481554014,1481554028,14
4,1481554028,1481554031,3
4,1481554032,1481554035,3
4,1481554049,1481554051,2
4,1481554052,1481554060,8
1,1481554052,1481554086,34
4,1481554060,1481554062,2
4,1481554065,1481554073,8
4,1481554073,1481554080,7
4,1481554085,1481554452,367
1,1481554090,1481554093,3
1,1481554117,1481554121,4
1,1481554137,1481554140,3
1,1481554202,1481554204,2
1,1481554220,1481554222,2
1,1481554241,1481554242,1
1,1481554266,1481554269,3
1,1481554306,1481554318,12
1,1481554322,1481554326,4
1,1481554371,1481554374,3
1,1481554388,1481554394,6
1,1481554398,1481554401,3
1,1481554407,1481554430,23
1,1481554449,1481554451,2
4,1481554452,1481554454,2
4,1481554454,1481554457,3
4,1481554457,1481554459,2
4,1481554460,1481554465,5
10,1481554463,1481554465,2
4,1481554466,1481554468,2
4,1481554468,1481554471,3
4,1481554473,1481554475,2
4,1481554475,1481554480,5
1,1481554477,1481554495,18
4,1481554480,1481554654,174
1,1481554550,1481554561,11
1,1481554565,1481554570,5
1,1481554587,1481554602,15
1,1481554621,1481554624,3
1,1481554631,1481554648,17
4,1481554654,1481554658,4
4,1481554658,1481554661,3
4,1481554661,1481554664,3
4,1481554666,1481554673,7
10,1481554666,1481554667,1
10,1481554668,1481554673,5
4,1481554677,1481554682,5
1,1481554680,1481554681,1
4,1481554683,1481554955,272
1,1481554693,1481554696,3
1,1481554701,1481554702,1
14,1481554702,1481558490,3788
1,1481554720,1481554726,6
1,1481554758,1481554767,9
1,1481554835,1481554845,10
1,1481554848,1481554850,2
1,1481554854,1481554864,10
1,1481554869,1481554884,15
1,1481554893,1481554895,2
1,1481554911,1481554915,4
1,1481554948,1481554952,4
14,1481554951,1481558931,3980
11,1481554954,1481555331,377
4,1481554956,1481554958,2
4,1481554958,1481554960,2
4,1481554960,1481554963,3
4,1481554963,1481554965,2
4,1481554966,1481554968,2
4,1481554969,1481554971,2
4,1481554971,1481554973,2
4,1481554973,1481554976,3
4,1481554976,1481554978,2
4,1481554978,1481554980,2
4,1481554981,1481554983,2
4,1481554983,1481554986,3
4,1481554986,1481554989,3
1,1481554988,1481554992,4
4,1481554989,1481554991,2
4,1481554992,1481554995,3
4,1481554997,1481555005,8
4,1481555005,1481555007,2
4,1481555007,1481555009,2
4,1481555009,1481555011,2
4,1481555012,1481555014,2
4,1481555014,1481555016,2
4,1481555016,1481555018,2
4,1481555019,1481555021,2
4,1481555021,1481555023,2
4,1481555023,1481555025,2
4,1481555026,1481555028,2
4,1481555028,1481555030,2
4,1481555030,1481555032,2
4,1481555032,1481555034,2
4,1481555035,1481555037,2
4,1481555037,1481555039,2
4,1481555039,1481555041,2
4,1481555041,1481555043,2
4,1481555044,1481555046,2
4,1481555046,1481555048,2
4,1481555048,1481555050,2
4,1481555050,1481555052,2
4,1481555053,1481555055,2
1,1481555055,1481555063,8
4,1481555055,1481555057,2
4,1481555057,1481555059,2
4,1481555060,1481555062,2
4,1481555062,1481555064,2
4,1481555064,1481555066,2
4,1481555066,1481555068,2
4,1481555069,1481555071,2
4,1481555071,1481555073,2
4,1481555073,1481555075,2
4,1481555075,1481555077,2
1,1481555077,1481555086,9
4,1481555078,1481555080,2
4,1481555080,1481555082,2
4,1481555082,1481555085,3
4,1481555085,1481555087,2
4,1481555088,1481555090,2
4,1481555090,1481555092,2
4,1481555092,1481555094,2
4,1481555094,1481555096,2
4,1481555097,1481555099,2
4,1481555099,1481555101,2
4,1481555101,1481555103,2
4,1481555103,1481555105,2
4,1481555106,1481555108,2
4,1481555108,1481555110,2
4,1481555110,1481555112,2
4,1481555112,1481555114,2
4,1481555115,1481555117,2
4,1481555117,1481555119,2
4,1481555119,1481555121,2
4,1481555121,1481555124,3
4,1481555124,1481555126,2
4,1481555126,1481555128,2
4,1481555128,1481555131,3
4,1481555131,1481555133,2
4,1481555133,1481555135,2
4,1481555136,1481555138,2
4,1481555138,1481555140,2
4,1481555140,1481555142,2
4,1481555142,1481555144,2
4,1481555145,1481555147,2
4,1481555147,1481555149,2
4,1481555149,1481555151,2
4,1481555151,1481555153,2
4,1481555154,1481555156,2
4,1481555156,1481555158,2
4,1481555158,1481555160,2
4,1481555160,1481555162,2
4,1481555163,1481555165,2
4,1481555165,1481555167,2
4,1481555167,1481555169,2
4,1481555169,1481555171,2
4,1481555172,1481555174,2
4,1481555174,1481555176,2
4,1481555176,1481555178,2
4,1481555178,1481555180,2
4,1481555181,1481555183,2
4,1481555183,1481555185,2
4,1481555185,1481555187,2
4,1481555188,1481555190,2
4,1481555190,1481555192,2
4,1481555192,1481555194,2
4,1481555194,1481555196,2
4,1481555197,1481555199,2
4,1481555199,1481555201,2
4,1481555201,1481555203,2
4,1481555203,1481555205,2
4,1481555206,1481555208,2
4,1481555208,1481555210,2
4,1481555210,1481555212,2
4,1481555212,1481555214,2
4,1481555215,1481555217,2
4,1481555217,1481555219,2
4,1481555219,1481555221,2
4,1481555221,1481555223,2
4,1481555224,1481555226,2
4,1481555226,1481555228,2
4,1481555228,1481555230,2
4,1481555230,1481555232,2
4,1481555233,1481555235,2
4,1481555235,1481555237,2
4,1481555237,1481555239,2
4,1481555239,1481555241,2
4,1481555242,1481555244,2
4,1481555244,1481555246,2
4,1481555246,1481555248,2
4,1481555248,1481555250,2
4,1481555251,1481555253,2
4,1481555253,1481555255,2
4,1481555255,1481555257,2
4,1481555258,1481555260,2
4,1481555260,1481555262,2
4,1481555262,1481555264,2
4,1481555264,1481555266,2
1,1481555267,1481555269,2
4,1481555267,1481555269,2
4,1481555269,1481555271,2
4,1481555271,1481555273,2
4,1481555274,1481555276,2
4,1481555276,1481555278,2
1,1481555277,1481555280,3
4,1481555278,1481555280,2
4,1481555281,1481555283,2
4,1481555283,1481555285,2
4,1481555285,1481555287,2
4,1481555288,1481555290,2
4,1481555290,1481555292,2
4,1481555292,1481555294,2
1,1481555294,1481555316,22
4,1481555295,1481555297,2
4,1481555297,1481555299,2
4,1481555299,1481555301,2
4,1481555302,1481555304,2
4,1481555305,1481555307,2
4,1481555307,1481555309,2
4,1481555309,1481555311,2
4,1481555312,1481555314,2
4,1481555314,1481555316,2
4,1481555316,1481555318,2
4,1481555319,1481555321,2
4,1481555321,1481555323,2
4,1481555323,1481555325,2
1,1481555325,1481555334,9
4,1481555325,1481555327,2
4,1481555328,1481555331,3
5,1481555329,1481555331,2
4,1481555335,1481555337,2
4,1481555338,1481555341,3
10,1481555339,1481555341,2
4,1481555341,1481555346,5
1,1481555344,1481555349,5
4,1481555346,1481555350,4
4,1481555351,1481555358,7
10,1481555353,1481555358,5
4,1481555358,1481555360,2
4,1481555361,1481555363,2
4,1481555363,1481555365,2
4,1481555369,1481555380,11
1,1481555376,1481555382,6
4,1481555380,1481555383,3
4,1481555383,1481555415,32
1,1481555415,1481555437,22
14,1481555437,1481559779,4342
11,1481555458,1481555977,519
4,1481555459,1481555462,3
4,1481555462,1481555464,2
4,1481555464,1481555467,3
4,1481555467,1481555470,3
4,1481555471,1481555473,2
4,1481555473,1481555475,2
4,1481555476,1481555478,2
4,1481555478,1481555480,2
1,1481555478,1481555484,6
4,1481555480,1481555482,2
4,1481555483,1481555485,2
4,1481555485,1481555487,2
4,1481555488,1481555490,2
4,1481555490,1481555493,3
4,1481555494,1481555496,2
4,1481555497,1481555499,2
4,1481555499,1481555502,3
4,1481555502,1481555506,4
4,1481555511,1481555513,2
4,1481555513,1481555515,2
4,1481555516,1481555518,2
1,1481555516,1481555522,6
4,1481555518,1481555520,2
4,1481555520,1481555522,2
4,1481555523,1481555525,2
4,1481555525,1481555527,2
4,1481555527,1481555529,2
4,1481555530,1481555532,2
1,1481555530,1481555533,3
4,1481555532,1481555534,2
4,1481555534,1481555537,3
4,1481555537,1481555539,2
4,1481555539,1481555541,2
4,1481555542,1481555544,2
4,1481555544,1481555546,2
4,1481555546,1481555548,2
1,1481555547,1481555553,6
4,1481555548,1481555551,3
4,1481555551,1481555553,2
4,1481555553,1481555555,2
4,1481555555,1481555557,2
4,1481555558,1481555560,2
4,1481555560,1481555562,2
4,1481555562,1481555564,2
4,1481555564,1481555566,2
4,1481555567,1481555569,2
4,1481555569,1481555571,2
4,1481555571,1481555573,2
4,1481555573,1481555575,2
4,1481555576,1481555578,2
4,1481555578,1481555580,2
4,1481555580,1481555582,2
4,1481555582,1481555584,2
4,1481555585,1481555587,2
4,1481555587,1481555589,2
4,1481555589,1481555591,2
4,1481555591,1481555593,2
4,1481555594,1481555596,2
4,1481555596,1481555598,2
4,1481555598,1481555600,2
4,1481555600,1481555602,2
4,1481555603,1481555605,2
1,1481555604,1481555605,1
4,1481555605,1481555607,2
4,1481555607,1481555609,2
4,1481555609,1481555611,2
4,1481555612,1481555614,2
4,1481555614,1481555616,2
4,1481555616,1481555618,2
4,1481555618,1481555620,2
4,1481555621,1481555623,2
4,1481555623,1481555625,2
4,1481555625,1481555627,2
4,1481555627,1481555629,2
4,1481555630,1481555632,2
4,1481555632,1481555634,2
4,1481555634,1481555636,2
4,1481555636,1481555638,2
4,1481555639,1481555641,2
4,1481555641,1481555643,2
4,1481555643,1481555645,2
4,1481555645,1481555647,2
4,1481555648,1481555650,2
4,1481555650,1481555652,2
4,1481555652,1481555654,2
4,1481555654,1481555656,2
4,1481555657,1481555659,2
4,1481555659,1481555661,2
4,1481555661,1481555663,2
4,1481555663,1481555665,2
4,1481555666,1481555668,2
4,1481555668,1481555670,2
4,1481555670,1481555672,2
4,1481555672,1481555674,2
4,1481555675,1481555677,2
4,1481555677,1481555679,2
4,1481555679,1481555681,2
4,1481555681,1481555683,2
4,1481555684,1481555686,2
4,1481555686,1481555688,2
4,1481555688,1481555690,2
4,1481555690,1481555692,2
4,1481555693,1481555695,2
4,1481555695,1481555697,2
4,1481555697,1481555699,2
4,1481555699,1481555701,2
4,1481555702,1481555704,2
4,1481555704,1481555706,2
4,1481555706,1481555708,2
4,1481555708,1481555711,3
4,1481555711,1481555713,2
4,1481555713,1481555715,2
4,1481555715,1481555717,2
4,1481555718,1481555720,2
4,1481555720,1481555722,2
4,1481555722,1481555724,2
4,1481555724,1481555726,2
4,1481555727,1481555729,2
4,1481555729,1481555731,2
4,1481555731,1481555733,2
4,1481555733,1481555735,2
4,1481555736,1481555738,2
4,1481555738,1481555740,2
4,1481555740,1481555742,2
4,1481555742,1481555744,2
4,1481555745,1481555747,2
4,1481555747,1481555749,2
4,1481555749,1481555751,2
4,1481555751,1481555753,2
4,1481555754,1481555756,2
4,1481555756,1481555758,2
4,1481555758,1481555760,2
4,1481555760,1481555762,2
4,1481555763,1481555765,2
4,1481555765,1481555767,2
4,1481555767,1481555769,2
4,1481555769,1481555771,2
4,1481555772,1481555774,2
4,1481555774,1481555776,2
4,1481555776,1481555778,2
4,1481555778,1481555780,2
4,1481555781,1481555783,2
4,1481555783,1481555785,2
4,1481555785,1481555787,2
4,1481555787,1481555789,2
4,1481555790,1481555792,2
4,1481555792,1481555794,2
4,1481555794,1481555796,2
4,1481555796,1481555798,2
4,1481555799,1481555801,2
4,1481555801,1481555803,2
4,1481555803,1481555805,2
4,1481555805,1481555807,2
4,1481555808,1481555810,2
4,1481555810,1481555812,2
4,1481555812,1481555814,2
4,1481555814,1481555816,2
4,1481555817,1481555819,2
4,1481555819,1481555821,2
4,1481555821,1481555823,2
4,1481555823,1481555825,2
4,1481555826,1481555828,2
4,1481555828,1481555830,2
4,1481555830,1481555832,2
4,1481555832,1481555834,2
4,1481555835,1481555837,2
4,1481555837,1481555839,2
4,1481555839,1481555841,2
4,1481555842,1481555844,2
4,1481555844,1481555846,2
4,1481555846,1481555848,2
4,1481555848,1481555850,2
4,1481555851,1481555853,2
4,1481555853,1481555855,2
4,1481555855,1481555857,2
4,1481555857,1481555859,2
4,1481555860,1481555862,2
4,1481555862,1481555864,2
4,1481555864,1481555866,2
4,1481555866,1481555868,2
4,1481555869,1481555871,2
4,1481555871,1481555873,2
4,1481555873,1481555875,2
4,1481555875,1481555877,2
4,1481555878,1481555880,2
4,1481555880,1481555882,2
4,1481555882,1481555884,2
4,1481555884,1481555886,2
4,1481555887,1481555889,2
4,1481555889,1481555891,2
4,1481555891,1481555893,2
4,1481555893,1481555895,2
4,1481555896,1481555898,2
4,1481555898,1481555900,2
4,1481555900,1481555902,2
4,1481555902,1481555904,2
4,1481555905,1481555907,2
4,1481555907,1481555909,2
4,1481555909,1481555911,2
4,1481555911,1481555913,2
4,1481555914,1481555916,2
4,1481555916,1481555918,2
4,1481555918,1481555920,2
4,1481555920,1481555922,2
4,1481555923,1481555925,2
4,1481555925,1481555927,2
4,1481555927,1481555929,2
4,1481555929,1481555931,2
4,1481555932,1481555934,2
4,1481555934,1481555936,2
4,1481555936,1481555938,2
4,1481555938,1481555940,2
4,1481555941,1481555943,2
4,1481555943,1481555945,2
4,1481555945,1481555947,2
4,1481555947,1481555949,2
4,1481555950,1481555952,2
4,1481555952,1481555954,2
4,1481555954,1481555956,2
4,1481555956,1481555958,2
4,1481555959,1481555961,2
4,1481555961,1481555963,2
4,1481555963,1481555965,2
4,1481555965,1481555967,2
4,1481555968,1481555970,2
4,1481555970,1481555972,2
4,1481555972,1481555974,2
4,1481555974,1481555978,4
11,1481555977,1481556178,201
1,1481556036,1481556066,30
1,1481556070,1481556072,2
1,1481556079,1481556095,16
1,1481556159,1481556163,4
1,1481556167,1481556181,14
5,1481556177,1481556178,1
4,1481556179,1481556181,2
4,1481556181,1481556184,3
4,1481556184,1481556187,3
4,1481556188,1481556190,2
4,1481556190,1481556193,3
4,1481556195,1481556197,2
4,1481556197,1481556200,3
4,1481556200,1481556209,9
4,1481556209,1481556211,2
4,1481556211,1481556215,4
1,1481556213,1481556217,4
4,1481556219,1481556223,4
10,1481556220,1481556222,2
1,1481556225,1481556229,4
4,1481556227,1481556231,4
4,1481556231,1481556233,2
4,1481556235,1481556237,2
4,1481556237,1481556247,10
1,1481556240,1481556243,3
4,1481556247,1481556250,3
4,1481556250,1481556252,2
4,1481556252,1481556258,6
1,1481556255,1481556257,2
4,1481556259,1481556271,12
1,1481556261,1481556263,2
1,1481556269,1481556271,2
1,1481556277,1481556280,3
4,1481556279,1481556289,10
1,1481556289,1481556308,19
4,1481556290,1481556292,2
4,1481556292,1481556296,4
4,1481556297,1481556301,4
4,1481556304,1481556308,4
4,1481556312,1481556324,12
1,1481556319,1481556321,2
10,1481556322,1481556324,2
4,1481556324,1481556326,2
4,1481556326,1481556329,3
1,1481556331,1481556333,2
4,1481556334,1481556336,2
4,1481556336,1481556339,3
4,1481556340,1481556342,2
4,1481556342,1481556344,2
10,1481556343,1481556345,2
4,1481556347,1481556353,6
10,1481556347,1481556350,3
4,1481556356,1481556360,4
4,1481556360,1481556395,35
1,1481556371,1481556377,6
14,1481556376,1481560938,4562
11,1481556394,1481556906,512
4,1481556396,1481556398,2
4,1481556398,1481556400,2
4,1481556400,1481556403,3
4,1481556403,1481556406,3
4,1481556406,1481556408,2
4,1481556408,1481556410,2
4,1481556411,1481556413,2
4,1481556413,1481556415,2
4,1481556415,1481556417,2
4,1481556417,1481556420,3
4,1481556421,1481556423,2
4,1481556423,1481556426,3
4,1481556426,1481556429,3
4,1481556429,1481556431,2
4,1481556431,1481556434,3
4,1481556435,1481556439,4
4,1481556439,1481556441,2
4,1481556441,1481556443,2
4,1481556444,1481556446,2
4,1481556446,1481556448,2
4,1481556448,1481556450,2
4,1481556450,1481556452,2
4,1481556453,1481556455,2
4,1481556455,1481556457,2
1,1481556456,1481556460,4
4,1481556457,1481556459,2
4,1481556459,1481556461,2
4,1481556462,1481556464,2
4,1481556464,1481556466,2
4,1481556466,1481556468,2
4,1481556469,1481556471,2
4,1481556471,1481556473,2
4,1481556473,1481556475,2
4,1481556476,1481556478,2
4,1481556478,1481556480,2
4,1481556480,1481556482,2
4,1481556483,1481556485,2
4,1481556485,1481556487,2
4,1481556487,1481556489,2
4,1481556489,1481556491,2
4,1481556492,1481556494,2
4,1481556494,1481556496,2
4,1481556496,1481556498,2
4,1481556498,1481556500,2
4,1481556501,1481556503,2
4,1481556503,1481556505,2
4,1481556505,1481556507,2
4,1481556507,1481556509,2
4,1481556510,1481556512,2
4,1481556512,1481556514,2
4,1481556514,1481556516,2
4,1481556516,1481556518,2
4,1481556519,1481556521,2
4,1481556521,1481556523,2
4,1481556523,1481556525,2
4,1481556525,1481556527,2
4,1481556528,1481556530,2
4,1481556530,1481556532,2
4,1481556532,1481556534,2
4,1481556535,1481556537,2
4,1481556537,1481556539,2
4,1481556539,1481556541,2
4,1481556541,1481556543,2
4,1481556544,1481556546,2
4,1481556546,1481556548,2
4,1481556548,1481556550,2
4,1481556550,1481556552,2
4,1481556553,1481556555,2
4,1481556555,1481556557,2
4,1481556557,1481556559,2
4,1481556560,1481556562,2
4,1481556562,1481556564,2
4,1481556564,1481556566,2
4,1481556566,1481556568,2
4,1481556569,1481556571,2
4,1481556571,1481556573,2
4,1481556573,1481556575,2
4,1481556575,1481556578,3
4,1481556578,1481556580,2
4,1481556580,1481556582,2
4,1481556582,1481556585,3
4,1481556585,1481556587,2
4,1481556587,1481556589,2
4,1481556589,1481556591,2
4,1481556592,1481556594,2
4,1481556594,1481556596,2
4,1481556596,1481556598,2
4,1481556598,1481556600,2
4,1481556601,1481556603,2
4,1481556603,1481556605,2
4,1481556605,1481556607,2
4,1481556607,1481556609,2
4,1481556610,1481556612,2
4,1481556612,1481556614,2
4,1481556614,1481556616,2
4,1481556616,1481556618,2
4,1481556619,1481556621,2
4,1481556621,1481556623,2
4,1481556623,1481556625,2
4,1481556625,1481556627,2
4,1481556628,1481556630,2
4,1481556630,1481556632,2
4,1481556632,1481556634,2
4,1481556634,1481556636,2
4,1481556637,1481556639,2
4,1481556639,1481556641,2
4,1481556641,1481556643,2
4,1481556644,1481556646,2
4,1481556646,1481556648,2
4,1481556648,1481556650,2
4,1481556651,1481556653,2
4,1481556653,1481556655,2
4,1481556655,1481556658,3
4,1481556658,1481556660,2
4,1481556660,1481556662,2
4,1481556663,1481556665,2
4,1481556665,1481556667,2
4,1481556667,1481556669,2
4,1481556670,1481556672,2
4,1481556672,1481556674,2
4,1481556675,1481556677,2
4,1481556677,1481556679,2
4,1481556679,1481556681,2
4,1481556681,1481556683,2
4,1481556684,1481556686,2
4,1481556686,1481556688,2
1,1481556686,1481556689,3
4,1481556688,1481556690,2
4,1481556691,1481556693,2
4,1481556693,1481556695,2
4,1481556695,1481556697,2
4,1481556698,1481556700,2
4,1481556700,1481556702,2
4,1481556702,1481556704,2
4,1481556705,1481556707,2
4,1481556707,1481556709,2
4,1481556709,1481556711,2
4,1481556712,1481556714,2
4,1481556714,1481556716,2
4,1481556716,1481556718,2
4,1481556719,1481556721,2
4,1481556721,1481556723,2
4,1481556723,1481556725,2
4,1481556726,1481556728,2
4,1481556728,1481556730,2
4,1481556730,1481556732,2
4,1481556732,1481556734,2
4,1481556735,1481556737,2
4,1481556737,1481556739,2
4,1481556739,1481556741,2
4,1481556742,1481556744,2
4,1481556744,1481556746,2
4,1481556746,1481556748,2
4,1481556748,1481556750,2
4,1481556751,1481556753,2
4,1481556753,1481556755,2
4,1481556755,1481556757,2
4,1481556757,1481556759,2
4,1481556760,1481556762,2
4,1481556762,1481556764,2
4,1481556764,1481556766,2
4,1481556766,1481556768,2
4,1481556769,1481556771,2
4,1481556771,1481556773,2
4,1481556773,1481556775,2
4,1481556776,1481556778,2
4,1481556778,1481556780,2
4,1481556780,1481556782,2
4,1481556783,1481556785,2
4,1481556785,1481556787,2
4,1481556787,1481556789,2
4,1481556789,1481556791,2
4,1481556792,1481556794,2
4,1481556794,1481556796,2
4,1481556796,1481556798,2
4,1481556799,1481556801,2
4,1481556801,1481556803,2
4,1481556803,1481556805,2
4,1481556806,1481556808,2
4,1481556808,1481556810,2
4,1481556810,1481556812,2
4,1481556812,1481556815,3
4,1481556815,1481556817,2
4,1481556817,1481556819,2
4,1481556819,1481556821,2
4,1481556822,1481556824,2
4,1481556824,1481556826,2
4,1481556826,1481556828,2
4,1481556828,1481556831,3
4,1481556831,1481556833,2
4,1481556833,1481556835,2
4,1481556835,1481556837,2
4,1481556838,1481556840,2
4,1481556840,1481556842,2
4,1481556842,1481556844,2
4,1481556845,1481556847,2
4,1481556847,1481556849,2
4,1481556849,1481556851,2
4,1481556852,1481556854,2
4,1481556854,1481556856,2
4,1481556856,1481556858,2
4,1481556859,1481556861,2
4,1481556861,1481556863,2
4,1481556863,1481556865,2
4,1481556865,1481556867,2
4,1481556868,1481556870,2
4,1481556870,1481556872,2
4,1481556872,1481556874,2
4,1481556875,1481556877,2
4,1481556877,1481556879,2
4,1481556879,1481556881,2
4,1481556881,1481556884,3
4,1481556884,1481556886,2
4,1481556886,1481556888,2
4,1481556888,1481556890,2
4,1481556891,1481556893,2
4,1481556893,1481556895,2
4,1481556896,1481556898,2
4,1481556898,1481556900,2
4,1481556900,1481556903,3
4,1481556903,1481556907,4
11,1481556906,1481557000,94
1,1481556920,1481556935,15
1,1481556940,1481556945,5
1,1481556954,1481556982,28
1,1481556987,1481556994,7
4,1481556995,1481556997,2
4,1481556998,1481557000,2
11,1481557000,1481557001,1
4,1481557000,1481557033,33
11,1481557001,1481557064,63
1,1481557001,1481557008,7
1,1481557019,1481557026,7
1,1481557030,1481557033,3
4,1481557033,1481557035,2
4,1481557035,1481557056,21
1,1481557039,1481557055,16
4,1481557056,1481557058,2
4,1481557058,1481557060,2
4,1481557061,1481557064,3
4,1481557064,1481557067,3
11,1481557064,1481557083,19
4,1481557067,1481557081,14
1,1481557069,1481557081,12
4,1481557083,1481557086,3
11,1481557083,1481557139,56
4,1481557086,1481557095,9
4,1481557095,1481557128,33
1,1481557098,1481557112,14
1,1481557118,1481557119,1
4,1481557129,1481557133,4
4,1481557133,1481557135,2
4,1481557135,1481557138,3
4,1481557138,1481557141,3
11,1481557139,1481557143,4
4,1481557143,1481557147,4
11,1481557143,1481557182,39
4,1481557147,1481557155,8
4,1481557155,1481557157,2
4,1481557157,1481557159,2
4,1481557160,1481557162,2
4,1481557162,1481557165,3
4,1481557165,1481557169,4
4,1481557170,1481557172,2
4,1481557173,1481557176,3
4,1481557176,1481557178,2
4,1481557178,1481557180,2
4,1481557181,1481557187,6
11,1481557182,1481557325,143
4,1481557187,1481557326,139
1,1481557189,1481557203,14
1,1481557210,1481557246,36
1,1481557254,1481557272,18
1,1481557292,1481557301,9
1,1481557304,1481557307,3
1,1481557320,1481557331,11
11,1481557326,1481557338,12
1,1481557335,1481557340,5
5,1481557336,1481557338,2
4,1481557338,1481557340,2
4,1481557341,1481557343,2
4,1481557343,1481557347,4
4,1481557347,1481557349,2
1,1481557352,1481557353,1
4,1481557356,1481557358,2
4,1481557359,1481557361,2
4,1481557361,1481557364,3
4,1481557364,1481557366,2
4,1481557367,1481557369,2
4,1481557370,1481557373,3
4,1481557373,1481557376,3
4,1481557376,1481557378,2
4,1481557378,1481557380,2
4,1481557381,1481557405,24
1,1481557387,1481557396,9
14,1481557394,1481561746,4352
1,1481557400,1481557404,4
4,1481557405,1481557409,4
4,1481557409,1481557411,2
4,1481557412,1481557416,4
11,1481557414,1481557927,513
4,1481557416,1481557419,3
4,1481557419,1481557421,2
4,1481557421,1481557423,2
1,1481557422,1481557426,4
4,1481557424,1481557426,2
4,1481557428,1481557430,2
4,1481557432,1481557434,2
4,1481557434,1481557436,2
4,1481557437,1481557439,2
4,1481557439,1481557441,2
4,1481557441,1481557443,2
4,1481557444,1481557446,2
4,1481557447,1481557449,2
4,1481557449,1481557451,2
4,1481557453,1481557456,3
4,1481557456,1481557458,2
4,1481557459,1481557461,2
4,1481557462,1481557466,4
4,1481557466,1481557468,2
4,1481557468,1481557471,3
4,1481557471,1481557473,2
4,1481557473,1481557475,2
4,1481557476,1481557478,2
4,1481557478,1481557480,2
4,1481557481,1481557483,2
4,1481557483,1481557485,2
4,1481557485,1481557487,2
4,1481557488,1481557490,2
4,1481557490,1481557492,2
4,1481557492,1481557494,2
4,1481557495,1481557497,2
4,1481557497,1481557499,2
4,1481557499,1481557501,2
4,1481557502,1481557504,2
4,1481557504,1481557506,2
4,1481557506,1481557508,2
4,1481557509,1481557511,2
4,1481557511,1481557513,2
4,1481557513,1481557515,2
4,1481557515,1481557518,3
4,1481557518,1481557520,2
4,1481557520,1481557522,2
4,1481557523,1481557525,2
4,1481557525,1481557527,2
4,1481557527,1481557529,2
4,1481557530,1481557532,2
4,1481557532,1481557534,2
4,1481557534,1481557536,2
4,1481557536,1481557538,2
4,1481557539,1481557541,2
4,1481557541,1481557543,2
4,1481557543,1481557545,2
4,1481557546,1481557548,2
4,1481557548,1481557550,2
4,1481557550,1481557552,2
4,1481557552,1481557554,2
4,1481557555,1481557557,2
4,1481557557,1481557559,2
4,1481557559,1481557562,3
4,1481557562,1481557564,2
4,1481557564,1481557566,2
4,1481557567,1481557569,2
4,1481557569,1481557571,2
4,1481557572,1481557574,2
4,1481557574,1481557577,3
4,1481557577,1481557579,2
4,1481557579,1481557581,2
4,1481557582,1481557584,2
4,1481557584,1481557586,2
4,1481557586,1481557588,2
4,1481557589,1481557591,2
4,1481557591,1481557593,2
4,1481557593,1481557595,2
4,1481557596,1481557598,2
4,1481557598,1481557600,2
4,1481557601,1481557603,2
4,1481557603,1481557605,2
4,1481557605,1481557607,2
4,1481557608,1481557610,2
4,1481557610,1481557612,2
4,1481557612,1481557614,2
4,1481557615,1481557617,2
4,1481557617,1481557619,2
4,1481557620,1481557622,2
4,1481557622,1481557624,2
4,1481557624,1481557626,2
4,1481557627,1481557629,2
4,1481557629,1481557631,2
4,1481557632,1481557634,2
4,1481557634,1481557636,2
4,1481557636,1481557638,2
4,1481557638,1481557640,2
4,1481557641,1481557643,2
4,1481557643,1481557645,2
4,1481557645,1481557648,3
4,1481557648,1481557650,2
4,1481557650,1481557652,2
4,1481557653,1481557655,2
4,1481557655,1481557657,2
4,1481557657,1481557659,2
4,1481557660,1481557662,2
4,1481557662,1481557664,2
4,1481557664,1481557666,2
4,1481557667,1481557669,2
4,1481557669,1481557671,2
4,1481557671,1481557674,3
4,1481557674,1481557676,2
4,1481557676,1481557678,2
4,1481557679,1481557681,2
4,1481557681,1481557683,2
4,1481557684,1481557686,2
4,1481557686,1481557688,2
4,1481557688,1481557690,2
4,1481557691,1481557693,2
4,1481557693,1481557695,2
4,1481557695,1481557698,3
4,1481557698,1481557700,2
4,1481557700,1481557702,2
4,1481557702,1481557704,2
4,1481557705,1481557707,2
4,1481557707,1481557709,2
4,1481557709,1481557711,2
4,1481557712,1481557714,2
4,1481557714,1481557716,2
4,1481557717,1481557719,2
4,1481557719,1481557721,2
4,1481557721,1481557724,3
4,1481557724,1481557726,2
4,1481557726,1481557728,2
4,1481557729,1481557731,2
4,1481557731,1481557733,2
4,1481557733,1481557736,3
4,1481557736,1481557738,2
4,1481557738,1481557740,2
4,1481557741,1481557743,2
4,1481557743,1481557746,3
4,1481557746,1481557748,2
4,1481557748,1481557751,3
4,1481557751,1481557753,2
4,1481557753,1481557755,2
4,1481557756,1481557758,2
4,1481557758,1481557760,2
4,1481557761,1481557763,2
4,1481557763,1481557765,2
4,1481557766,1481557768,2
4,1481557768,1481557770,2
4,1481557771,1481557773,2
4,1481557773,1481557775,2
4,1481557775,1481557777,2
4,1481557778,1481557780,2
4,1481557780,1481557782,2
4,1481557782,1481557784,2
4,1481557785,1481557787,2
4,1481557787,1481557789,2
4,1481557790,1481557792,2
4,1481557792,1481557794,2
4,1481557795,1481557797,2
4,1481557797,1481557799,2
4,1481557800,1481557802,2
4,1481557802,1481557804,2
4,1481557804,1481557806,2
4,1481557807,1481557809,2
4,1481557809,1481557811,2
4,1481557811,1481557814,3
4,1481557814,1481557816,2
4,1481557816,1481557818,2
4,1481557819,1481557821,2
4,1481557821,1481557823,2
4,1481557824,1481557826,2
4,1481557826,1481557828,2
4,1481557828,1481557830,2
4,1481557831,1481557833,2
4,1481557833,1481557835,2
4,1481557835,1481557837,2
4,1481557838,1481557840,2
4,1481557840,1481557842,2
4,1481557842,1481557844,2
4,1481557845,1481557847,2
4,1481557847,1481557849,2
4,1481557849,1481557851,2
4,1481557851,1481557853,2
4,1481557854,1481557856,2
4,1481557856,1481557858,2
4,1481557859,1481557861,2
4,1481557861,1481557863,2
4,1481557863,1481557865,2
4,1481557866,1481557868,2
4,1481557868,1481557870,2
4,1481557870,1481557872,2
4,1481557872,1481557875,3
4,1481557875,1481557877,2
4,1481557877,1481557879,2
4,1481557879,1481557881,2
4,1481557882,1481557884,2
4,1481557884,1481557886,2
4,1481557886,1481557888,2
4,1481557888,1481557891,3
4,1481557891,1481557893,2
4,1481557893,1481557895,2
4,1481557896,1481557898,2
4,1481557898,1481557900,2
4,1481557900,1481557902,2
4,1481557902,1481557905,3
4,1481557905,1481557907,2
4,1481557907,1481557909,2
4,1481557910,1481557912,2
4,1481557912,1481557914,2
4,1481557914,1481557917,3
4,1481557917,1481557919,2
4,1481557919,1481557921,2
4,1481557922,1481557924,2
11,1481557927,1481558146,219
4,1481557928,1481558019,91
1,1481557959,1481557968,9
1,1481557971,1481558018,47
4,1481558019,1481558024,5
4,1481558024,1481558027,3
4,1481558027,1481558146,119
1,1481558036,1481558051,15
1,1481558055,1481558088,33
1,1481558091,1481558109,18
1,1481558124,1481558155,31
5,1481558144,1481558146,2
4,1481558152,1481558156,4
1,1481558161,1481558162,1
4,1481558167,1481558176,9
1,1481558169,1481558180,11
4,1481558176,1481558178,2
4,1481558181,1481558183,2
4,1481558183,1481558185,2
4,1481558185,1481558190,5
1,1481558187,1481558189,2
4,1481558190,1481558196,6
1,1481558192,1481558199,7
4,1481558200,1481558202,2
4,1481558202,1481558207,5
1,1481558205,1481558207,2
4,1481558207,1481558212,5
1,1481558210,1481558212,2
4,1481558213,1481558218,5
1,1481558215,1481558230,15
4,1481558218,1481558220,2
4,1481558220,1481558223,3
4,1481558226,1481558231,5
4,1481558231,1481558233,2
4,1481558234,1481558239,5
1,1481558239,1481558246,7
14,1481558246,1481562505,4259
11,1481558279,1481558795,516
4,1481558280,1481558282,2
4,1481558283,1481558285,2
4,1481558285,1481558287,2
4,1481558288,1481558291,3
4,1481558292,1481558294,2
4,1481558294,1481558296,2
4,1481558296,1481558299,3
4,1481558299,1481558301,2
4,1481558302,1481558304,2
4,1481558304,1481558306,2
4,1481558307,1481558309,2
4,1481558309,1481558312,3
4,1481558312,1481558314,2
4,1481558315,1481558317,2
4,1481558317,1481558320,3
4,1481558320,1481558324,4
4,1481558325,1481558327,2
4,1481558328,1481558330,2
4,1481558330,1481558332,2
4,1481558332,1481558334,2
4,1481558334,1481558336,2
4,1481558337,1481558339,2
4,1481558339,1481558341,2
4,1481558341,1481558344,3
4,1481558344,1481558346,2
4,1481558346,1481558348,2
4,1481558348,1481558350,2
4,1481558351,1481558353,2
4,1481558353,1481558355,2
4,1481558355,1481558357,2
4,1481558358,1481558360,2
4,1481558360,1481558362,2
4,1481558362,1481558364,2
4,1481558364,1481558367,3
4,1481558367,1481558369,2
4,1481558369,1481558371,2
4,1481558371,1481558373,2
4,1481558374,1481558376,2
4,1481558376,1481558378,2
4,1481558378,1481558380,2
4,1481558381,1481558383,2
4,1481558383,1481558385,2
4,1481558385,1481558387,2
4,1481558387,1481558389,2
4,1481558390,1481558392,2
4,1481558392,1481558394,2
4,1481558395,1481558397,2
4,1481558397,1481558399,2
4,1481558399,1481558401,2
4,1481558402,1481558404,2
4,1481558404,1481558406,2
4,1481558407,1481558409,2
4,1481558409,1481558411,2
4,1481558411,1481558413,2
4,1481558413,1481558415,2
4,1481558416,1481558418,2
4,1481558418,1481558420,2
4,1481558420,1481558422,2
4,1481558423,1481558425,2
4,1481558425,1481558427,2
4,1481558427,1481558429,2
4,1481558429,1481558432,3
4,1481558432,1481558434,2
4,1481558434,1481558437,3
4,1481558437,1481558439,2
4,1481558439,1481558441,2
4,1481558441,1481558443,2
4,1481558444,1481558446,2
4,1481558446,1481558448,2
4,1481558448,1481558450,2
4,1481558450,1481558452,2
4,1481558453,1481558455,2
4,1481558455,1481558457,2
4,1481558457,1481558459,2
4,1481558460,1481558462,2
4,1481558462,1481558464,2
4,1481558464,1481558466,2
4,1481558466,1481558469,3
4,1481558469,1481558471,2
4,1481558471,1481558473,2
4,1481558474,1481558476,2
4,1481558476,1481558478,2
4,1481558478,1481558480,2
4,1481558480,1481558482,2
4,1481558483,1481558485,2
4,1481558485,1481558487,2
4,1481558487,1481558489,2
4,1481558490,1481558492,2
4,1481558492,1481558494,2
4,1481558494,1481558497,3
4,1481558497,1481558499,2
4,1481558499,1481558501,2
4,1481558502,1481558504,2
4,1481558504,1481558506,2
4,1481558506,1481558508,2
4,1481558508,1481558510,2
4,1481558511,1481558513,2
4,1481558513,1481558515,2
4,1481558516,1481558518,2
4,1481558518,1481558520,2
4,1481558520,1481558522,2
4,1481558523,1481558525,2
4,1481558525,1481558527,2
4,1481558527,1481558529,2
4,1481558530,1481558532,2
4,1481558532,1481558534,2
4,1481558534,1481558536,2
4,1481558537,1481558539,2
4,1481558539,1481558541,2
4,1481558541,1481558543,2
4,1481558544,1481558546,2
4,1481558546,1481558548,2
4,1481558548,1481558550,2
4,1481558551,1481558553,2
4,1481558553,1481558555,2
4,1481558555,1481558557,2
4,1481558558,1481558560,2
4,1481558560,1481558562,2
4,1481558562,1481558564,2
4,1481558564,1481558567,3
4,1481558567,1481558569,2
4,1481558569,1481558571,2
4,1481558571,1481558573,2
4,1481558574,1481558576,2
4,1481558576,1481558578,2
4,1481558579,1481558581,2
4,1481558581,1481558583,2
4,1481558583,1481558585,2
4,1481558586,1481558588,2
4,1481558588,1481558590,2
4,1481558591,1481558593,2
4,1481558593,1481558595,2
4,1481558595,1481558598,3
4,1481558598,1481558600,2
4,1481558600,1481558602,2
4,1481558603,1481558605,2
4,1481558605,1481558607,2
4,1481558607,1481558609,2
4,1481558609,1481558612,3
4,1481558612,1481558614,2
4,1481558614,1481558616,2
4,1481558617,1481558619,2
4,1481558619,1481558621,2
4,1481558621,1481558623,2
4,1481558624,1481558626,2
4,1481558626,1481558628,2
4,1481558628,1481558630,2
4,1481558631,1481558633,2
4,1481558633,1481558635,2
4,1481558635,1481558637,2
4,1481558638,1481558640,2
4,1481558640,1481558642,2
4,1481558643,1481558645,2
4,1481558645,1481558647,2
4,1481558647,1481558649,2
4,1481558650,1481558652,2
4,1481558652,1481558654,2
4,1481558654,1481558656,2
4,1481558657,1481558659,2
4,1481558659,1481558661,2
4,1481558661,1481558663,2
4,1481558664,1481558666,2
4,1481558666,1481558668,2
4,1481558669,1481558671,2
4,1481558671,1481558673,2
4,1481558673,1481558676,3
4,1481558676,1481558678,2
4,1481558678,1481558680,2
4,1481558680,1481558682,2
4,1481558683,1481558685,2
4,1481558685,1481558687,2
4,1481558687,1481558690,3
4,1481558690,1481558692,2
4,1481558692,1481558694,2
4,1481558694,1481558697,3
4,1481558697,1481558699,2
4,1481558699,1481558701,2
4,1481558701,1481558703,2
4,1481558704,1481558706,2
4,1481558706,1481558708,2
4,1481558708,1481558711,3
4,1481558711,1481558713,2
4,1481558713,1481558715,2
4,1481558716,1481558718,2
4,1481558718,1481558720,2
4,1481558720,1481558722,2
4,1481558723,1481558725,2
4,1481558725,1481558727,2
4,1481558727,1481558729,2
4,1481558730,1481558732,2
4,1481558732,1481558734,2
4,1481558734,1481558736,2
4,1481558737,1481558739,2
4,1481558739,1481558741,2
4,1481558742,1481558744,2
4,1481558744,1481558746,2
4,1481558746,1481558748,2
4,1481558749,1481558751,2
4,1481558751,1481558753,2
4,1481558753,1481558755,2
4,1481558756,1481558758,2
4,1481558758,1481558760,2
4,1481558760,1481558762,2
4,1481558763,1481558765,2
4,1481558765,1481558767,2
4,1481558768,1481558770,2
4,1481558770,1481558772,2
4,1481558773,1481558775,2
4,1481558775,1481558777,2
4,1481558777,1481558779,2
4,1481558780,1481558782,2
4,1481558782,1481558784,2
4,1481558784,1481558786,2
4,1481558787,1481558789,2
4,1481558791,1481558838,47
11,1481558795,1481558905,110
1,1481558821,1481558857,36
4,1481558842,1481558904,62
1,1481558860,1481558864,4
1,1481558870,1481558883,13
1,1481558901,1481558919,18
4,1481558905,1481558995,90
1,1481558923,1481558959,36
1,1481558987,1481558991,4
14,1481558991,1481563613,4622
11,1481558994,1481559513,519
4,1481558995,1481558997,2
4,1481558998,1481559000,2
4,1481559000,1481559002,2
1,1481559000,1481559014,14
4,1481559002,1481559005,3
4,1481559005,1481559008,3
4,1481559008,1481559010,2
4,1481559010,1481559013,3
4,1481559013,1481559015,2
4,1481559015,1481559018,3
4,1481559018,1481559021,3
4,1481559021,1481559023,2
4,1481559024,1481559026,2
4,1481559026,1481559029,3
4,1481559029,1481559031,2
4,1481559032,1481559034,2
4,1481559034,1481559037,3
4,1481559037,1481559041,4
4,1481559043,1481559046,3
4,1481559046,1481559048,2
4,1481559048,1481559050,2
4,1481559051,1481559053,2
4,1481559053,1481559055,2
4,1481559055,1481559058,3
4,1481559058,1481559060,2
4,1481559060,1481559062,2
4,1481559063,1481559065,2
4,1481559065,1481559067,2
4,1481559067,1481559070,3
4,1481559070,1481559072,2
4,1481559072,1481559075,3
4,1481559075,1481559077,2
4,1481559077,1481559079,2
4,1481559080,1481559082,2
4,1481559082,1481559084,2
4,1481559085,1481559087,2
4,1481559087,1481559089,2
4,1481559089,1481559092,3
4,1481559092,1481559094,2
4,1481559094,1481559097,3
4,1481559097,1481559099,2
4,1481559099,1481559102,3
4,1481559102,1481559104,2
4,1481559104,1481559106,2
4,1481559107,1481559109,2
4,1481559109,1481559111,2
4,1481559111,1481559114,3
4,1481559114,1481559116,2
4,1481559116,1481559118,2
4,1481559119,1481559121,2
4,1481559121,1481559123,2
4,1481559123,1481559125,2
4,1481559126,1481559128,2
4,1481559128,1481559130,2
4,1481559130,1481559133,3
4,1481559133,1481559135,2
4,1481559135,1481559137,2
4,1481559138,1481559140,2
4,1481559140,1481559142,2
4,1481559143,1481559145,2
4,1481559145,1481559147,2
4,1481559147,1481559149,2
4,1481559150,1481559152,2
4,1481559152,1481559154,2
4,1481559154,1481559157,3
4,1481559157,1481559159,2
4,1481559159,1481559161,2
4,1481559162,1481559164,2
4,1481559164,1481559166,2
4,1481559166,1481559168,2
4,1481559169,1481559171,2
4,1481559171,1481559173,2
4,1481559174,1481559176,2
4,1481559176,1481559178,2
4,1481559178,1481559180,2
4,1481559181,1481559183,2
4,1481559183,1481559185,2
4,1481559186,1481559188,2
4,1481559188,1481559190,2
4,1481559190,1481559193,3
4,1481559193,1481559195,2
4,1481559195,1481559197,2
4,1481559198,1481559200,2
4,1481559200,1481559202,2
4,1481559203,1481559205,2
4,1481559205,1481559207,2
4,1481559208,1481559210,2
4,1481559210,1481559212,2
4,1481559212,1481559214,2
4,1481559215,1481559217,2
4,1481559217,1481559219,2
4,1481559220,1481559222,2
4,1481559222,1481559224,2
4,1481559224,1481559227,3
4,1481559227,1481559229,2
4,1481559229,1481559231,2
4,1481559232,1481559234,2
4,1481559234,1481559236,2
4,1481559237,1481559239,2
4,1481559239,1481559241,2
4,1481559242,1481559244,2
4,1481559244,1481559246,2
4,1481559247,1481559249,2
4,1481559249,1481559251,2
4,1481559251,1481559253,2
4,1481559254,1481559256,2
4,1481559256,1481559258,2
4,1481559259,1481559261,2
4,1481559261,1481559263,2
4,1481559263,1481559266,3
4,1481559266,1481559268,2
4,1481559268,1481559271,3
4,1481559271,1481559273,2
4,1481559273,1481559275,2
4,1481559276,1481559278,2
4,1481559278,1481559280,2
4,1481559281,1481559283,2
4,1481559283,1481559285,2
4,1481559286,1481559288,2
4,1481559288,1481559290,2
4,1481559290,1481559293,3
4,1481559293,1481559295,2
4,1481559295,1481559297,2
4,1481559298,1481559300,2
4,1481559300,1481559302,2
4,1481559303,1481559305,2
4,1481559305,1481559307,2
4,1481559308,1481559310,2
4,1481559310,1481559312,2
4,1481559312,1481559315,3
4,1481559315,1481559317,2
4,1481559317,1481559319,2
4,1481559320,1481559322,2
4,1481559322,1481559324,2
4,1481559325,1481559327,2
4,1481559327,1481559329,2
4,1481559330,1481559332,2
4,1481559332,1481559334,2
4,1481559334,1481559336,2
4,1481559337,1481559339,2
4,1481559339,1481559341,2
4,1481559342,1481559344,2
4,1481559344,1481559346,2
4,1481559347,1481559349,2
4,1481559349,1481559351,2
4,1481559352,1481559354,2
4,1481559354,1481559356,2
4,1481559356,1481559359,3
4,1481559359,1481559361,2
4,1481559361,1481559364,3
4,1481559364,1481559366,2
4,1481559367,1481559369,2
4,1481559369,1481559371,2
4,1481559372,1481559374,2
4,1481559374,1481559376,2
4,1481559377,1481559379,2
4,1481559379,1481559381,2
4,1481559382,1481559384,2
4,1481559384,1481559386,2
4,1481559386,1481559388,2
4,1481559388,1481559390,2
4,1481559391,1481559393,2
4,1481559393,1481559395,2
4,1481559395,1481559398,3
4,1481559398,1481559400,2
4,1481559400,1481559402,2
4,1481559403,1481559405,2
4,1481559405,1481559407,2
4,1481559408,1481559410,2
4,1481559410,1481559412,2
4,1481559412,1481559414,2
4,1481559414,1481559416,2
4,1481559417,1481559419,2
4,1481559419,1481559422,3
4,1481559422,1481559424,2
4,1481559424,1481559426,2
4,1481559427,1481559429,2
4,1481559429,1481559431,2
4,1481559431,1481559433,2
4,1481559434,1481559436,2
4,1481559436,1481559438,2
4,1481559439,1481559441,2
4,1481559441,1481559443,2
4,1481559444,1481559446,2
4,1481559446,1481559448,2
4,1481559448,1481559450,2
4,1481559451,1481559453,2
4,1481559453,1481559455,2
4,1481559455,1481559457,2
4,1481559458,1481559460,2
4,1481559460,1481559462,2
4,1481559463,1481559465,2
4,1481559465,1481559467,2
4,1481559468,1481559470,2
4,1481559470,1481559472,2
4,1481559473,1481559475,2
4,1481559475,1481559477,2
4,1481559477,1481559479,2
4,1481559480,1481559482,2
4,1481559482,1481559484,2
4,1481559484,1481559487,3
4,1481559487,1481559489,2
4,1481559489,1481559491,2
4,1481559492,1481559494,2
4,1481559494,1481559496,2
4,1481559496,1481559498,2
4,1481559499,1481559501,2
4,1481559501,1481559504,3
4,1481559504,1481559506,2
4,1481559506,1481559508,2
4,1481559509,1481559513,4
11,1481559513,1481559545,32
1,1481559522,1481559526,4
1,1481559533,1481559537,4
1,1481559541,1481559545,4
4,1481559545,1481559779,234
11,1481559546,1481559676,130
1,1481559551,1481559553,2
1,1481559559,1481559573,14
1,1481559582,1481559599,17
1,1481559648,1481559657,9
1,1481559662,1481559665,3
1,1481559670,1481559676,6
11,1481559677,1481559686,9
1,1481559684,1481559696,12
11,1481559687,1481559709,22
1,1481559701,1481559703,2
1,1481559707,1481559709,2
11,1481559709,1481559719,10
1,1481559717,1481559722,5
11,1481559719,1481559729,10
1,1481559727,1481559736,9
11,1481559729,1481559734,5
11,1481559734,1481559736,2
11,1481559736,1481559740,4
11,1481559740,1481559752,12
1,1481559748,1481559754,6
11,1481559752,1481559774,22
1,1481559763,1481559769,6
1,1481559773,1481559774,1
11,1481559774,1481559779,5
1,1481559779,1481559782,3
11,1481559779,1481559780,1
11,1481559781,1481559782,1
11,1481559782,1481559889,107
1,1481559801,1481559807,6
1,1481559856,1481559857,1
1,1481559866,1481559879,13
1,1481559884,1481559889,5
11,1481559889,1481559899,10
1,1481559899,1481559901,2
11,1481559899,1481559901,2
4,1481559899,1481559961,62
11,1481559901,1481559905,4
1,1481559905,1481559912,7
11,1481559905,1481559906,1
11,1481559906,1481559908,2
11,1481559911,1481559912,1
11,1481559912,1481559915,3
1,1481559915,1481559917,2
11,1481559916,1481559917,1
11,1481559918,1481559960,42
1,1481559925,1481559929,4
1,1481559932,1481559935,3
1,1481559944,1481559947,3
1,1481559957,1481559985,28
11,1481559960,1481559962,2
11,1481559962,1481559963,1
11,1481559963,1481559965,2
11,1481559965,1481559966,1
11,1481559966,1481559970,4
11,1481559970,1481559971,1
11,1481559971,1481559973,2
11,1481559973,1481559974,1
11,1481559975,1481559976,1
11,1481559981,1481559982,1
11,1481559982,1481559983,1
11,1481559983,1481559985,2
4,1481559984,1481560014,30
11,1481559985,1481559990,5
1,1481559990,1481560023,33
11,1481559990,1481559992,2
11,1481559992,1481559993,1
11,1481559993,1481559995,2
11,1481559995,1481559997,2
11,1481559997,1481559998,1
11,1481559999,1481560000,1
11,1481560000,1481560001,1
11,1481560002,1481560003,1
11,1481560003,1481560004,1
11,1481560007,1481560008,1
11,1481560009,1481560013,4
5,1481560011,1481560013,2
4,1481560019,1481560024,5
4,1481560025,1481560036,11
1,1481560033,1481560046,13
4,1481560039,1481560045,6
4,1481560045,1481560048,3
4,1481560048,1481560050,2
4,1481560050,1481560054,4
1,1481560052,1481560053,1
4,1481560054,1481560058,4
4,1481560058,1481560063,5
1,1481560061,1481560067,6
4,1481560065,1481560074,9
1,1481560072,1481560084,12
4,1481560074,1481560080,6
4,1481560080,1481560085,5
4,1481560085,1481560087,2
4,1481560087,1481560089,2
4,1481560089,1481560094,5
1,1481560090,1481560113,23
4,1481560098,1481560106,8
4,1481560113,1481560117,4
1,1481560127,1481560133,6
1,1481560159,1481560164,5
14,1481560164,1481564393,4229
11,1481560166,1481560696,530
4,1481560167,1481560169,2
4,1481560170,1481560172,2
4,1481560172,1481560174,2
4,1481560174,1481560177,3
4,1481560178,1481560180,2
4,1481560181,1481560183,2
4,1481560183,1481560185,2
4,1481560185,1481560188,3
4,1481560189,1481560191,2
4,1481560191,1481560194,3
4,1481560194,1481560196,2
4,1481560196,1481560206,10
4,1481560206,1481560208,2
4,1481560208,1481560211,3
4,1481560211,1481560213,2
4,1481560215,1481560221,6
4,1481560221,1481560223,2
4,1481560224,1481560226,2
4,1481560226,1481560228,2
4,1481560229,1481560231,2
4,1481560231,1481560233,2
4,1481560234,1481560236,2
4,1481560236,1481560238,2
4,1481560239,1481560241,2
4,1481560241,1481560243,2
4,1481560243,1481560245,2
4,1481560246,1481560248,2
4,1481560248,1481560250,2
4,1481560250,1481560252,2
4,1481560253,1481560255,2
4,1481560255,1481560257,2
4,1481560257,1481560259,2
4,1481560260,1481560262,2
4,1481560262,1481560264,2
4,1481560264,1481560266,2
4,1481560267,1481560269,2
4,1481560269,1481560271,2
4,1481560271,1481560273,2
4,1481560273,1481560275,2
4,1481560276,1481560278,2
4,1481560278,1481560280,2
4,1481560280,1481560283,3
4,1481560283,1481560285,2
4,1481560285,1481560288,3
4,1481560288,1481560290,2
4,1481560290,1481560292,2
4,1481560293,1481560295,2
4,1481560295,1481560297,2
4,1481560297,1481560299,2
4,1481560300,1481560302,2
4,1481560302,1481560305,3
4,1481560305,1481560307,2
4,1481560307,1481560310,3
4,1481560310,1481560312,2
4,1481560312,1481560314,2
4,1481560315,1481560317,2
4,1481560317,1481560319,2
4,1481560320,1481560322,2
4,1481560322,1481560324,2
4,1481560325,1481560327,2
4,1481560327,1481560329,2
4,1481560329,1481560331,2
4,1481560331,1481560333,2
4,1481560334,1481560336,2
4,1481560336,1481560338,2
4,1481560338,1481560341,3
4,1481560341,1481560343,2
1,1481560342,1481560344,2
4,1481560343,1481560345,2
4,1481560346,1481560348,2
4,1481560348,1481560350,2
4,1481560350,1481560353,3
4,1481560353,1481560355,2
4,1481560355,1481560358,3
4,1481560358,1481560360,2
4,1481560360,1481560363,3
4,1481560363,1481560365,2
4,1481560366,1481560368,2
4,1481560368,1481560370,2
4,1481560371,1481560373,2
4,1481560373,1481560375,2
4,1481560375,1481560377,2
4,1481560378,1481560380,2
4,1481560380,1481560383,3
4,1481560383,1481560385,2
4,1481560385,1481560388,3
4,1481560388,1481560390,2
4,1481560390,1481560392,2
4,1481560393,1481560395,2
4,1481560395,1481560397,2
4,1481560397,1481560399,2
4,1481560400,1481560402,2
4,1481560402,1481560404,2
4,1481560404,1481560407,3
4,1481560407,1481560409,2
4,1481560409,1481560412,3
4,1481560412,1481560414,2
4,1481560415,1481560417,2
4,1481560417,1481560419,2
4,1481560419,1481560421,2
4,1481560421,1481560424,3
4,1481560424,1481560426,2
4,1481560427,1481560429,2
4,1481560429,1481560431,2
4,1481560431,1481560433,2
4,1481560433,1481560436,3
4,1481560436,1481560438,2
4,1481560438,1481560440,2
4,1481560441,1481560443,2
4,1481560443,1481560445,2
4,1481560445,1481560447,2
4,1481560448,1481560450,2
4,1481560450,1481560452,2
4,1481560452,1481560454,2
4,1481560454,1481560456,2
4,1481560457,1481560459,2
4,1481560459,1481560461,2
4,1481560461,1481560463,2
4,1481560463,1481560465,2
4,1481560466,1481560468,2
4,1481560468,1481560470,2
4,1481560470,1481560472,2
4,1481560473,1481560475,2
4,1481560475,1481560477,2
4,1481560477,1481560479,2
4,1481560480,1481560482,2
4,1481560482,1481560484,2
4,1481560484,1481560486,2
4,1481560486,1481560488,2
4,1481560489,1481560491,2
4,1481560491,1481560493,2
4,1481560493,1481560495,2
4,1481560495,1481560497,2
4,1481560498,1481560500,2
4,1481560500,1481560502,2
4,1481560502,1481560504,2
4,1481560504,1481560507,3
4,1481560507,1481560509,2
4,1481560509,1481560511,2
4,1481560512,1481560514,2
4,1481560514,1481560516,2
4,1481560516,1481560518,2
4,1481560519,1481560521,2
4,1481560521,1481560523,2
4,1481560523,1481560525,2
4,1481560525,1481560527,2
4,1481560528,1481560530,2
4,1481560530,1481560532,2
4,1481560532,1481560535,3
4,1481560535,1481560537,2
4,1481560537,1481560539,2
4,1481560539,1481560541,2
4,1481560542,1481560544,2
4,1481560544,1481560546,2
4,1481560546,1481560548,2
4,1481560548,1481560550,2
4,1481560551,1481560553,2
4,1481560553,1481560555,2
4,1481560555,1481560557,2
4,1481560557,1481560560,3
4,1481560560,1481560562,2
4,1481560562,1481560564,2
4,1481560564,1481560566,2
4,1481560567,1481560569,2
4,1481560569,1481560571,2
4,1481560571,1481560573,2
4,1481560573,1481560575,2
4,1481560576,1481560578,2
4,1481560578,1481560580,2
4,1481560580,1481560582,2
4,1481560582,1481560585,3
4,1481560585,1481560587,2
4,1481560587,1481560590,3
4,1481560590,1481560592,2
4,1481560592,1481560594,2
4,1481560595,1481560597,2
4,1481560597,1481560599,2
4,1481560599,1481560601,2
4,1481560601,1481560603,2
4,1481560604,1481560606,2
4,1481560606,1481560608,2
4,1481560608,1481560610,2
4,1481560610,1481560612,2
4,1481560613,1481560615,2
4,1481560615,1481560617,2
4,1481560617,1481560619,2
4,1481560619,1481560621,2
4,1481560622,1481560624,2
4,1481560624,1481560626,2
4,1481560626,1481560628,2
4,1481560629,1481560631,2
4,1481560631,1481560634,3
4,1481560634,1481560636,2
4,1481560636,1481560638,2
4,1481560638,1481560640,2
4,1481560641,1481560643,2
4,1481560643,1481560645,2
4,1481560645,1481560647,2
4,1481560647,1481560649,2
4,1481560650,1481560652,2
4,1481560652,1481560654,2
4,1481560654,1481560656,2
4,1481560656,1481560658,2
4,1481560659,1481560661,2
4,1481560661,1481560663,2
4,1481560663,1481560665,2
4,1481560665,1481560667,2
4,1481560668,1481560670,2
4,1481560670,1481560672,2
4,1481560672,1481560674,2
4,1481560674,1481560676,2
4,1481560677,1481560679,2
4,1481560679,1481560681,2
4,1481560681,1481560683,2
4,1481560683,1481560686,3
4,1481560686,1481560688,2
4,1481560688,1481560690,2
4,1481560690,1481560692,2
4,1481560693,1481560697,4
11,1481560696,1481560717,21
1,1481560700,1481560703,3
1,1481560712,1481560732,20
11,1481560718,1481560719,1
4,1481560718,1481560793,75
11,1481560719,1481560722,3
11,1481560722,1481560723,1
11,1481560725,1481560726,1
11,1481560729,1481560731,2
11,1481560731,1481560793,62
1,1481560735,1481560737,2
1,1481560748,1481560750,2
1,1481560789,1481560793,4
5,1481560791,1481560793,2
4,1481560795,1481560798,3
4,1481560800,1481560802,2
4,1481560802,1481560805,3
4,1481560805,1481560808,3
4,1481560808,1481560810,2
4,1481560810,1481560812,2
4,1481560813,1481560815,2
4,1481560815,1481560817,2
4,1481560817,1481560820,3
4,1481560820,1481560824,4
10,1481560821,1481560824,3
4,1481560825,1481560827,2
10,1481560827,1481560829,2
4,1481560829,1481560839,10
10,1481560832,1481560838,6
1,1481560836,1481560838,2
4,1481560840,1481560875,35
10,1481560841,1481560843,2
1,1481560843,1481560852,9
1,1481560868,1481560873,5
10,1481560876,1481560877,1
4,1481560877,1481560879,2
4,1481560880,1481560885,5
4,1481560885,1481560887,2
4,1481560887,1481560892,5
1,1481560890,1481560899,9
4,1481560893,1481560900,7
1,1481560903,1481560909,6
10,1481560909,1481560910,1
4,1481560910,1481560915,5
4,1481560915,1481560917,2
10,1481560916,1481560917,1
4,1481560919,1481560930,11
10,1481560922,1481560924,2
1,1481560927,1481560929,2
1,1481560933,1481560942,9
1,1481560962,1481560978,16
4,1481560974,1481560979,5
4,1481560981,1481560988,7
10,1481560982,1481560984,2
4,1481560988,1481560990,2
4,1481560990,1481560994,4
10,1481560992,1481560994,2
4,1481560994,1481561004,10
1,1481560997,1481561003,6
4,1481561004,1481561007,3
4,1481561011,1481561016,5
1,1481561013,1481561016,3
4,1481561017,1481561080,63
10,1481561018,1481561079,61
1,1481561077,1481561099,22
4,1481561080,1481561083,3
4,1481561083,1481561126,43
1,1481561112,1481561115,3
1,1481561119,1481561122,3
4,1481561126,1481561130,4
1,1481561127,1481561141,14
4,1481561132,1481561142,10
4,1481561145,1481561147,2
10,1481561146,1481561147,1
4,1481561147,1481561149,2
4,1481561149,1481561158,9
1,1481561153,1481561157,4
4,1481561158,1481561167,9
1,1481561162,1481561173,11
1,1481561176,1481561183,7
4,1481561179,1481561181,2
4,1481561181,1481561184,3
10,1481561182,1481561183,1
4,1481561185,1481561187,2
4,1481561187,1481561189,2
4,1481561189,1481561191,2
4,1481561191,1481561195,4
1,1481561193,1481561195,2
4,1481561196,1481561198,2
4,1481561198,1481561203,5
1,1481561200,1481561202,2
4,1481561204,1481561206,2
4,1481561206,1481561208,2
4,1481561208,1481561214,6
1,1481561216,1481561252,36
4,1481561216,1481561219,3
4,1481561219,1481561227,8
10,1481561221,1481561224,3
4,1481561232,1481561236,4
4,1481561246,1481561251,5
4,1481561253,1481561257,4
10,1481561255,1481561258,3
4,1481561258,1481561260,2
10,1481561258,1481561260,2
4,1481561260,1481561271,11
1,1481561265,1481561280,15
4,1481561274,1481561307,33
1,1481561291,1481561356,65
14,1481561319,1481564931,3612
4,1481561343,1481561348,5
4,1481561349,1481561367,18
14,1481561354,1481564963,3609
1,1481561364,1481561366,2
4,1481561367,1481561461,94
1,1481561370,1481561381,11
14,1481561374,1481564983,3609
1,1481561384,1481561389,5
1,1481561446,1481561459,13
10,1481561461,1481561463,2
4,1481561463,1481561470,7
1,1481561465,1481561469,4
4,1481561471,1481561474,3
4,1481561477,1481561749,272
1,1481561481,1481561482,1
1,1481561486,1481561487,1
1,1481561491,1481561492,1
1,1481561496,1481561512,16
14,1481561512,1481565326,3814
1,1481561716,1481561724,8
1,1481561728,1481561750,22
4,1481561749,1481561751,2
4,1481561751,1481561754,3
4,1481561754,1481561757,3
1,1481561756,1481561765,9
4,1481561757,1481561764,7
4,1481561767,1481561849,82
1,1481561770,1481561808,38
1,1481561811,1481561833,22
14,1481561833,1481566247,4414
11,1481561848,1481562570,722
4,1481561850,1481561852,2
4,1481561852,1481561854,2
4,1481561855,1481561857,2
4,1481561857,1481561859,2
4,1481561861,1481561863,2
4,1481561863,1481561865,2
4,1481561866,1481561868,2
4,1481561868,1481561871,3
4,1481561871,1481561873,2
4,1481561873,1481561876,3
4,1481561877,1481561879,2
4,1481561879,1481561882,3
4,1481561884,1481561886,2
4,1481561886,1481561889,3
4,1481561889,1481561892,3
4,1481561893,1481561897,4
4,1481561899,1481561901,2
4,1481561901,1481561903,2
4,1481561904,1481561906,2
4,1481561906,1481561908,2
4,1481561908,1481561910,2
4,1481561911,1481561913,2
4,1481561913,1481561916,3
4,1481561916,1481561918,2
4,1481561918,1481561920,2
4,1481561920,1481561923,3
4,1481561923,1481561925,2
4,1481561925,1481561927,2
4,1481561928,1481561930,2
4,1481561930,1481561932,2
4,1481561932,1481561934,2
4,1481561935,1481561937,2
4,1481561937,1481561939,2
4,1481561940,1481561942,2
4,1481561942,1481561944,2
4,1481561945,1481561947,2
4,1481561947,1481561950,3
4,1481561950,1481561952,2
4,1481561952,1481561955,3
4,1481561955,1481561957,2
4,1481561957,1481561960,3
4,1481561960,1481561962,2
4,1481561962,1481561964,2
4,1481561965,1481561967,2
4,1481561967,1481561969,2
4,1481561969,1481561971,2
4,1481561972,1481561974,2
4,1481561974,1481561976,2
4,1481561977,1481561979,2
4,1481561979,1481561981,2
4,1481561981,1481561984,3
4,1481561984,1481561986,2
4,1481561987,1481561989,2
4,1481561989,1481561991,2
4,1481561992,1481561994,2
4,1481561994,1481561996,2
4,1481561997,1481561999,2
4,1481561999,1481562001,2
4,1481562001,1481562004,3
4,1481562004,1481562006,2
4,1481562006,1481562009,3
4,1481562009,1481562011,2
4,1481562012,1481562014,2
4,1481562014,1481562016,2
4,1481562016,1481562018,2
4,1481562018,1481562021,3
4,1481562021,1481562023,2
4,1481562024,1481562026,2
4,1481562026,1481562029,3
4,1481562029,1481562031,2
4,1481562031,1481562033,2
4,1481562033,1481562036,3
4,1481562036,1481562038,2
4,1481562038,1481562041,3
4,1481562041,1481562043,2
4,1481562044,1481562046,2
4,1481562046,1481562048,2
4,1481562048,1481562050,2
4,1481562051,1481562053,2
4,1481562053,1481562056,3
4,1481562056,1481562058,2
4,1481562058,1481562060,2
4,1481562061,1481562063,2
4,1481562063,1481562065,2
4,1481562065,1481562067,2
4,1481562067,1481562070,3
4,1481562070,1481562072,2
4,1481562073,1481562075,2
4,1481562075,1481562077,2
4,1481562077,1481562079,2
4,1481562079,1481562081,2
4,1481562082,1481562084,2
4,1481562084,1481562087,3
4,1481562087,1481562089,2
4,1481562089,1481562092,3
4,1481562092,1481562094,2
4,1481562094,1481562096,2
4,1481562097,1481562099,2
4,1481562099,1481562101,2
4,1481562101,1481562104,3
4,1481562104,1481562106,2
4,1481562106,1481562108,2
4,1481562109,1481562111,2
4,1481562111,1481562113,2
4,1481562113,1481562116,3
4,1481562116,1481562118,2
4,1481562118,1481562120,2
4,1481562121,1481562123,2
4,1481562123,1481562125,2
4,1481562125,1481562127,2
4,1481562127,1481562129,2
4,1481562130,1481562132,2
4,1481562132,1481562135,3
4,1481562135,1481562137,2
4,1481562137,1481562140,3
4,1481562140,1481562142,2
4,1481562142,1481562145,3
4,1481562145,1481562147,2
4,1481562148,1481562150,2
4,1481562150,1481562152,2
4,1481562152,1481562154,2
4,1481562155,1481562157,2
4,1481562157,1481562159,2
4,1481562160,1481562162,2
4,1481562162,1481562165,3
4,1481562165,1481562167,2
4,1481562167,1481562169,2
4,1481562170,1481562172,2
4,1481562172,1481562174,2
4,1481562175,1481562177,2
4,1481562177,1481562180,3
4,1481562180,1481562182,2
4,1481562182,1481562185,3
4,1481562185,1481562187,2
4,1481562187,1481562189,2
4,1481562190,1481562192,2
4,1481562192,1481562194,2
4,1481562194,1481562196,2
4,1481562197,1481562199,2
4,1481562199,1481562202,3
4,1481562202,1481562204,2
4,1481562204,1481562207,3
4,1481562207,1481562209,2
4,1481562210,1481562212,2
4,1481562212,1481562214,2
4,1481562214,1481562217,3
4,1481562217,1481562219,2
4,1481562219,1481562222,3
4,1481562222,1481562224,2
4,1481562225,1481562227,2
4,1481562227,1481562230,3
4,1481562230,1481562232,2
4,1481562232,1481562235,3
4,1481562235,1481562237,2
4,1481562238,1481562240,2
4,1481562240,1481562242,2
4,1481562243,1481562245,2
4,1481562245,1481562248,3
4,1481562248,1481562250,2
4,1481562250,1481562252,2
4,1481562252,1481562254,2
4,1481562255,1481562257,2
4,1481562257,1481562259,2
4,1481562259,1481562261,2
4,1481562262,1481562264,2
4,1481562264,1481562266,2
4,1481562267,1481562269,2
4,1481562269,1481562272,3
4,1481562272,1481562274,2
4,1481562274,1481562276,2
4,1481562276,1481562279,3
4,1481562279,1481562281,2
4,1481562282,1481562284,2
4,1481562284,1481562286,2
4,1481562286,1481562288,2
4,1481562289,1481562291,2
4,1481562291,1481562293,2
4,1481562294,1481562296,2
4,1481562296,1481562299,3
4,1481562299,1481562301,2
4,1481562301,1481562303,2
4,1481562303,1481562305,2
4,1481562306,1481562308,2
4,1481562308,1481562311,3
4,1481562311,1481562313,2
4,1481562313,1481562315,2
4,1481562315,1481562318,3
4,1481562318,1481562320,2
4,1481562321,1481562323,2
4,1481562323,1481562325,2
4,1481562325,1481562328,3
4,1481562328,1481562330,2
4,1481562331,1481562333,2
4,1481562333,1481562335,2
4,1481562336,1481562338,2
4,1481562338,1481562341,3
4,1481562341,1481562343,2
4,1481562343,1481562346,3
4,1481562346,1481562348,2
4,1481562348,1481562351,3
4,1481562351,1481562353,2
4,1481562354,1481562356,2
4,1481562356,1481562359,3
4,1481562359,1481562361,2
4,1481562361,1481562363,2
4,1481562363,1481562365,2
4,1481562366,1481562369,3
4,1481562369,1481562371,2
4,1481562371,1481562373,2
4,1481562374,1481562376,2
4,1481562376,1481562379,3
4,1481562379,1481562381,2
4,1481562382,1481562384,2
4,1481562384,1481562387,3
4,1481562387,1481562389,2
4,1481562389,1481562391,2
4,1481562392,1481562394,2
4,1481562394,1481562396,2
4,1481562397,1481562444,47
1,1481562402,1481562411,9
1,1481562416,1481562421,5
1,1481562431,1481562437,6
1,1481562448,1481562450,2
1,1481562563,1481562575,12
4,1481562567,1481562600,33
11,1481562570,1481562647,77
1,1481562582,1481562591,9
1,1481562595,1481562658,63
4,1481562605,1481562647,42
5,1481562645,1481562647,2
4,1481562654,1481562657,3
4,1481562657,1481562667,10
1,1481562664,1481562670,6
4,1481562671,1481562699,28
1,1481562674,1481562676,2
1,1481562691,1481562712,21
4,1481562701,1481562706,5
4,1481562708,1481562711,3
1,1481562716,1481562718,2
4,1481562716,1481562746,30
1,1481562742,1481562745,3
4,1481562746,1481563685,939
10,1481562748,1481562749,1
1,1481562754,1481562756,2
1,1481562760,1481562796,36
1,1481562839,1481562856,17
1,1481563182,1481563192,10
1,1481563452,1481563456,4
1,1481563479,1481563486,7
1,1481563502,1481563504,2
1,1481563525,1481563537,12
1,1481563653,1481563655,2
1,1481563666,1481563667,1
1,1481563672,1481563701,29
4,1481563695,1481563698,3
4,1481563705,1481564625,920
1,1481563760,1481563771,11
1,1481563801,1481563802,1
1,1481563806,1481563811,5
1,1481563939,1481563943,4
1,1481564014,1481564036,22
1,1481564064,1481564067,3
1,1481564112,1481564114,2
1,1481564140,1481564146,6
1,1481564152,1481564160,8
1,1481564173,1481564174,1
1,1481564195,1481564207,12
1,1481564218,1481564221,3
1,1481564239,1481564241,2
1,1481564320,1481564323,3
1,1481564334,1481564337,3
1,1481564350,1481564360,10
1,1481564375,1481564384,9
1,1481564391,1481564417,26
1,1481564597,1481564603,6
1,1481564616,1481564624,8
4,1481564625,1481564629,4
4,1481564630,1481564632,2
4,1481564632,1481564634,2
4,1481564634,1481564639,5
10,1481564634,1481564636,2
4,1481564640,1481564643,3
4,1481564643,1481564645,2
4,1481564646,1481564648,2
4,1481564649,1481564651,2
4,1481564651,1481564655,4
4,1481564655,1481564657,2
4,1481564657,1481564659,2
4,1481564660,1481564663,3
4,1481564664,1481564677,13
1,1481564667,1481564669,2
1,1481564673,1481564676,3
4,1481564677,1481564680,3
10,1481564679,1481564680,1
4,1481564680,1481564682,2
4,1481564683,1481564686,3
4,1481564686,1481564699,13
1,1481564689,1481564704,15
4,1481564705,1481564708,3
4,1481564708,1481564710,2
4,1481564711,1481564713,2
4,1481564713,1481564715,2
10,1481564714,1481564715,1
4,1481564715,1481564717,2
4,1481564718,1481564720,2
4,1481564720,1481564726,6
10,1481564721,1481564722,1
1,1481564723,1481564728,5
10,1481564726,1481564728,2
4,1481564729,1481564733,4
4,1481564733,1481564737,4
10,1481564735,1481564738,3
4,1481564738,1481564742,4
10,1481564738,1481564742,4
4,1481564744,1481564746,2
10,1481564745,1481564746,1
4,1481564746,1481564749,3
4,1481564749,1481564753,4
10,1481564752,1481564753,1
4,1481564753,1481564763,10
1,1481564754,1481564761,7
4,1481564764,1481564766,2
4,1481564767,1481564771,4
4,1481564771,1481564774,3
1,1481564776,1481564778,2
4,1481564779,1481564782,3
4,1481564782,1481564784,2
4,1481564785,1481564787,2
4,1481564787,1481564792,5
1,1481564789,1481564791,2
4,1481564792,1481564797,5
1,1481564794,1481564796,2
4,1481564797,1481564799,2
4,1481564799,1481564804,5
1,1481564804,1481564816,12
4,1481564813,1481564817,4
4,1481564817,1481564820,3
4,1481564820,1481564840,20
1,1481564825,1481564829,4
1,1481564834,1481564837,3
4,1481564840,1481564845,5
1,1481564843,1481564844,1
4,1481564845,1481564847,2
4,1481564847,1481564858,11
10,1481564849,1481564854,5
1,1481564852,1481564858,6
1,1481564862,1481564863,1
14,1481564877,1481569673,4796
1,1481564989,1481564991,2
1,1481565108,1481565116,8
1,1481565119,1481565122,3
1,1481565132,1481565147,15
1,1481565151,1481565155,4
1,1481565203,1481565215,12
1,1481565249,1481565254,5
1,1481566168,1481566182,14
4,1481575610,1481575617,7
1,1481575620,1481575625,5
1,1481575629,1481575631,2
1,1481575640,1481575646,6
4,1481575648,1481575689,41
1,1481575651,1481575665,14
1,1481575682,1481575687,5
5,1481575687,1481575690,3
4,1481575689,1481575975,286
1,1481575957,1481575962,5
1,1481575976,1481575978,2
4,1481575981,1481575991,10
1,1481575996,1481576000,4
1,1481576038,1481576046,8
1,1481576065,1481576079,14
1,1481576170,1481576171,1
1,1481576314,1481576316,2
1,1481576519,1481576525,6
1,1481576596,1481576615,19
4,1481578126,1481578161,35
5,1481578132,1481578144,12
1,1481578144,1481578149,5
4,1481578161,1481578177,16
4,1481578177,1481578192,15
4,1481578192,1481579089,897
1,1481578221,1481578225,4
1,1481578358,1481578363,5
1,1481578857,1481578884,27
1,1481578891,1481578896,5
1,1481578982,1481578984,2
1,1481578995,1481579004,9
1,1481579015,1481579018,3
1,1481579027,1481579029,2
1,1481579035,1481579037,2
1,1481579050,1481579052,2
1,1481579063,1481579092,29
4,1481579089,1481579091,2
4,1481579091,1481579098,7
1,1481579097,1481579101,4
4,1481579098,1481579105,7
4,1481579098,1481579105,7
1,1481579104,1481579109,5
4,1481579105,1481579411,306
4,1481579105,1481579411,306
1,1481579112,1481579114,2
1,1481579122,1481579128,6
1,1481579132,1481579138,6
1,1481579148,1481579151,3
1,1481579198,1481579199,1
1,1481579234,1481579250,16
1,1481579272,1481579274,2
1,1481579379,1481579391,12
1,1481579396,1481579397,1
1,1481579405,1481579409,4
1,1481579413,1481579420,7
4,1481579421,1481579425,4
4,1481579421,1481579425,4
1,1481579424,1481579455,31
4,1481579425,1481579460,35
4,1481579425,1481579460,35
1,1481579459,1481579473,14
4,1481579460,1481579467,7
4,1481579460,1481579467,7
1,1481579481,1481579483,2
1,1481579590,1481579596,6
1,1481579658,1481579661,3
1,1481579665,1481579670,5
1,1481579720,1481579760,40
4,1481579759,1481579784,25
4,1481579759,1481579784,25
1,1481579766,1481579770,4
1,1481579781,1481579783,2
4,1481579784,1481580191,407
4,1481579784,1481580191,407
1,1481579788,1481579793,5
1,1481579813,1481579820,7
1,1481580168,1481580190,22
5,1481580182,1481580187,5
5,1481580182,1481580187,5
11,1481580187,1481580209,22
11,1481580187,1481580209,22
4,1481580192,1481580206,14
4,1481580192,1481580206,14
4,1481580209,1481580233,24
4,1481580209,1481580233,24
11,1481580209,1481580217,8
11,1481580209,1481580217,8
1,1481580209,1481580246,37
11,1481580217,1481580233,16
11,1481580217,1481580233,16
11,1481580233,1481580235,2
11,1481580233,1481580235,2
11,1481580236,1481580245,9
11,1481580236,1481580245,9
11,1481580245,1481580246,1
11,1481580245,1481580246,1
4,1481580246,1481580259,13
4,1481580246,1481580259,13
11,1481580247,1481580273,26
11,1481580247,1481580273,26
1,1481580252,1481580259,7
1,1481580266,1481580284,18
11,1481580273,1481580284,11
11,1481580273,1481580284,11
4,1481580273,1481580320,47
4,1481580273,1481580320,47
11,1481580284,1481580294,10
11,1481580284,1481580294,10
11,1481580294,1481580329,35
11,1481580294,1481580329,35
1,1481580302,1481580306,4
1,1481580317,1481580335,18
5,1481580319,1481580325,6
5,1481580319,1481580325,6
11,1481580329,1481580335,6
11,1481580329,1481580335,6
11,1481580335,1481580428,93
11,1481580335,1481580428,93
1,1481580341,1481580344,3
1,1481580388,1481580405,17
1,1481580409,1481580427,18
5,1481580425,1481580428,3
5,1481580425,1481580428,3
4,1481580428,1481580477,49
4,1481580428,1481580477,49
1,1481580462,1481580467,5
5,1481580467,1481580479,12
5,1481580467,1481580479,12
1,1481580475,1481580483,8
11,1481580478,1481580512,34
11,1481580478,1481580512,34
4,1481580480,1481580487,7
4,1481580480,1481580487,7
4,1481580487,1481580489,2
4,1481580487,1481580490,3
4,1481580490,1481580492,2
4,1481580490,1481580492,2
4,1481580497,1481580500,3
4,1481580497,1481580500,3
4,1481580500,1481580504,4
4,1481580500,1481580504,4
4,1481580505,1481580510,5
4,1481580505,1481580510,5
4,1481580511,1481580522,11
4,1481580511,1481580522,11
11,1481580512,1481580516,4
11,1481580512,1481580516,4
1,1481580512,1481580526,14
11,1481580517,1481580522,5
11,1481580517,1481580522,5
11,1481580522,1481580544,22
11,1481580522,1481580544,22
1,1481580533,1481580534,1
4,1481580535,1481580544,9
4,1481580535,1481580544,9
1,1481580538,1481580544,6
11,1481580544,1481580547,3
11,1481580544,1481580547,3
4,1481580545,1481580561,16
4,1481580545,1481580561,16
11,1481580547,1481580552,5
11,1481580547,1481580552,5
1,1481580548,1481580587,39
11,1481580555,1481580561,6
11,1481580555,1481580561,6
4,1481580562,1481580580,18
4,1481580562,1481580581,19
11,1481580562,1481580580,18
11,1481580562,1481580580,18
11,1481580580,1481580708,128
11,1481580580,1481580708,128
4,1481580581,1481580589,8
4,1481580581,1481580590,9
4,1481580590,1481580594,4
4,1481580590,1481580594,4
4,1481580594,1481580596,2
4,1481580594,1481580596,2
4,1481580596,1481580610,14
4,1481580596,1481580610,14
4,1481580611,1481580615,4
4,1481580611,1481580615,4
1,1481580616,1481580622,6
1,1481580631,1481580636,5
1,1481580639,1481580642,3
4,1481580641,1481580671,30
4,1481580641,1481580671,30
1,1481580649,1481580672,23
1,1481580680,1481580686,6
1,1481580692,1481580704,12
4,1481580701,1481580708,7
4,1481580701,1481580708,7
11,1481580708,1481580714,6
11,1481580708,1481580714,6
1,1481580708,1481580732,24
4,1481580708,1481580728,20
4,1481580708,1481580728,20
11,1481580714,1481580727,13
11,1481580714,1481580727,13
11,1481580727,1481580729,2
11,1481580727,1481580729,2
11,1481580729,1481580732,3
11,1481580729,1481580732,3
4,1481580730,1481580733,3
4,1481580730,1481580733,3
11,1481580732,1481580815,83
11,1481580732,1481580815,83
1,1481580741,1481580759,18
1,1481580767,1481580776,9
1,1481580786,1481580826,40
11,1481580815,1481580823,8
11,1481580815,1481580823,8
4,1481580815,1481580826,11
4,1481580815,1481580826,11
11,1481580823,1481580826,3
11,1481580823,1481580826,3
11,1481580826,1481580916,90
11,1481580826,1481580916,90
1,1481580831,1481580840,9
4,1481580833,1481580916,83
4,1481580833,1481580916,83
1,1481580848,1481580870,22
1,1481580876,1481580891,15
1,1481580905,1481580927,22
11,1481580916,1481580917,1
11,1481580916,1481580917,1
4,1481580917,1481580920,3
4,1481580918,1481580920,2
11,1481580921,1481580922,1
11,1481580921,1481580922,1
11,1481580922,1481580965,43
11,1481580922,1481580965,43
1,1481580938,1481580947,9
1,1481580956,1481580960,4
4,1481580963,1481580965,2
4,1481580963,1481580965,2
4,1481580965,1481580982,17
4,1481580965,1481580982,17
11,1481580966,1481580981,15
11,1481580966,1481580981,15
1,1481580971,1481580984,13
11,1481580982,1481580992,10
11,1481580982,1481580992,10
4,1481580985,1481580988,3
4,1481580985,1481580988,3
4,1481580988,1481580990,2
4,1481580988,1481580990,2
4,1481580991,1481581030,39
4,1481580991,1481581030,39
11,1481580992,1481581029,37
11,1481580992,1481581029,37
1,1481581013,1481581020,7
1,1481581027,1481581040,13
11,1481581030,1481581123,93
11,1481581030,1481581123,93
4,1481581030,1481581124,94
4,1481581030,1481581124,94
1,1481581079,1481581088,9
1,1481581095,1481581097,2
1,1481581100,1481581131,31
11,1481581123,1481581128,5
11,1481581123,1481581128,5
11,1481581129,1481581141,12
11,1481581129,1481581141,12
4,1481581129,1481581147,18
4,1481581129,1481581147,18
1,1481581136,1481581141,5
11,1481581141,1481581146,5
11,1481581141,1481581146,5
1,1481581146,1481581149,3
11,1481581147,1481581160,13
11,1481581147,1481581160,13
1,1481581153,1481581172,19
11,1481581160,1481581166,6
11,1481581160,1481581166,6
4,1481581160,1481581191,31
4,1481581160,1481581191,31
11,1481581166,1481581167,1
11,1481581166,1481581167,1
11,1481581167,1481581169,2
11,1481581167,1481581169,2
11,1481581169,1481581182,13
11,1481581169,1481581182,13
1,1481581176,1481581202,26
11,1481581182,1481581184,2
11,1481581182,1481581184,2
11,1481581184,1481581185,1
11,1481581184,1481581185,1
11,1481581185,1481581190,5
11,1481581185,1481581190,5
11,1481581190,1481581192,2
11,1481581190,1481581192,2
11,1481581192,1481581193,1
11,1481581192,1481581193,1
11,1481581193,1481581194,1
11,1481581193,1481581194,1
11,1481581194,1481581224,30
11,1481581194,1481581224,30
1,1481581216,1481581217,1
1,1481581223,1481581231,8
5,1481581223,1481581224,1
5,1481581223,1481581224,1
4,1481581225,1481581234,9
4,1481581225,1481581234,9
4,1481581234,1481581237,3
4,1481581234,1481581237,3
4,1481581238,1481581240,2
4,1481581238,1481581240,2
4,1481581240,1481581243,3
4,1481581240,1481581243,3
4,1481581244,1481581266,22
4,1481581244,1481581266,22
10,1481581244,1481581263,19
1,1481581260,1481581263,3
4,1481581266,1481581269,3
4,1481581266,1481581269,3
10,1481581267,1481581269,2
4,1481581269,1481581273,4
4,1481581269,1481581273,4
10,1481581271,1481581273,2
4,1481581273,1481581314,41
4,1481581273,1481581314,41
10,1481581273,1481581312,39
1,1481581311,1481581314,3
4,1481581314,1481581316,2
4,1481581314,1481581316,2
4,1481581316,1481581329,13
4,1481581316,1481581329,13
1,1481581319,1481581321,2
4,1481581329,1481581332,3
4,1481581329,1481581332,3
4,1481581332,1481581334,2
4,1481581332,1481581334,2
10,1481581333,1481581334,1
4,1481581334,1481581337,3
4,1481581334,1481581337,3
4,1481581338,1481581341,3
4,1481581338,1481581341,3
4,1481581341,1481581350,9
4,1481581341,1481581350,9
4,1481581350,1481581352,2
4,1481581350,1481581352,2
4,1481581352,1481581354,2
4,1481581352,1481581354,2
4,1481581354,1481581356,2
4,1481581354,1481581356,2
4,1481581357,1481581359,2
4,1481581357,1481581359,2
4,1481581359,1481581363,4
4,1481581359,1481581363,4
10,1481581361,1481581362,1
4,1481581363,1481581373,10
4,1481581363,1481581373,10
10,1481581363,1481581364,1
10,1481581364,1481581367,3
1,1481581371,1481581372,1
4,1481581373,1481581376,3
4,1481581373,1481581376,3
10,1481581374,1481581376,2
4,1481581376,1481581378,2
4,1481581376,1481581378,2
4,1481581379,1481581382,3
4,1481581379,1481581382,3
4,1481581382,1481581385,3
4,1481581382,1481581385,3
4,1481581385,1481581686,301
4,1481581385,1481581686,301
1,1481581409,1481581418,9
1,1481581485,1481581498,13
1,1481581518,1481581527,9
1,1481581567,1481581570,3
1,1481581581,1481581583,2
1,1481581681,1481581689,8
5,1481581683,1481581687,4
5,1481581683,1481581687,4
11,1481581687,1481581696,9
11,1481581687,1481581696,9
4,1481581690,1481581692,2
4,1481581690,1481581696,6
11,1481581696,1481581711,15
11,1481581696,1481581711,15
4,1481581696,1481581707,11
1,1481581696,1481581706,10
4,1481581696,1481581707,11
1,1481581710,1481581741,31
11,1481581711,1481581716,5
11,1481581711,1481581716,5
11,1481581716,1481581721,5
11,1481581716,1481581721,5
4,1481581716,1481581721,5
4,1481581716,1481581722,6
11,1481581721,1481581725,4
11,1481581721,1481581725,4
11,1481581726,1481581734,8
11,1481581726,1481581734,8
4,1481581726,1481581739,13
4,1481581726,1481581739,13
11,1481581734,1481581739,5
11,1481581734,1481581739,5
11,1481581739,1481581792,53
11,1481581739,1481581792,53
4,1481581739,1481581793,54
4,1481581739,1481581793,54
1,1481581748,1481581756,8
1,1481581779,1481581793,14
5,1481581791,1481581792,1
5,1481581791,1481581792,1
4,1481581795,1481581797,2
4,1481581795,1481581797,2
4,1481581798,1481581801,3
4,1481581798,1481581801,3
4,1481581801,1481581803,2
4,1481581801,1481581803,2
4,1481581803,1481581805,2
4,1481581803,1481581805,2
4,1481581805,1481581807,2
4,1481581805,1481581807,2
4,1481581808,1481581810,2
4,1481581808,1481581810,2
4,1481581810,1481581812,2
4,1481581810,1481581812,2
4,1481581812,1481581827,15
4,1481581812,1481581827,15
1,1481581819,1481581827,8
4,1481581827,1481581830,3
4,1481581827,1481581830,3
4,1481581830,1481581857,27
4,1481581830,1481581857,27
1,1481581835,1481581838,3
1,1481581845,1481581847,2
1,1481581851,1481581867,16
4,1481581857,1481581870,13
4,1481581857,1481581870,13
1,1481581870,1481581876,6
4,1481581870,1481582192,322
1,1481581880,1481581881,1
1,1481582145,1481582151,6
1,1481582179,1481582181,2
1,1481625194,1481625208,14
1,1481625212,1481625227,15
1,1481625245,1481625252,7
1,1481625256,1481625261,5
1,1481625266,1481625288,22
1,1481625297,1481625299,2
1,1481625336,1481625339,3
1,1481625344,1481625347,3
1,1481625358,1481625375,17
1,1481625379,1481625406,27
6,1481625401,1481625402,1
1,1481625411,1481625436,25
4,1481625824,1481625873,49
1,1481625828,1481625865,37
1,1481625869,1481625871,2
4,1481625873,1481625875,2
4,1481625875,1481625878,3
4,1481625878,1481625881,3
10,1481625879,1481625881,2
4,1481625881,1481625946,65
1,1481625882,1481625888,6
1,1481625894,1481625902,8
1,1481625907,1481625934,27
1,1481625938,1481625946,8
4,1481625948,1481625952,4
4,1481625953,1481625962,9
4,1481625962,1481625965,3
4,1481625965,1481625967,2
4,1481625967,1481625970,3
10,1481625969,1481625970,1
4,1481625970,1481625972,2
4,1481625972,1481625979,7
4,1481625980,1481625982,2
4,1481625982,1481625985,3
4,1481625986,1481625989,3
4,1481625989,1481625991,2
4,1481625991,1481625993,2
4,1481625994,1481626003,9
1,1481625999,1481626013,14
4,1481626003,1481626014,11
10,1481626005,1481626006,1
4,1481626014,1481626023,9
1,1481626021,1481626022,1
4,1481626024,1481626026,2
4,1481626027,1481626030,3
4,1481626030,1481626034,4
1,1481626032,1481626033,1
4,1481626034,1481626041,7
1,1481626039,1481626040,1
4,1481626041,1481626076,35
1,1481626069,1481626076,7
4,1481626077,1481626083,6
1,1481626079,1481626091,12
4,1481626083,1481626091,8
4,1481626092,1481626094,2
1,1481626095,1481626097,2
1,1481626118,1481626139,21
4,1481626132,1481626140,8
4,1481626141,1481626143,2
4,1481626143,1481626145,2
4,1481626145,1481626148,3
4,1481626149,1481626151,2
4,1481626151,1481626154,3
4,1481626154,1481626156,2
4,1481626156,1481626160,4
4,1481626160,1481626164,4
4,1481626164,1481626166,2
4,1481626166,1481626169,3
4,1481626169,1481626174,5
1,1481626171,1481626173,2
4,1481626174,1481626178,4
4,1481626178,1481626180,2
4,1481626180,1481626182,2
4,1481626182,1481626185,3
4,1481626185,1481626187,2
4,1481626187,1481626189,2
4,1481626189,1481626191,2
4,1481626192,1481626197,5
1,1481626195,1481626196,1
4,1481626197,1481626199,2
4,1481626200,1481626202,2
4,1481626202,1481626206,4
4,1481626206,1481626209,3
4,1481626210,1481626212,2
4,1481626216,1481626218,2
4,1481626218,1481626220,2
4,1481626220,1481626227,7
1,1481626223,1481626226,3
4,1481626227,1481626235,8
1,1481626230,1481626241,11
4,1481626237,1481626239,2
4,1481626239,1481626242,3
4,1481626242,1481626245,3
4,1481626245,1481626248,3
1,1481626246,1481626247,1
4,1481626248,1481626251,3
4,1481626251,1481626257,6
1,1481626254,1481626256,2
4,1481626257,1481626259,2
4,1481626259,1481626262,3
4,1481626262,1481626266,4
1,1481626263,1481626266,3
4,1481626267,1481626269,2
4,1481626269,1481626271,2
4,1481626279,1481626281,2
4,1481626281,1481626283,2
4,1481626283,1481626286,3
4,1481626286,1481626288,2
4,1481626290,1481626292,2
4,1481626292,1481626294,2
4,1481626295,1481626311,16
1,1481626308,1481626310,2
4,1481626311,1481626313,2
4,1481626313,1481626316,3
4,1481626316,1481626318,2
4,1481626318,1481626320,2
4,1481626320,1481626322,2
4,1481626322,1481626326,4
4,1481626329,1481626335,6
1,1481626329,1481626334,5
4,1481626335,1481626338,3
1,1481626337,1481626338,1
1,1481626343,1481626344,1
4,1481626345,1481626421,76
1,1481626367,1481626369,2
1,1481626374,1481626402,28
1,1481626419,1481626420,1
4,1481626421,1481626424,3
4,1481626424,1481626427,3
4,1481626428,1481626431,3
4,1481626431,1481626433,2
4,1481626433,1481626435,2
4,1481626435,1481626438,3
4,1481626438,1481626442,4
1,1481626440,1481626449,9
4,1481626442,1481626445,3
4,1481626445,1481626450,5
10,1481626445,1481626447,2
4,1481626450,1481626452,2
4,1481626452,1481626463,11
10,1481626453,1481626454,1
1,1481626458,1481626477,19
4,1481626463,1481626466,3
4,1481626466,1481626470,4
10,1481626468,1481626469,1
4,1481626473,1481626478,5
4,1481626478,1481626482,4
4,1481626482,1481626487,5
4,1481626488,1481626497,9
1,1481626491,1481626500,9
4,1481626497,1481626500,3
4,1481626501,1481626505,4
10,1481626501,1481626505,4
4,1481626505,1481626511,6
1,1481626507,1481626533,26
4,1481626511,1481626516,5
4,1481626519,1481626524,5
4,1481626533,1481626535,2
4,1481626535,1481626537,2
4,1481626540,1481626542,2
4,1481626542,1481626559,17
1,1481626544,1481626564,20
4,1481626565,1481626567,2
4,1481626567,1481626611,44
1,1481626591,1481626592,1
1,1481626600,1481626601,1
1,1481626608,1481626609,1
4,1481626611,1481626614,3
4,1481626614,1481626621,7
1,1481626615,1481626620,5
4,1481626621,1481626633,12
1,1481626625,1481626637,12
4,1481626633,1481626637,4
4,1481626637,1481626648,11
1,1481626646,1481626662,16
4,1481626648,1481626658,10
4,1481626658,1481626662,4
4,1481626662,1481626666,4
4,1481626666,1481626671,5
1,1481626667,1481626673,6
4,1481626671,1481626675,4
4,1481626675,1481626681,6
1,1481626676,1481626687,11
4,1481626681,1481626685,4
10,1481626684,1481626685,1
4,1481626688,1481626692,4
10,1481626689,1481626690,1
10,1481626693,1481626696,3
4,1481626696,1481626699,3
4,1481626699,1481626712,13
1,1481626705,1481626718,13
4,1481626712,1481626714,2
4,1481626715,1481626719,4
10,1481626716,1481626717,1
4,1481626719,1481626722,3
10,1481626723,1481626730,7
1,1481626733,1481626736,3
4,1481626739,1481626742,3
4,1481626742,1481626745,3
4,1481626747,1481626767,20
1,1481626750,1481626752,2
1,1481626756,1481626759,3
4,1481626767,1481626803,36
1,1481626778,1481626781,3
1,1481626790,1481626800,10
1,1481626804,1481626808,4
4,1481626808,1481626812,4
4,1481626812,1481626815,3
1,1481626820,1481626826,6
1,1481626830,1481626840,10
4,1481626839,1481626841,2
4,1481626842,1481626849,7
1,1481626845,1481626850,5
4,1481626850,1481626870,20
1,1481626868,1481626870,2
4,1481626871,1481626873,2
4,1481626873,1481626876,3
4,1481626876,1481626880,4
1,1481626885,1481626886,1
1,1481626890,1481626901,11
4,1481626891,1481626897,6
10,1481626893,1481626894,1
4,1481626898,1481626901,3
4,1481626903,1481626912,9
1,1481626907,1481626929,22
4,1481626915,1481626925,10
4,1481626925,1481626927,2
4,1481626927,1481626967,40
1,1481626939,1481626944,5
1,1481626950,1481626963,13
1,1481626979,1481626980,1
4,1481626981,1481626987,6
10,1481626982,1481626984,2
4,1481626987,1481626991,4
1,1481626988,1481626996,8
4,1481626993,1481626998,5
4,1481626998,1481627000,2
4,1481627000,1481627002,2
4,1481627002,1481627005,3
4,1481627005,1481627019,14
1,1481627009,1481627044,35
4,1481627020,1481627024,4
4,1481627028,1481627034,6
4,1481627038,1481627045,7
4,1481627045,1481627057,12
1,1481627049,1481627057,8
4,1481627057,1481627070,13
1,1481627065,1481627078,13
4,1481627070,1481627073,3
4,1481627077,1481627080,3
4,1481627082,1481627235,153
1,1481627082,1481627093,11
14,1481627092,1481630757,3665
1,1481627133,1481627141,8
1,1481627162,1481627178,16
1,1481627231,1481627246,15
4,1481627241,1481627243,2
4,1481627243,1481627247,4
4,1481627247,1481627263,16
1,1481627257,1481627287,30
4,1481627263,1481627268,5
4,1481627271,1481627274,3
4,1481627274,1481627280,6
4,1481627284,1481627287,3
4,1481627287,1481627291,4
1,1481627291,1481627294,3
1,1481627299,1481627303,4
1,1481627307,1481627311,4
1,1481627316,1481627325,9
1,1481627332,1481627335,3
10,1481627339,1481627341,2
4,1481627341,1481627384,43
1,1481627345,1481627354,9
1,1481627374,1481627397,23
4,1481627384,1481627387,3
4,1481627390,1481627471,81
14,1481627397,1481631050,3653
1,1481627446,1481627469,23
1,1481627473,1481627475,2
4,1481627475,1481627478,3
4,1481627478,1481627480,2
4,1481627480,1481627484,4
4,1481627484,1481627486,2
4,1481627486,1481627491,5
1,1481627494,1481627498,4
4,1481627501,1481627503,2
4,1481627503,1481627510,7
1,1481627505,1481627508,3
4,1481627510,1481627513,3
4,1481627513,1481627602,89
1,1481627516,1481627521,5
1,1481627525,1481627526,1
14,1481627526,1481631156,3630
1,1481627559,1481627572,13
1,1481627588,1481627601,13
4,1481627602,1481627605,3
4,1481627605,1481627607,2
4,1481627607,1481627610,3
4,1481627610,1481627612,2
